    0.34800E+07    0.00000E+00    0.70446E-19    0.33486E-19    0.00000E+00    0.00000E+00    0.00000E+00
    0.34850E+07    0.11045E-21    0.70769E-19    0.33691E-19    0.00000E+00    0.00000E+00    0.00000E+00
    0.34900E+07    0.44101E-21    0.71396E-19    0.34184E-19    0.00000E+00    0.00000E+00    0.00000E+00
    0.34950E+07    0.99191E-21    0.72330E-19    0.34966E-19    0.00000E+00    0.00000E+00    0.00000E+00
    0.35000E+07    0.17652E-20    0.73578E-19    0.36041E-19    0.00000E+00    0.00000E+00    0.00000E+00
    0.35050E+07    0.27649E-20    0.75148E-19    0.37416E-19    0.00000E+00    0.00000E+00    0.00000E+00
    0.35100E+07    0.39968E-20    0.77051E-19    0.39100E-19    0.00000E+00    0.00000E+00    0.00000E+00
    0.35150E+07    0.54684E-20    0.79299E-19    0.41103E-19    0.00000E+00    0.00000E+00    0.00000E+00
    0.35200E+07    0.71893E-20    0.81912E-19    0.43440E-19    0.00000E+00    0.00000E+00    0.00000E+00
    0.35250E+07    0.91709E-20    0.84906E-19    0.46128E-19    0.00000E+00    0.00000E+00    0.00000E+00
    0.35300E+07    0.11427E-19    0.88305E-19    0.49186E-19    0.00000E+00    0.00000E+00    0.00000E+00
    0.35350E+07    0.13972E-19    0.92133E-19    0.52635E-19    0.00000E+00    0.00000E+00    0.00000E+00
    0.35400E+07    0.16825E-19    0.96420E-19    0.56500E-19    0.00000E+00    0.00000E+00    0.00000E+00
    0.35450E+07    0.20006E-19    0.10120E-18    0.60810E-19    0.00000E+00    0.00000E+00    0.00000E+00
    0.35500E+07    0.23536E-19    0.10650E-18    0.65596E-19    0.00000E+00    0.00000E+00    0.00000E+00
    0.35550E+07    0.27441E-19    0.11237E-18    0.70892E-19    0.00000E+00    0.00000E+00    0.00000E+00
    0.35600E+07    0.31748E-19    0.11884E-18    0.76737E-19    0.00000E+00    0.00000E+00    0.00000E+00
    0.35650E+07    0.36487E-19    0.12598E-18    0.83173E-19    0.00000E+00    0.00000E+00    0.00000E+00
    0.35700E+07    0.41692E-19    0.13382E-18    0.90246E-19    0.00000E+00    0.00000E+00    0.00000E+00
    0.35750E+07    0.47400E-19    0.14243E-18    0.98008E-19    0.00000E+00    0.00000E+00    0.00000E+00
    0.35800E+07    0.53651E-19    0.15188E-18    0.10651E-18    0.00000E+00    0.00000E+00    0.00000E+00
    0.35850E+07    0.60489E-19    0.16222E-18    0.11583E-18    0.00000E+00    0.00000E+00    0.00000E+00
    0.35900E+07    0.67962E-19    0.17353E-18    0.12601E-18    0.00000E+00    0.00000E+00    0.00000E+00
    0.35950E+07    0.76121E-19    0.18591E-18    0.13714E-18    0.00000E+00    0.00000E+00    0.00000E+00
    0.36000E+07    0.85025E-19    0.19943E-18    0.14929E-18    0.00000E+00    0.00000E+00    0.00000E+00
    0.36050E+07    0.94735E-19    0.21420E-18    0.16255E-18    0.00000E+00    0.00000E+00    0.00000E+00
    0.36100E+07    0.10532E-18    0.23031E-18    0.17702E-18    0.00000E+00    0.00000E+00    0.00000E+00
    0.36150E+07    0.11685E-18    0.24790E-18    0.19279E-18    0.00000E+00    0.00000E+00    0.00000E+00
    0.36200E+07    0.12940E-18    0.26707E-18    0.20997E-18    0.00000E+00    0.00000E+00    0.00000E+00
    0.36250E+07    0.14307E-18    0.28798E-18    0.22869E-18    0.00000E+00    0.00000E+00    0.00000E+00
    0.36300E+07    0.15794E-18    0.31076E-18    0.24907E-18    0.00000E+00    0.00000E+00    0.00000E+00
    0.36300E+07    0.15795E-18    0.31076E-18    0.24907E-18    0.00000E+00    0.00000E+00    0.00000E+00
    0.36350E+07    0.17429E-18    0.33547E-18    0.27119E-18    0.00000E+00    0.00000E+00    0.00000E+00
    0.36400E+07    0.19206E-18    0.36240E-18    0.29526E-18    0.00000E+00    0.00000E+00    0.00000E+00
    0.36450E+07    0.21139E-18    0.39173E-18    0.32144E-18    0.00000E+00    0.00000E+00    0.00000E+00
    0.36500E+07    0.23240E-18    0.42367E-18    0.34990E-18    0.00000E+00    0.00000E+00    0.00000E+00
    0.36550E+07    0.25523E-18    0.45843E-18    0.38085E-18    0.00000E+00    0.00000E+00    0.00000E+00
    0.36600E+07    0.28004E-18    0.49626E-18    0.41449E-18    0.00000E+00    0.00000E+00    0.00000E+00
    0.36650E+07    0.30700E-18    0.53743E-18    0.45103E-18    0.00000E+00    0.00000E+00    0.00000E+00
    0.36700E+07    0.33627E-18    0.58221E-18    0.49074E-18    0.00000E+00    0.00000E+00    0.00000E+00
    0.36750E+07    0.36806E-18    0.63091E-18    0.53386E-18    0.00000E+00    0.00000E+00    0.00000E+00
    0.36800E+07    0.40257E-18    0.68387E-18    0.58068E-18    0.00000E+00    0.00000E+00    0.00000E+00
    0.36850E+07    0.44003E-18    0.74143E-18    0.63151E-18    0.00000E+00    0.00000E+00    0.00000E+00
    0.36900E+07    0.48068E-18    0.80401E-18    0.68669E-18    0.00000E+00    0.00000E+00    0.00000E+00
    0.36950E+07    0.52479E-18    0.87201E-18    0.74657E-18    0.00000E+00    0.00000E+00    0.00000E+00
    0.37000E+07    0.57264E-18    0.94588E-18    0.81154E-18    0.00000E+00    0.00000E+00    0.00000E+00
    0.37050E+07    0.62453E-18    0.10261E-17    0.88201E-18    0.00000E+00    0.00000E+00    0.00000E+00
    0.37100E+07    0.68081E-18    0.11133E-17    0.95845E-18    0.00000E+00    0.00000E+00    0.00000E+00
    0.37150E+07    0.74182E-18    0.12080E-17    0.10413E-17    0.00000E+00    0.00000E+00    0.00000E+00
    0.37200E+07    0.80796E-18    0.13107E-17    0.11312E-17    0.00000E+00    0.00000E+00    0.00000E+00
    0.37250E+07    0.87964E-18    0.14223E-17    0.12286E-17    0.00000E+00    0.00000E+00    0.00000E+00
    0.37300E+07    0.95731E-18    0.15433E-17    0.13342E-17    0.00000E+00    0.00000E+00    0.00000E+00
    0.37350E+07    0.10415E-17    0.16747E-17    0.14486E-17    0.00000E+00    0.00000E+00    0.00000E+00
    0.37400E+07    0.11326E-17    0.18172E-17    0.15725E-17    0.00000E+00    0.00000E+00    0.00000E+00
    0.37450E+07    0.12313E-17    0.19719E-17    0.17068E-17    0.00000E+00    0.00000E+00    0.00000E+00
    0.37500E+07    0.13383E-17    0.21395E-17    0.18522E-17    0.00000E+00    0.00000E+00    0.00000E+00
    0.37550E+07    0.14540E-17    0.23214E-17    0.20096E-17    0.00000E+00    0.00000E+00    0.00000E+00
    0.37600E+07    0.15793E-17    0.25185E-17    0.21800E-17    0.00000E+00    0.00000E+00    0.00000E+00
    0.37650E+07    0.17149E-17    0.27322E-17    0.23645E-17    0.00000E+00    0.00000E+00    0.00000E+00
    0.37700E+07    0.18616E-17    0.29638E-17    0.25641E-17    0.00000E+00    0.00000E+00    0.00000E+00
    0.37750E+07    0.20203E-17    0.32148E-17    0.27802E-17    0.00000E+00    0.00000E+00    0.00000E+00
    0.37800E+07    0.21921E-17    0.34867E-17    0.30139E-17    0.00000E+00    0.00000E+00    0.00000E+00
    0.37850E+07    0.23778E-17    0.37812E-17    0.32667E-17    0.00000E+00    0.00000E+00    0.00000E+00
    0.37900E+07    0.25786E-17    0.41002E-17    0.35401E-17    0.00000E+00    0.00000E+00    0.00000E+00
    0.37950E+07    0.27957E-17    0.44457E-17    0.38357E-17    0.00000E+00    0.00000E+00    0.00000E+00
    0.38000E+07    0.30304E-17    0.48197E-17    0.41553E-17    0.00000E+00    0.00000E+00    0.00000E+00
    0.38050E+07    0.32840E-17    0.52246E-17    0.45007E-17    0.00000E+00    0.00000E+00    0.00000E+00
    0.38100E+07    0.35581E-17    0.56628E-17    0.48741E-17    0.00000E+00    0.00000E+00    0.00000E+00
    0.38150E+07    0.38543E-17    0.61371E-17    0.52774E-17    0.00000E+00    0.00000E+00    0.00000E+00
    0.38200E+07    0.41742E-17    0.66502E-17    0.57132E-17    0.00000E+00    0.00000E+00    0.00000E+00
    0.38250E+07    0.45196E-17    0.72053E-17    0.61840E-17    0.00000E+00    0.00000E+00    0.00000E+00
    0.38300E+07    0.48927E-17    0.78057E-17    0.66924E-17    0.00000E+00    0.00000E+00    0.00000E+00
    0.38350E+07    0.52955E-17    0.84549E-17    0.72413E-17    0.00000E+00    0.00000E+00    0.00000E+00
    0.38400E+07    0.57303E-17    0.91570E-17    0.78339E-17    0.00000E+00    0.00000E+00    0.00000E+00
    0.38450E+07    0.61996E-17    0.99159E-17    0.84736E-17    0.00000E+00    0.00000E+00    0.00000E+00
    0.38500E+07    0.67060E-17    0.10736E-16    0.91640E-17    0.00000E+00    0.00000E+00    0.00000E+00
    0.38550E+07    0.72524E-17    0.11623E-16    0.99089E-17    0.00000E+00    0.00000E+00    0.00000E+00
    0.38600E+07    0.78418E-17    0.12581E-16    0.10713E-16    0.00000E+00    0.00000E+00    0.00000E+00
    0.38650E+07    0.84774E-17    0.13616E-16    0.11580E-16    0.00000E+00    0.00000E+00    0.00000E+00
    0.38700E+07    0.91630E-17    0.14734E-16    0.12514E-16    0.00000E+00    0.00000E+00    0.00000E+00
    0.38750E+07    0.99021E-17    0.15941E-16    0.13523E-16    0.00000E+00    0.00000E+00    0.00000E+00
    0.38800E+07    0.10699E-16    0.17245E-16    0.14610E-16    0.00000E+00    0.00000E+00    0.00000E+00
    0.38850E+07    0.11558E-16    0.18653E-16    0.15781E-16    0.00000E+00    0.00000E+00    0.00000E+00
    0.38900E+07    0.12483E-16    0.20172E-16    0.17044E-16    0.00000E+00    0.00000E+00    0.00000E+00
    0.38950E+07    0.13480E-16    0.21813E-16    0.18405E-16    0.00000E+00    0.00000E+00    0.00000E+00
    0.39000E+07    0.14554E-16    0.23582E-16    0.19871E-16    0.00000E+00    0.00000E+00    0.00000E+00
    0.39050E+07    0.15711E-16    0.25492E-16    0.21450E-16    0.00000E+00    0.00000E+00    0.00000E+00
    0.39100E+07    0.16957E-16    0.27552E-16    0.23151E-16    0.00000E+00    0.00000E+00    0.00000E+00
    0.39150E+07    0.18299E-16    0.29774E-16    0.24982E-16    0.00000E+00    0.00000E+00    0.00000E+00
    0.39200E+07    0.19743E-16    0.32170E-16    0.26954E-16    0.00000E+00    0.00000E+00    0.00000E+00
    0.39250E+07    0.21298E-16    0.34754E-16    0.29077E-16    0.00000E+00    0.00000E+00    0.00000E+00
    0.39300E+07    0.22971E-16    0.37539E-16    0.31361E-16    0.00000E+00    0.00000E+00    0.00000E+00
    0.39350E+07    0.24771E-16    0.40542E-16    0.33820E-16    0.00000E+00    0.00000E+00    0.00000E+00
    0.39400E+07    0.26707E-16    0.43778E-16    0.36465E-16    0.00000E+00    0.00000E+00    0.00000E+00
    0.39450E+07    0.28791E-16    0.47264E-16    0.39310E-16    0.00000E+00    0.00000E+00    0.00000E+00
    0.39500E+07    0.31031E-16    0.51021E-16    0.42371E-16    0.00000E+00    0.00000E+00    0.00000E+00
    0.39550E+07    0.33440E-16    0.55068E-16    0.45662E-16    0.00000E+00    0.00000E+00    0.00000E+00
    0.39600E+07    0.36030E-16    0.59426E-16    0.49201E-16    0.00000E+00    0.00000E+00    0.00000E+00
    0.39650E+07    0.38814E-16    0.64119E-16    0.53005E-16    0.00000E+00    0.00000E+00    0.00000E+00
    0.39700E+07    0.41805E-16    0.69173E-16    0.57094E-16    0.00000E+00    0.00000E+00    0.00000E+00
    0.39750E+07    0.45020E-16    0.74613E-16    0.61489E-16    0.00000E+00    0.00000E+00    0.00000E+00
    0.39800E+07    0.48475E-16    0.80468E-16    0.66210E-16    0.00000E+00    0.00000E+00    0.00000E+00
    0.39850E+07    0.52185E-16    0.86769E-16    0.71283E-16    0.00000E+00    0.00000E+00    0.00000E+00
    0.39900E+07    0.56170E-16    0.93549E-16    0.76731E-16    0.00000E+00    0.00000E+00    0.00000E+00
    0.39950E+07    0.60450E-16    0.10084E-15    0.82582E-16    0.00000E+00    0.00000E+00    0.00000E+00
    0.40000E+07    0.65044E-16    0.10869E-15    0.88865E-16    0.00000E+00    0.00000E+00    0.00000E+00
    0.40050E+07    0.69977E-16    0.11713E-15    0.95611E-16    0.00000E+00    0.00000E+00    0.00000E+00
    0.40100E+07    0.75271E-16    0.12620E-15    0.10285E-15    0.00000E+00    0.00000E+00    0.00000E+00
    0.40150E+07    0.80952E-16    0.13596E-15    0.11062E-15    0.00000E+00    0.00000E+00    0.00000E+00
    0.40200E+07    0.87047E-16    0.14645E-15    0.11896E-15    0.00000E+00    0.00000E+00    0.00000E+00
    0.40250E+07    0.93586E-16    0.15772E-15    0.12791E-15    0.00000E+00    0.00000E+00    0.00000E+00
    0.40300E+07    0.10060E-15    0.16983E-15    0.13750E-15    0.00000E+00    0.00000E+00    0.00000E+00
    0.40350E+07    0.10812E-15    0.18285E-15    0.14780E-15    0.00000E+00    0.00000E+00    0.00000E+00
    0.40400E+07    0.11619E-15    0.19683E-15    0.15883E-15    0.00000E+00    0.00000E+00    0.00000E+00
    0.40450E+07    0.12483E-15    0.21185E-15    0.17067E-15    0.00000E+00    0.00000E+00    0.00000E+00
    0.40500E+07    0.13410E-15    0.22798E-15    0.18335E-15    0.00000E+00    0.00000E+00    0.00000E+00
    0.40550E+07    0.14404E-15    0.24530E-15    0.19695E-15    0.00000E+00    0.00000E+00    0.00000E+00
    0.40600E+07    0.15468E-15    0.26390E-15    0.21152E-15    0.00000E+00    0.00000E+00    0.00000E+00
    0.40650E+07    0.16608E-15    0.28386E-15    0.22713E-15    0.00000E+00    0.00000E+00    0.00000E+00
    0.40700E+07    0.17830E-15    0.30528E-15    0.24385E-15    0.00000E+00    0.00000E+00    0.00000E+00
    0.40750E+07    0.19138E-15    0.32827E-15    0.26177E-15    0.00000E+00    0.00000E+00    0.00000E+00
    0.40800E+07    0.20539E-15    0.35294E-15    0.28095E-15    0.00000E+00    0.00000E+00    0.00000E+00
    0.40850E+07    0.22038E-15    0.37941E-15    0.30149E-15    0.00000E+00    0.00000E+00    0.00000E+00
    0.40900E+07    0.23644E-15    0.40779E-15    0.32348E-15    0.00000E+00    0.00000E+00    0.00000E+00
    0.40950E+07    0.25362E-15    0.43823E-15    0.34702E-15    0.00000E+00    0.00000E+00    0.00000E+00
    0.41000E+07    0.27201E-15    0.47088E-15    0.37221E-15    0.00000E+00    0.00000E+00    0.00000E+00
    0.41050E+07    0.29169E-15    0.50587E-15    0.39916E-15    0.00000E+00    0.00000E+00    0.00000E+00
    0.41100E+07    0.31274E-15    0.54339E-15    0.42800E-15    0.00000E+00    0.00000E+00    0.00000E+00
    0.41150E+07    0.33525E-15    0.58360E-15    0.45885E-15    0.00000E+00    0.00000E+00    0.00000E+00
    0.41200E+07    0.35933E-15    0.62668E-15    0.49184E-15    0.00000E+00    0.00000E+00    0.00000E+00
    0.41250E+07    0.38507E-15    0.67285E-15    0.52712E-15    0.00000E+00    0.00000E+00    0.00000E+00
    0.41300E+07    0.41259E-15    0.72231E-15    0.56484E-15    0.00000E+00    0.00000E+00    0.00000E+00
    0.41350E+07    0.44201E-15    0.77528E-15    0.60517E-15    0.00000E+00    0.00000E+00    0.00000E+00
    0.41400E+07    0.47345E-15    0.83202E-15    0.64826E-15    0.00000E+00    0.00000E+00    0.00000E+00
    0.41450E+07    0.50705E-15    0.89277E-15    0.69432E-15    0.00000E+00    0.00000E+00    0.00000E+00
    0.41500E+07    0.54294E-15    0.95781E-15    0.74353E-15    0.00000E+00    0.00000E+00    0.00000E+00
    0.41550E+07    0.58128E-15    0.10274E-14    0.79610E-15    0.00000E+00    0.00000E+00    0.00000E+00
    0.41600E+07    0.62223E-15    0.11019E-14    0.85225E-15    0.00000E+00    0.00000E+00    0.00000E+00
    0.41650E+07    0.66596E-15    0.11817E-14    0.91221E-15    0.00000E+00    0.00000E+00    0.00000E+00
    0.41700E+07    0.71265E-15    0.12670E-14    0.97624E-15    0.00000E+00    0.00000E+00    0.00000E+00
    0.41750E+07    0.76250E-15    0.13583E-14    0.10446E-14    0.00000E+00    0.00000E+00    0.00000E+00
    0.41800E+07    0.81569E-15    0.14559E-14    0.11176E-14    0.00000E+00    0.00000E+00    0.00000E+00
    0.41850E+07    0.87246E-15    0.15603E-14    0.11954E-14    0.00000E+00    0.00000E+00    0.00000E+00
    0.41900E+07    0.93303E-15    0.16720E-14    0.12785E-14    0.00000E+00    0.00000E+00    0.00000E+00
    0.41950E+07    0.99765E-15    0.17914E-14    0.13672E-14    0.00000E+00    0.00000E+00    0.00000E+00
    0.42000E+07    0.10666E-14    0.19190E-14    0.14617E-14    0.00000E+00    0.00000E+00    0.00000E+00
    0.42050E+07    0.11401E-14    0.20554E-14    0.15626E-14    0.00000E+00    0.00000E+00    0.00000E+00
    0.42100E+07    0.12185E-14    0.22011E-14    0.16701E-14    0.00000E+00    0.00000E+00    0.00000E+00
    0.42150E+07    0.13020E-14    0.23569E-14    0.17848E-14    0.00000E+00    0.00000E+00    0.00000E+00
    0.42200E+07    0.13911E-14    0.25233E-14    0.19070E-14    0.00000E+00    0.00000E+00    0.00000E+00
    0.42250E+07    0.14860E-14    0.27010E-14    0.20373E-14    0.00000E+00    0.00000E+00    0.00000E+00
    0.42300E+07    0.15872E-14    0.28908E-14    0.21762E-14    0.00000E+00    0.00000E+00    0.00000E+00
    0.42350E+07    0.16950E-14    0.30935E-14    0.23241E-14    0.00000E+00    0.00000E+00    0.00000E+00
    0.42400E+07    0.18098E-14    0.33099E-14    0.24817E-14    0.00000E+00    0.00000E+00    0.00000E+00
    0.42450E+07    0.19321E-14    0.35409E-14    0.26496E-14    0.00000E+00    0.00000E+00    0.00000E+00
    0.42500E+07    0.20623E-14    0.37875E-14    0.28284E-14    0.00000E+00    0.00000E+00    0.00000E+00
    0.42550E+07    0.22010E-14    0.40506E-14    0.30187E-14    0.00000E+00    0.00000E+00    0.00000E+00
    0.42600E+07    0.23486E-14    0.43314E-14    0.32214E-14    0.00000E+00    0.00000E+00    0.00000E+00
    0.42650E+07    0.25057E-14    0.46310E-14    0.34371E-14    0.00000E+00    0.00000E+00    0.00000E+00
    0.42700E+07    0.26729E-14    0.49505E-14    0.36667E-14    0.00000E+00    0.00000E+00    0.00000E+00
    0.42750E+07    0.28508E-14    0.52913E-14    0.39110E-14    0.00000E+00    0.00000E+00    0.00000E+00
    0.42800E+07    0.30401E-14    0.56547E-14    0.41709E-14    0.00000E+00    0.00000E+00    0.00000E+00
    0.42850E+07    0.32415E-14    0.60423E-14    0.44474E-14    0.00000E+00    0.00000E+00    0.00000E+00
    0.42900E+07    0.34556E-14    0.64553E-14    0.47415E-14    0.00000E+00    0.00000E+00    0.00000E+00
    0.42950E+07    0.36833E-14    0.68957E-14    0.50543E-14    0.00000E+00    0.00000E+00    0.00000E+00
    0.43000E+07    0.39254E-14    0.73649E-14    0.53868E-14    0.00000E+00    0.00000E+00    0.00000E+00
    0.43050E+07    0.41827E-14    0.78650E-14    0.57403E-14    0.00000E+00    0.00000E+00    0.00000E+00
    0.43100E+07    0.44563E-14    0.83977E-14    0.61160E-14    0.00000E+00    0.00000E+00    0.00000E+00
    0.43150E+07    0.47469E-14    0.89653E-14    0.65153E-14    0.00000E+00    0.00000E+00    0.00000E+00
    0.43200E+07    0.50558E-14    0.95697E-14    0.69395E-14    0.00000E+00    0.00000E+00    0.00000E+00
    0.43250E+07    0.53838E-14    0.10213E-13    0.73902E-14    0.00000E+00    0.00000E+00    0.00000E+00
    0.43300E+07    0.57323E-14    0.10899E-13    0.78690E-14    0.00000E+00    0.00000E+00    0.00000E+00
    0.43350E+07    0.61024E-14    0.11629E-13    0.83774E-14    0.00000E+00    0.00000E+00    0.00000E+00
    0.43400E+07    0.64953E-14    0.12405E-13    0.89173E-14    0.00000E+00    0.00000E+00    0.00000E+00
    0.43450E+07    0.69125E-14    0.13232E-13    0.94905E-14    0.00000E+00    0.00000E+00    0.00000E+00
    0.43500E+07    0.73553E-14    0.14112E-13    0.10099E-13    0.00000E+00    0.00000E+00    0.00000E+00
    0.43550E+07    0.78252E-14    0.15048E-13    0.10745E-13    0.00000E+00    0.00000E+00    0.00000E+00
    0.43600E+07    0.83239E-14    0.16043E-13    0.11430E-13    0.00000E+00    0.00000E+00    0.00000E+00
    0.43650E+07    0.88530E-14    0.17103E-13    0.12157E-13    0.00000E+00    0.00000E+00    0.00000E+00
    0.43700E+07    0.94142E-14    0.18229E-13    0.12928E-13    0.00000E+00    0.00000E+00    0.00000E+00
    0.43750E+07    0.10009E-13    0.19427E-13    0.13746E-13    0.00000E+00    0.00000E+00    0.00000E+00
    0.43800E+07    0.10641E-13    0.20700E-13    0.14614E-13    0.00000E+00    0.00000E+00    0.00000E+00
    0.43850E+07    0.11310E-13    0.22054E-13    0.15533E-13    0.00000E+00    0.00000E+00    0.00000E+00
    0.43900E+07    0.12019E-13    0.23492E-13    0.16509E-13    0.00000E+00    0.00000E+00    0.00000E+00
    0.43950E+07    0.12771E-13    0.25021E-13    0.17542E-13    0.00000E+00    0.00000E+00    0.00000E+00
    0.44000E+07    0.13568E-13    0.26646E-13    0.18637E-13    0.00000E+00    0.00000E+00    0.00000E+00
    0.44050E+07    0.14413E-13    0.28372E-13    0.19798E-13    0.00000E+00    0.00000E+00    0.00000E+00
    0.44100E+07    0.15307E-13    0.30205E-13    0.21027E-13    0.00000E+00    0.00000E+00    0.00000E+00
    0.44150E+07    0.16255E-13    0.32152E-13    0.22330E-13    0.00000E+00    0.00000E+00    0.00000E+00
    0.44200E+07    0.17258E-13    0.34220E-13    0.23709E-13    0.00000E+00    0.00000E+00    0.00000E+00
    0.44250E+07    0.18321E-13    0.36415E-13    0.25169E-13    0.00000E+00    0.00000E+00    0.00000E+00
    0.44300E+07    0.19446E-13    0.38746E-13    0.26716E-13    0.00000E+00    0.00000E+00    0.00000E+00
    0.44350E+07    0.20637E-13    0.41219E-13    0.28352E-13    0.00000E+00    0.00000E+00    0.00000E+00
    0.44400E+07    0.21897E-13    0.43844E-13    0.30085E-13    0.00000E+00    0.00000E+00    0.00000E+00
    0.44450E+07    0.23230E-13    0.46630E-13    0.31918E-13    0.00000E+00    0.00000E+00    0.00000E+00
    0.44500E+07    0.24641E-13    0.49586E-13    0.33857E-13    0.00000E+00    0.00000E+00    0.00000E+00
    0.44550E+07    0.26134E-13    0.52721E-13    0.35909E-13    0.00000E+00    0.00000E+00    0.00000E+00
    0.44600E+07    0.27713E-13    0.56046E-13    0.38079E-13    0.00000E+00    0.00000E+00    0.00000E+00
    0.44650E+07    0.29382E-13    0.59572E-13    0.40374E-13    0.00000E+00    0.00000E+00    0.00000E+00
    0.44700E+07    0.31147E-13    0.63312E-13    0.42800E-13    0.00000E+00    0.00000E+00    0.00000E+00
    0.44750E+07    0.33013E-13    0.67276E-13    0.45365E-13    0.00000E+00    0.00000E+00    0.00000E+00
    0.44800E+07    0.34986E-13    0.71477E-13    0.48076E-13    0.00000E+00    0.00000E+00    0.00000E+00
    0.44850E+07    0.37071E-13    0.75931E-13    0.50941E-13    0.00000E+00    0.00000E+00    0.00000E+00
    0.44900E+07    0.39273E-13    0.80650E-13    0.53968E-13    0.00000E+00    0.00000E+00    0.00000E+00
    0.44950E+07    0.41600E-13    0.85650E-13    0.57166E-13    0.00000E+00    0.00000E+00    0.00000E+00
    0.45000E+07    0.44057E-13    0.90947E-13    0.60544E-13    0.00000E+00    0.00000E+00    0.00000E+00
    0.45050E+07    0.46653E-13    0.96558E-13    0.64112E-13    0.00000E+00    0.00000E+00    0.00000E+00
    0.45100E+07    0.49394E-13    0.10250E-12    0.67878E-13    0.00000E+00    0.00000E+00    0.00000E+00
    0.45150E+07    0.52288E-13    0.10879E-12    0.71855E-13    0.00000E+00    0.00000E+00    0.00000E+00
    0.45200E+07    0.55342E-13    0.11545E-12    0.76053E-13    0.00000E+00    0.00000E+00    0.00000E+00
    0.45250E+07    0.58566E-13    0.12251E-12    0.80483E-13    0.00000E+00    0.00000E+00    0.00000E+00
    0.45300E+07    0.61968E-13    0.12997E-12    0.85158E-13    0.00000E+00    0.00000E+00    0.00000E+00
    0.45350E+07    0.65557E-13    0.13787E-12    0.90090E-13    0.00000E+00    0.00000E+00    0.00000E+00
    0.45400E+07    0.69344E-13    0.14623E-12    0.95293E-13    0.00000E+00    0.00000E+00    0.00000E+00
    0.45450E+07    0.73337E-13    0.15507E-12    0.10078E-12    0.00000E+00    0.00000E+00    0.00000E+00
    0.45500E+07    0.77548E-13    0.16442E-12    0.10657E-12    0.00000E+00    0.00000E+00    0.00000E+00
    0.45550E+07    0.81989E-13    0.17431E-12    0.11267E-12    0.00000E+00    0.00000E+00    0.00000E+00
    0.45600E+07    0.86669E-13    0.18477E-12    0.11910E-12    0.00000E+00    0.00000E+00    0.00000E+00
    0.45650E+07    0.91603E-13    0.19583E-12    0.12587E-12    0.00000E+00    0.00000E+00    0.00000E+00
    0.45700E+07    0.96802E-13    0.20753E-12    0.13302E-12    0.00000E+00    0.00000E+00    0.00000E+00
    0.45750E+07    0.10228E-12    0.21989E-12    0.14054E-12    0.00000E+00    0.00000E+00    0.00000E+00
    0.45800E+07    0.10805E-12    0.23295E-12    0.14847E-12    0.00000E+00    0.00000E+00    0.00000E+00
    0.45850E+07    0.11413E-12    0.24675E-12    0.15682E-12    0.00000E+00    0.00000E+00    0.00000E+00
    0.45900E+07    0.12053E-12    0.26133E-12    0.16561E-12    0.00000E+00    0.00000E+00    0.00000E+00
    0.45950E+07    0.12727E-12    0.27674E-12    0.17487E-12    0.00000E+00    0.00000E+00    0.00000E+00
    0.46000E+07    0.13437E-12    0.29301E-12    0.18461E-12    0.00000E+00    0.00000E+00    0.00000E+00
    0.46050E+07    0.14184E-12    0.31019E-12    0.19487E-12    0.00000E+00    0.00000E+00    0.00000E+00
    0.46100E+07    0.14970E-12    0.32833E-12    0.20566E-12    0.00000E+00    0.00000E+00    0.00000E+00
    0.46150E+07    0.15797E-12    0.34748E-12    0.21702E-12    0.00000E+00    0.00000E+00    0.00000E+00
    0.46200E+07    0.16667E-12    0.36770E-12    0.22896E-12    0.00000E+00    0.00000E+00    0.00000E+00
    0.46250E+07    0.17583E-12    0.38904E-12    0.24153E-12    0.00000E+00    0.00000E+00    0.00000E+00
    0.46300E+07    0.18546E-12    0.41156E-12    0.25474E-12    0.00000E+00    0.00000E+00    0.00000E+00
    0.46350E+07    0.19558E-12    0.43532E-12    0.26863E-12    0.00000E+00    0.00000E+00    0.00000E+00
    0.46400E+07    0.20622E-12    0.46038E-12    0.28324E-12    0.00000E+00    0.00000E+00    0.00000E+00
    0.46450E+07    0.21741E-12    0.48682E-12    0.29859E-12    0.00000E+00    0.00000E+00    0.00000E+00
    0.46500E+07    0.22917E-12    0.51470E-12    0.31472E-12    0.00000E+00    0.00000E+00    0.00000E+00
    0.46550E+07    0.24153E-12    0.54410E-12    0.33168E-12    0.00000E+00    0.00000E+00    0.00000E+00
    0.46600E+07    0.25451E-12    0.57510E-12    0.34948E-12    0.00000E+00    0.00000E+00    0.00000E+00
    0.46650E+07    0.26815E-12    0.60777E-12    0.36819E-12    0.00000E+00    0.00000E+00    0.00000E+00
    0.46700E+07    0.28247E-12    0.64221E-12    0.38783E-12    0.00000E+00    0.00000E+00    0.00000E+00
    0.46750E+07    0.29751E-12    0.67851E-12    0.40845E-12    0.00000E+00    0.00000E+00    0.00000E+00
    0.46800E+07    0.31330E-12    0.71675E-12    0.43010E-12    0.00000E+00    0.00000E+00    0.00000E+00
    0.46850E+07    0.32987E-12    0.75704E-12    0.45282E-12    0.00000E+00    0.00000E+00    0.00000E+00
    0.46900E+07    0.34727E-12    0.79948E-12    0.47667E-12    0.00000E+00    0.00000E+00    0.00000E+00
    0.46950E+07    0.36553E-12    0.84418E-12    0.50168E-12    0.00000E+00    0.00000E+00    0.00000E+00
    0.47000E+07    0.38468E-12    0.89124E-12    0.52793E-12    0.00000E+00    0.00000E+00    0.00000E+00
    0.47050E+07    0.40477E-12    0.94080E-12    0.55546E-12    0.00000E+00    0.00000E+00    0.00000E+00
    0.47100E+07    0.42585E-12    0.99297E-12    0.58433E-12    0.00000E+00    0.00000E+00    0.00000E+00
    0.47150E+07    0.44795E-12    0.10479E-11    0.61459E-12    0.00000E+00    0.00000E+00    0.00000E+00
    0.47200E+07    0.47111E-12    0.11057E-11    0.64632E-12    0.00000E+00    0.00000E+00    0.00000E+00
    0.47250E+07    0.49540E-12    0.11665E-11    0.67958E-12    0.00000E+00    0.00000E+00    0.00000E+00
    0.47300E+07    0.52086E-12    0.12305E-11    0.71442E-12    0.00000E+00    0.00000E+00    0.00000E+00
    0.47350E+07    0.54753E-12    0.12977E-11    0.75093E-12    0.00000E+00    0.00000E+00    0.00000E+00
    0.47400E+07    0.57547E-12    0.13685E-11    0.78918E-12    0.00000E+00    0.00000E+00    0.00000E+00
    0.47450E+07    0.60475E-12    0.14430E-11    0.82923E-12    0.00000E+00    0.00000E+00    0.00000E+00
    0.47500E+07    0.63541E-12    0.15212E-11    0.87118E-12    0.00000E+00    0.00000E+00    0.00000E+00
    0.47550E+07    0.66751E-12    0.16035E-11    0.91509E-12    0.00000E+00    0.00000E+00    0.00000E+00
    0.47600E+07    0.70113E-12    0.16900E-11    0.96106E-12    0.00000E+00    0.00000E+00    0.00000E+00
    0.47650E+07    0.73632E-12    0.17809E-11    0.10092E-11    0.00000E+00    0.00000E+00    0.00000E+00
    0.47700E+07    0.77315E-12    0.18764E-11    0.10595E-11    0.00000E+00    0.00000E+00    0.00000E+00
    0.47750E+07    0.81168E-12    0.19767E-11    0.11122E-11    0.00000E+00    0.00000E+00    0.00000E+00
    0.47800E+07    0.85200E-12    0.20821E-11    0.11673E-11    0.00000E+00    0.00000E+00    0.00000E+00
    0.47850E+07    0.89417E-12    0.21929E-11    0.12249E-11    0.00000E+00    0.00000E+00    0.00000E+00
    0.47900E+07    0.93827E-12    0.23091E-11    0.12851E-11    0.00000E+00    0.00000E+00    0.00000E+00
    0.47950E+07    0.98439E-12    0.24312E-11    0.13481E-11    0.00000E+00    0.00000E+00    0.00000E+00
    0.48000E+07    0.10326E-11    0.25594E-11    0.14139E-11    0.00000E+00    0.00000E+00    0.00000E+00
    0.48050E+07    0.10830E-11    0.26939E-11    0.14827E-11    0.00000E+00    0.00000E+00    0.00000E+00
    0.48100E+07    0.11357E-11    0.28351E-11    0.15545E-11    0.00000E+00    0.00000E+00    0.00000E+00
    0.48150E+07    0.11907E-11    0.29833E-11    0.16296E-11    0.00000E+00    0.00000E+00    0.00000E+00
    0.48200E+07    0.12482E-11    0.31387E-11    0.17080E-11    0.00000E+00    0.00000E+00    0.00000E+00
    0.48250E+07    0.13083E-11    0.33018E-11    0.17898E-11    0.00000E+00    0.00000E+00    0.00000E+00
    0.48300E+07    0.13710E-11    0.34728E-11    0.18753E-11    0.00000E+00    0.00000E+00    0.00000E+00
    0.48350E+07    0.14364E-11    0.36522E-11    0.19645E-11    0.00000E+00    0.00000E+00    0.00000E+00
    0.48400E+07    0.15048E-11    0.38403E-11    0.20576E-11    0.00000E+00    0.00000E+00    0.00000E+00
    0.48450E+07    0.15761E-11    0.40374E-11    0.21548E-11    0.00000E+00    0.00000E+00    0.00000E+00
    0.48500E+07    0.16506E-11    0.42441E-11    0.22561E-11    0.00000E+00    0.00000E+00    0.00000E+00
    0.48550E+07    0.17283E-11    0.44607E-11    0.23618E-11    0.00000E+00    0.00000E+00    0.00000E+00
    0.48600E+07    0.18093E-11    0.46877E-11    0.24720E-11    0.00000E+00    0.00000E+00    0.00000E+00
    0.48650E+07    0.18938E-11    0.49255E-11    0.25870E-11    0.00000E+00    0.00000E+00    0.00000E+00
    0.48700E+07    0.19819E-11    0.51747E-11    0.27068E-11    0.00000E+00    0.00000E+00    0.00000E+00
    0.48750E+07    0.20738E-11    0.54356E-11    0.28316E-11    0.00000E+00    0.00000E+00    0.00000E+00
    0.48800E+07    0.21695E-11    0.57089E-11    0.29617E-11    0.00000E+00    0.00000E+00    0.00000E+00
    0.48850E+07    0.22693E-11    0.59950E-11    0.30972E-11    0.00000E+00    0.00000E+00    0.00000E+00
    0.48900E+07    0.23733E-11    0.62945E-11    0.32383E-11    0.00000E+00    0.00000E+00    0.00000E+00
    0.48950E+07    0.24816E-11    0.66081E-11    0.33853E-11    0.00000E+00    0.00000E+00    0.00000E+00
    0.49000E+07    0.25944E-11    0.69362E-11    0.35383E-11    0.00000E+00    0.00000E+00    0.00000E+00
    0.49050E+07    0.27119E-11    0.72796E-11    0.36976E-11    0.00000E+00    0.00000E+00    0.00000E+00
    0.49100E+07    0.28342E-11    0.76388E-11    0.38634E-11    0.00000E+00    0.00000E+00    0.00000E+00
    0.49150E+07    0.29615E-11    0.80147E-11    0.40359E-11    0.00000E+00    0.00000E+00    0.00000E+00
    0.49200E+07    0.30940E-11    0.84077E-11    0.42153E-11    0.00000E+00    0.00000E+00    0.00000E+00
    0.49250E+07    0.32319E-11    0.88188E-11    0.44019E-11    0.00000E+00    0.00000E+00    0.00000E+00
    0.49300E+07    0.33753E-11    0.92485E-11    0.45960E-11    0.00000E+00    0.00000E+00    0.00000E+00
    0.49350E+07    0.35245E-11    0.96978E-11    0.47977E-11    0.00000E+00    0.00000E+00    0.00000E+00
    0.49400E+07    0.36796E-11    0.10167E-10    0.50074E-11    0.00000E+00    0.00000E+00    0.00000E+00
    0.49450E+07    0.38409E-11    0.10658E-10    0.52253E-11    0.00000E+00    0.00000E+00    0.00000E+00
    0.49500E+07    0.40085E-11    0.11171E-10    0.54517E-11    0.00000E+00    0.00000E+00    0.00000E+00
    0.49550E+07    0.41827E-11    0.11707E-10    0.56868E-11    0.00000E+00    0.00000E+00    0.00000E+00
    0.49600E+07    0.43638E-11    0.12266E-10    0.59310E-11    0.00000E+00    0.00000E+00    0.00000E+00
    0.49650E+07    0.45518E-11    0.12851E-10    0.61846E-11    0.00000E+00    0.00000E+00    0.00000E+00
    0.49700E+07    0.47472E-11    0.13461E-10    0.64478E-11    0.00000E+00    0.00000E+00    0.00000E+00
    0.49750E+07    0.49500E-11    0.14099E-10    0.67210E-11    0.00000E+00    0.00000E+00    0.00000E+00
    0.49800E+07    0.51606E-11    0.14764E-10    0.70045E-11    0.00000E+00    0.00000E+00    0.00000E+00
    0.49850E+07    0.53791E-11    0.15458E-10    0.72985E-11    0.00000E+00    0.00000E+00    0.00000E+00
    0.49900E+07    0.56060E-11    0.16183E-10    0.76035E-11    0.00000E+00    0.00000E+00    0.00000E+00
    0.49950E+07    0.58413E-11    0.16939E-10    0.79197E-11    0.00000E+00    0.00000E+00    0.00000E+00
    0.50000E+07    0.60854E-11    0.17727E-10    0.82476E-11    0.00000E+00    0.00000E+00    0.00000E+00
    0.50050E+07    0.63387E-11    0.18550E-10    0.85873E-11    0.00000E+00    0.00000E+00    0.00000E+00
    0.50100E+07    0.66012E-11    0.19408E-10    0.89394E-11    0.00000E+00    0.00000E+00    0.00000E+00
    0.50150E+07    0.68733E-11    0.20302E-10    0.93041E-11    0.00000E+00    0.00000E+00    0.00000E+00
    0.50200E+07    0.71554E-11    0.21235E-10    0.96819E-11    0.00000E+00    0.00000E+00    0.00000E+00
    0.50250E+07    0.74476E-11    0.22207E-10    0.10073E-10    0.00000E+00    0.00000E+00    0.00000E+00
    0.50300E+07    0.77504E-11    0.23220E-10    0.10478E-10    0.00000E+00    0.00000E+00    0.00000E+00
    0.50350E+07    0.80640E-11    0.24276E-10    0.10897E-10    0.00000E+00    0.00000E+00    0.00000E+00
    0.50400E+07    0.83888E-11    0.25376E-10    0.11331E-10    0.00000E+00    0.00000E+00    0.00000E+00
    0.50450E+07    0.87251E-11    0.26521E-10    0.11780E-10    0.00000E+00    0.00000E+00    0.00000E+00
    0.50500E+07    0.90731E-11    0.27714E-10    0.12244E-10    0.00000E+00    0.00000E+00    0.00000E+00
    0.50550E+07    0.94332E-11    0.28957E-10    0.12723E-10    0.00000E+00    0.00000E+00    0.00000E+00
    0.50600E+07    0.98058E-11    0.30250E-10    0.13219E-10    0.00000E+00    0.00000E+00    0.00000E+00
    0.50650E+07    0.10191E-10    0.31597E-10    0.13732E-10    0.00000E+00    0.00000E+00    0.00000E+00
    0.50700E+07    0.10590E-10    0.32999E-10    0.14262E-10    0.00000E+00    0.00000E+00    0.00000E+00
    0.50750E+07    0.11002E-10    0.34457E-10    0.14809E-10    0.00000E+00    0.00000E+00    0.00000E+00
    0.50800E+07    0.11428E-10    0.35974E-10    0.15374E-10    0.00000E+00    0.00000E+00    0.00000E+00
    0.50850E+07    0.11868E-10    0.37553E-10    0.15957E-10    0.00000E+00    0.00000E+00    0.00000E+00
    0.50900E+07    0.12323E-10    0.39195E-10    0.16559E-10    0.00000E+00    0.00000E+00    0.00000E+00
    0.50950E+07    0.12793E-10    0.40902E-10    0.17181E-10    0.00000E+00    0.00000E+00    0.00000E+00
    0.51000E+07    0.13278E-10    0.42677E-10    0.17822E-10    0.00000E+00    0.00000E+00    0.00000E+00
    0.51050E+07    0.13778E-10    0.44522E-10    0.18483E-10    0.00000E+00    0.00000E+00    0.00000E+00
    0.51100E+07    0.14295E-10    0.46440E-10    0.19165E-10    0.00000E+00    0.00000E+00    0.00000E+00
    0.51150E+07    0.14829E-10    0.48433E-10    0.19867E-10    0.00000E+00    0.00000E+00    0.00000E+00
    0.51200E+07    0.15379E-10    0.50504E-10    0.20591E-10    0.00000E+00    0.00000E+00    0.00000E+00
    0.51250E+07    0.15947E-10    0.52655E-10    0.21337E-10    0.00000E+00    0.00000E+00    0.00000E+00
    0.51300E+07    0.16532E-10    0.54889E-10    0.22106E-10    0.00000E+00    0.00000E+00    0.00000E+00
    0.51350E+07    0.17136E-10    0.57210E-10    0.22897E-10    0.00000E+00    0.00000E+00    0.00000E+00
    0.51400E+07    0.17758E-10    0.59619E-10    0.23712E-10    0.00000E+00    0.00000E+00    0.00000E+00
    0.51450E+07    0.18398E-10    0.62120E-10    0.24550E-10    0.00000E+00    0.00000E+00    0.00000E+00
    0.51500E+07    0.19059E-10    0.64715E-10    0.25412E-10    0.00000E+00    0.00000E+00    0.00000E+00
    0.51550E+07    0.19738E-10    0.67409E-10    0.26299E-10    0.00000E+00    0.00000E+00    0.00000E+00
    0.51600E+07    0.20438E-10    0.70203E-10    0.27211E-10    0.00000E+00    0.00000E+00    0.00000E+00
    0.51650E+07    0.21159E-10    0.73103E-10    0.28148E-10    0.00000E+00    0.00000E+00    0.00000E+00
    0.51700E+07    0.21900E-10    0.76109E-10    0.29111E-10    0.00000E+00    0.00000E+00    0.00000E+00
    0.51750E+07    0.22663E-10    0.79227E-10    0.30101E-10    0.00000E+00    0.00000E+00    0.00000E+00
    0.51800E+07    0.23448E-10    0.82460E-10    0.31117E-10    0.00000E+00    0.00000E+00    0.00000E+00
    0.51850E+07    0.24254E-10    0.85811E-10    0.32160E-10    0.00000E+00    0.00000E+00    0.00000E+00
    0.51900E+07    0.25084E-10    0.89285E-10    0.33231E-10    0.00000E+00    0.00000E+00    0.00000E+00
    0.51950E+07    0.25936E-10    0.92884E-10    0.34329E-10    0.00000E+00    0.00000E+00    0.00000E+00
    0.52000E+07    0.26811E-10    0.96613E-10    0.35456E-10    0.00000E+00    0.00000E+00    0.00000E+00
    0.52050E+07    0.27710E-10    0.10047E-09    0.36611E-10    0.00000E+00    0.00000E+00    0.00000E+00
    0.52100E+07    0.28634E-10    0.10448E-09    0.37795E-10    0.00000E+00    0.00000E+00    0.00000E+00
    0.52150E+07    0.29581E-10    0.10862E-09    0.39008E-10    0.00000E+00    0.00000E+00    0.00000E+00
    0.52200E+07    0.30554E-10    0.11291E-09    0.40250E-10    0.00000E+00    0.00000E+00    0.00000E+00
    0.52250E+07    0.31552E-10    0.11734E-09    0.41522E-10    0.00000E+00    0.00000E+00    0.00000E+00
    0.52300E+07    0.32575E-10    0.12194E-09    0.42824E-10    0.00000E+00    0.00000E+00    0.00000E+00
    0.52350E+07    0.33624E-10    0.12669E-09    0.44156E-10    0.00000E+00    0.00000E+00    0.00000E+00
    0.52400E+07    0.34699E-10    0.13161E-09    0.45519E-10    0.00000E+00    0.00000E+00    0.00000E+00
    0.52450E+07    0.35801E-10    0.13669E-09    0.46912E-10    0.00000E+00    0.00000E+00    0.00000E+00
    0.52500E+07    0.36930E-10    0.14195E-09    0.48336E-10    0.00000E+00    0.00000E+00    0.00000E+00
    0.52550E+07    0.38085E-10    0.14739E-09    0.49791E-10    0.00000E+00    0.00000E+00    0.00000E+00
    0.52600E+07    0.39269E-10    0.15301E-09    0.51276E-10    0.00000E+00    0.00000E+00    0.00000E+00
    0.52650E+07    0.40480E-10    0.15882E-09    0.52793E-10    0.00000E+00    0.00000E+00    0.00000E+00
    0.52700E+07    0.41718E-10    0.16482E-09    0.54340E-10    0.00000E+00    0.00000E+00    0.00000E+00
    0.52750E+07    0.42985E-10    0.17102E-09    0.55918E-10    0.00000E+00    0.00000E+00    0.00000E+00
    0.52800E+07    0.44280E-10    0.17742E-09    0.57528E-10    0.00000E+00    0.00000E+00    0.00000E+00
    0.52850E+07    0.45604E-10    0.18404E-09    0.59168E-10    0.00000E+00    0.00000E+00    0.00000E+00
    0.52900E+07    0.46956E-10    0.19087E-09    0.60839E-10    0.00000E+00    0.00000E+00    0.00000E+00
    0.52950E+07    0.48338E-10    0.19792E-09    0.62540E-10    0.00000E+00    0.00000E+00    0.00000E+00
    0.53000E+07    0.49748E-10    0.20519E-09    0.64272E-10    0.00000E+00    0.00000E+00    0.00000E+00
    0.53050E+07    0.51187E-10    0.21270E-09    0.66034E-10    0.00000E+00    0.00000E+00    0.00000E+00
    0.53100E+07    0.52655E-10    0.22045E-09    0.67825E-10    0.00000E+00    0.00000E+00    0.00000E+00
    0.53150E+07    0.54153E-10    0.22844E-09    0.69646E-10    0.00000E+00    0.00000E+00    0.00000E+00
    0.53200E+07    0.55679E-10    0.23668E-09    0.71495E-10    0.00000E+00    0.00000E+00    0.00000E+00
    0.53250E+07    0.57235E-10    0.24517E-09    0.73372E-10    0.00000E+00    0.00000E+00    0.00000E+00
    0.53300E+07    0.58820E-10    0.25393E-09    0.75278E-10    0.00000E+00    0.00000E+00    0.00000E+00
    0.53350E+07    0.60434E-10    0.26295E-09    0.77211E-10    0.00000E+00    0.00000E+00    0.00000E+00
    0.53400E+07    0.62077E-10    0.27225E-09    0.79171E-10    0.00000E+00    0.00000E+00    0.00000E+00
    0.53450E+07    0.63748E-10    0.28183E-09    0.81156E-10    0.00000E+00    0.00000E+00    0.00000E+00
    0.53500E+07    0.65448E-10    0.29170E-09    0.83166E-10    0.00000E+00    0.00000E+00    0.00000E+00
    0.53550E+07    0.67177E-10    0.30186E-09    0.85200E-10    0.00000E+00    0.00000E+00    0.00000E+00
    0.53600E+07    0.68933E-10    0.31232E-09    0.87257E-10    0.00000E+00    0.00000E+00    0.00000E+00
    0.53650E+07    0.70718E-10    0.32309E-09    0.89336E-10    0.00000E+00    0.00000E+00    0.00000E+00
    0.53700E+07    0.72529E-10    0.33417E-09    0.91437E-10    0.00000E+00    0.00000E+00    0.00000E+00
    0.53750E+07    0.74369E-10    0.34557E-09    0.93556E-10    0.00000E+00    0.00000E+00    0.00000E+00
    0.53800E+07    0.76233E-10    0.35730E-09    0.95695E-10    0.00000E+00    0.00000E+00    0.00000E+00
    0.53850E+07    0.78125E-10    0.36936E-09    0.97851E-10    0.00000E+00    0.00000E+00    0.00000E+00
    0.53900E+07    0.80042E-10    0.38176E-09    0.10002E-09    0.00000E+00    0.00000E+00    0.00000E+00
    0.53950E+07    0.81984E-10    0.39451E-09    0.10221E-09    0.00000E+00    0.00000E+00    0.00000E+00
    0.54000E+07    0.83949E-10    0.40761E-09    0.10441E-09    0.00000E+00    0.00000E+00    0.00000E+00
    0.54050E+07    0.85939E-10    0.42107E-09    0.10661E-09    0.00000E+00    0.00000E+00    0.00000E+00
    0.54100E+07    0.87952E-10    0.43490E-09    0.10883E-09    0.00000E+00    0.00000E+00    0.00000E+00
    0.54150E+07    0.89986E-10    0.44911E-09    0.11106E-09    0.00000E+00    0.00000E+00    0.00000E+00
    0.54200E+07    0.92042E-10    0.46369E-09    0.11329E-09    0.00000E+00    0.00000E+00    0.00000E+00
    0.54250E+07    0.94118E-10    0.47866E-09    0.11552E-09    0.00000E+00    0.00000E+00    0.00000E+00
    0.54300E+07    0.96213E-10    0.49403E-09    0.11775E-09    0.00000E+00    0.00000E+00    0.00000E+00
    0.54350E+07    0.98327E-10    0.50980E-09    0.11998E-09    0.00000E+00    0.00000E+00    0.00000E+00
    0.54400E+07    0.10046E-09    0.52597E-09    0.12221E-09    0.00000E+00    0.00000E+00    0.00000E+00
    0.54450E+07    0.10260E-09    0.54256E-09    0.12443E-09    0.00000E+00    0.00000E+00    0.00000E+00
    0.54500E+07    0.10476E-09    0.55957E-09    0.12664E-09    0.00000E+00    0.00000E+00    0.00000E+00
    0.54550E+07    0.10694E-09    0.57701E-09    0.12884E-09    0.00000E+00    0.00000E+00    0.00000E+00
    0.54600E+07    0.10913E-09    0.59488E-09    0.13102E-09    0.00000E+00    0.00000E+00    0.00000E+00
    0.54650E+07    0.11132E-09    0.61319E-09    0.13318E-09    0.00000E+00    0.00000E+00    0.00000E+00
    0.54700E+07    0.11353E-09    0.63195E-09    0.13533E-09    0.00000E+00    0.00000E+00    0.00000E+00
    0.54750E+07    0.11574E-09    0.65116E-09    0.13744E-09    0.00000E+00    0.00000E+00    0.00000E+00
    0.54800E+07    0.11796E-09    0.67083E-09    0.13953E-09    0.00000E+00    0.00000E+00    0.00000E+00
    0.54850E+07    0.12019E-09    0.69097E-09    0.14159E-09    0.00000E+00    0.00000E+00    0.00000E+00
    0.54900E+07    0.12241E-09    0.71157E-09    0.14361E-09    0.00000E+00    0.00000E+00    0.00000E+00
    0.54950E+07    0.12464E-09    0.73265E-09    0.14560E-09    0.00000E+00    0.00000E+00    0.00000E+00
    0.55000E+07    0.12687E-09    0.75421E-09    0.14754E-09    0.00000E+00    0.00000E+00    0.00000E+00
    0.55050E+07    0.12909E-09    0.77626E-09    0.14943E-09    0.00000E+00    0.00000E+00    0.00000E+00
    0.55100E+07    0.13130E-09    0.79880E-09    0.15127E-09    0.00000E+00    0.00000E+00    0.00000E+00
    0.55150E+07    0.13351E-09    0.82183E-09    0.15306E-09    0.00000E+00    0.00000E+00    0.00000E+00
    0.55200E+07    0.13571E-09    0.84537E-09    0.15478E-09    0.00000E+00    0.00000E+00    0.00000E+00
    0.55250E+07    0.13790E-09    0.86941E-09    0.15645E-09    0.00000E+00    0.00000E+00    0.00000E+00
    0.55300E+07    0.14007E-09    0.89396E-09    0.15804E-09    0.00000E+00    0.00000E+00    0.00000E+00
    0.55350E+07    0.14223E-09    0.91902E-09    0.15956E-09    0.00000E+00    0.00000E+00    0.00000E+00
    0.55400E+07    0.14436E-09    0.94460E-09    0.16100E-09    0.00000E+00    0.00000E+00    0.00000E+00
    0.55450E+07    0.14648E-09    0.97070E-09    0.16236E-09    0.00000E+00    0.00000E+00    0.00000E+00
    0.55500E+07    0.14857E-09    0.99733E-09    0.16363E-09    0.00000E+00    0.00000E+00    0.00000E+00
    0.55550E+07    0.15063E-09    0.10245E-08    0.16480E-09    0.00000E+00    0.00000E+00    0.00000E+00
    0.55600E+07    0.15267E-09    0.10522E-08    0.16588E-09    0.00000E+00    0.00000E+00    0.00000E+00
    0.55650E+07    0.15467E-09    0.10804E-08    0.16685E-09    0.00000E+00    0.00000E+00    0.00000E+00
    0.55700E+07    0.15663E-09    0.11091E-08    0.16771E-09    0.00000E+00    0.00000E+00    0.00000E+00
    0.55750E+07    0.15863E-09    0.11383E-08    0.16814E-09    0.00000E+00    0.00000E+00    0.00000E+00
    0.55800E+07    0.16057E-09    0.11681E-08    0.16842E-09    0.00000E+00    0.00000E+00    0.00000E+00
    0.55800E+07    0.16057E-09    0.11681E-08    0.16842E-09    0.00000E+00    0.00000E+00    0.00000E+00
    0.55850E+07    0.16291E-09    0.11966E-08    0.16768E-09    0.00000E+00    0.00000E+00    0.00000E+00
    0.55900E+07    0.16516E-09    0.12257E-08    0.16670E-09    0.00000E+00    0.00000E+00    0.00000E+00
    0.55950E+07    0.16732E-09    0.12552E-08    0.16547E-09    0.00000E+00    0.00000E+00    0.00000E+00
    0.56000E+07    0.16936E-09    0.12853E-08    0.16399E-09    0.00000E+00    0.00000E+00    0.00000E+00
    0.56050E+07    0.17130E-09    0.13158E-08    0.16223E-09    0.00000E+00    0.00000E+00    0.00000E+00
    0.56100E+07    0.17313E-09    0.13468E-08    0.16018E-09    0.00000E+00    0.00000E+00    0.00000E+00
    0.56150E+07    0.17483E-09    0.13783E-08    0.15785E-09    0.00000E+00    0.00000E+00    0.00000E+00
    0.56200E+07    0.17640E-09    0.14103E-08    0.15520E-09    0.00000E+00    0.00000E+00    0.00000E+00
    0.56250E+07    0.17784E-09    0.14427E-08    0.15225E-09    0.00000E+00    0.00000E+00    0.00000E+00
    0.56300E+07    0.17914E-09    0.14756E-08    0.14897E-09    0.00000E+00    0.00000E+00    0.00000E+00
    0.56350E+07    0.18030E-09    0.15089E-08    0.14535E-09    0.00000E+00    0.00000E+00    0.00000E+00
    0.56400E+07    0.18130E-09    0.15426E-08    0.14139E-09    0.00000E+00    0.00000E+00    0.00000E+00
    0.56450E+07    0.18215E-09    0.15768E-08    0.13707E-09    0.00000E+00    0.00000E+00    0.00000E+00
    0.56500E+07    0.18283E-09    0.16113E-08    0.13238E-09    0.00000E+00    0.00000E+00    0.00000E+00
    0.56550E+07    0.18334E-09    0.16462E-08    0.12732E-09    0.00000E+00    0.00000E+00    0.00000E+00
    0.56600E+07    0.18368E-09    0.16814E-08    0.12188E-09    0.00000E+00    0.00000E+00    0.00000E+00
    0.56650E+07    0.18384E-09    0.17170E-08    0.11604E-09    0.00000E+00    0.00000E+00    0.00000E+00
    0.56700E+07    0.18382E-09    0.17529E-08    0.10980E-09    0.00000E+00    0.00000E+00    0.00000E+00
    0.56750E+07    0.18361E-09    0.17891E-08    0.10315E-09    0.00000E+00    0.00000E+00    0.00000E+00
    0.56800E+07    0.18320E-09    0.18256E-08    0.96082E-10    0.00000E+00    0.00000E+00    0.00000E+00
    0.56850E+07    0.18260E-09    0.18623E-08    0.88589E-10    0.00000E+00    0.00000E+00    0.00000E+00
    0.56900E+07    0.18179E-09    0.18993E-08    0.80664E-10    0.00000E+00    0.00000E+00    0.00000E+00
    0.56950E+07    0.18079E-09    0.19364E-08    0.72301E-10    0.00000E+00    0.00000E+00    0.00000E+00
    0.57000E+07    0.17957E-09    0.19737E-08    0.63491E-10    0.00000E+00    0.00000E+00    0.00000E+00
    0.57050E+07    0.17815E-09    0.20112E-08    0.54237E-10    0.00000E+00    0.00000E+00    0.00000E+00
    0.57100E+07    0.17651E-09    0.20487E-08    0.44531E-10    0.00000E+00    0.00000E+00    0.00000E+00
    0.57149E+07    0.17469E-09    0.20859E-08    0.34514E-10    0.00000E+00    0.00000E+00    0.00000E+00
    0.57199E+07    0.17266E-09    0.21230E-08    0.24047E-10    0.00000E+00    0.00000E+00    0.00000E+00
    0.57199E+07    0.24484E-09    0.18102E-08   -0.18625E-09    0.00000E+00    0.00000E+00    0.00000E+00
    0.57200E+07    0.24450E-09    0.18114E-08   -0.18687E-09    0.00000E+00    0.00000E+00    0.00000E+00
    0.57250E+07    0.23194E-09    0.18544E-08   -0.20963E-09    0.00000E+00    0.00000E+00    0.00000E+00
    0.57300E+07    0.21938E-09    0.18966E-08   -0.23255E-09    0.00000E+00    0.00000E+00    0.00000E+00
    0.57350E+07    0.20684E-09    0.19381E-08   -0.25559E-09    0.00000E+00    0.00000E+00    0.00000E+00
    0.57400E+07    0.19436E-09    0.19786E-08   -0.27872E-09    0.00000E+00    0.00000E+00    0.00000E+00
    0.57450E+07    0.18197E-09    0.20182E-08   -0.30187E-09    0.00000E+00    0.00000E+00    0.00000E+00
    0.57500E+07    0.16969E-09    0.20568E-08   -0.32503E-09    0.00000E+00    0.00000E+00    0.00000E+00
    0.57550E+07    0.15756E-09    0.20943E-08   -0.34814E-09    0.00000E+00    0.00000E+00    0.00000E+00
    0.57600E+07    0.14561E-09    0.21305E-08   -0.37115E-09    0.00000E+00    0.00000E+00    0.00000E+00
    0.57650E+07    0.13387E-09    0.21656E-08   -0.39401E-09    0.00000E+00    0.00000E+00    0.00000E+00
    0.57700E+07    0.12238E-09    0.21993E-08   -0.41667E-09    0.00000E+00    0.00000E+00    0.00000E+00
    0.57750E+07    0.11118E-09    0.22316E-08   -0.43909E-09    0.00000E+00    0.00000E+00    0.00000E+00
    0.57800E+07    0.10029E-09    0.22625E-08   -0.46121E-09    0.00000E+00    0.00000E+00    0.00000E+00
    0.57850E+07    0.89764E-10    0.22919E-08   -0.48298E-09    0.00000E+00    0.00000E+00    0.00000E+00
    0.57900E+07    0.79626E-10    0.23197E-08   -0.50434E-09    0.00000E+00    0.00000E+00    0.00000E+00
    0.57950E+07    0.69920E-10    0.23459E-08   -0.52523E-09    0.00000E+00    0.00000E+00    0.00000E+00
    0.58000E+07    0.60681E-10    0.23703E-08   -0.54561E-09    0.00000E+00    0.00000E+00    0.00000E+00
    0.58050E+07    0.51950E-10    0.23930E-08   -0.56540E-09    0.00000E+00    0.00000E+00    0.00000E+00
    0.58100E+07    0.43763E-10    0.24139E-08   -0.58456E-09    0.00000E+00    0.00000E+00    0.00000E+00
    0.58150E+07    0.36161E-10    0.24329E-08   -0.60303E-09    0.00000E+00    0.00000E+00    0.00000E+00
    0.58200E+07    0.29181E-10    0.24499E-08   -0.62074E-09    0.00000E+00    0.00000E+00    0.00000E+00
    0.58250E+07    0.22863E-10    0.24650E-08   -0.63764E-09    0.00000E+00    0.00000E+00    0.00000E+00
    0.58300E+07    0.17244E-10    0.24781E-08   -0.65366E-09    0.00000E+00    0.00000E+00    0.00000E+00
    0.58350E+07    0.12364E-10    0.24891E-08   -0.66876E-09    0.00000E+00    0.00000E+00    0.00000E+00
    0.58400E+07    0.82596E-11    0.24980E-08   -0.68286E-09    0.00000E+00    0.00000E+00    0.00000E+00
    0.58450E+07    0.49684E-11    0.25047E-08   -0.69593E-09    0.00000E+00    0.00000E+00    0.00000E+00
    0.58500E+07    0.25269E-11    0.25093E-08   -0.70788E-09    0.00000E+00    0.00000E+00    0.00000E+00
    0.58550E+07    0.97098E-12    0.25116E-08   -0.71868E-09    0.00000E+00    0.00000E+00    0.00000E+00
    0.58600E+07    0.33547E-12    0.25118E-08   -0.72825E-09    0.00000E+00    0.00000E+00    0.00000E+00
    0.58636E+07    0.46178E-12    0.25105E-08   -0.73429E-09    0.00000E+00    0.00000E+00    0.00000E+00
    0.58636E+07    0.48948E-12    0.24492E-08   -0.79067E-09    0.00000E+00    0.00000E+00    0.00000E+00
    0.58668E+07    0.11195E-11    0.24450E-08   -0.79688E-09    0.00000E+00    0.00000E+00    0.00000E+00
    0.58700E+07    0.22568E-11    0.24398E-08   -0.80243E-09    0.00000E+00    0.00000E+00    0.00000E+00
    0.58750E+07    0.50561E-11    0.24297E-08   -0.80963E-09    0.00000E+00    0.00000E+00    0.00000E+00
    0.58800E+07    0.91590E-11    0.24170E-08   -0.81507E-09    0.00000E+00    0.00000E+00    0.00000E+00
    0.58850E+07    0.14614E-10    0.24019E-08   -0.81868E-09    0.00000E+00    0.00000E+00    0.00000E+00
    0.58900E+07    0.21468E-10    0.23842E-08   -0.82039E-09    0.00000E+00    0.00000E+00    0.00000E+00
    0.58950E+07    0.29765E-10    0.23640E-08   -0.82013E-09    0.00000E+00    0.00000E+00    0.00000E+00
    0.59000E+07    0.39546E-10    0.23414E-08   -0.81782E-09    0.00000E+00    0.00000E+00    0.00000E+00
    0.59050E+07    0.50850E-10    0.23163E-08   -0.81341E-09    0.00000E+00    0.00000E+00    0.00000E+00
    0.59100E+07    0.63713E-10    0.22887E-08   -0.80685E-09    0.00000E+00    0.00000E+00    0.00000E+00
    0.59150E+07    0.78166E-10    0.22586E-08   -0.79806E-09    0.00000E+00    0.00000E+00    0.00000E+00
    0.59200E+07    0.94238E-10    0.22262E-08   -0.78702E-09    0.00000E+00    0.00000E+00    0.00000E+00
    0.59250E+07    0.11195E-09    0.21915E-08   -0.77368E-09    0.00000E+00    0.00000E+00    0.00000E+00
    0.59300E+07    0.13133E-09    0.21544E-08   -0.75799E-09    0.00000E+00    0.00000E+00    0.00000E+00
    0.59350E+07    0.15238E-09    0.21152E-08   -0.73994E-09    0.00000E+00    0.00000E+00    0.00000E+00
    0.59400E+07    0.17512E-09    0.20737E-08   -0.71950E-09    0.00000E+00    0.00000E+00    0.00000E+00
    0.59450E+07    0.19956E-09    0.20302E-08   -0.69665E-09    0.00000E+00    0.00000E+00    0.00000E+00
    0.59500E+07    0.22569E-09    0.19846E-08   -0.67139E-09    0.00000E+00    0.00000E+00    0.00000E+00
    0.59529E+07    0.24152E-09    0.19574E-08   -0.65572E-09    0.00000E+00    0.00000E+00    0.00000E+00
    0.59558E+07    0.25792E-09    0.19296E-08   -0.63924E-09    0.00000E+00    0.00000E+00    0.00000E+00
    0.59558E+07    0.30243E-09    0.17853E-08   -0.71219E-09    0.00000E+00    0.00000E+00    0.00000E+00
    0.59600E+07    0.33448E-09    0.17427E-08   -0.67883E-09    0.00000E+00    0.00000E+00    0.00000E+00
    0.59650E+07    0.37415E-09    0.16909E-08   -0.63604E-09    0.00000E+00    0.00000E+00    0.00000E+00
    0.59700E+07    0.41600E-09    0.16373E-08   -0.59025E-09    0.00000E+00    0.00000E+00    0.00000E+00
    0.59750E+07    0.45995E-09    0.15820E-08   -0.54155E-09    0.00000E+00    0.00000E+00    0.00000E+00
    0.59800E+07    0.50596E-09    0.15251E-08   -0.49003E-09    0.00000E+00    0.00000E+00    0.00000E+00
    0.59850E+07    0.55392E-09    0.14668E-08   -0.43580E-09    0.00000E+00    0.00000E+00    0.00000E+00
    0.59900E+07    0.60376E-09    0.14072E-08   -0.37899E-09    0.00000E+00    0.00000E+00    0.00000E+00
    0.59950E+07    0.65537E-09    0.13465E-08   -0.31972E-09    0.00000E+00    0.00000E+00    0.00000E+00
    0.60000E+07    0.70864E-09    0.12849E-08   -0.25817E-09    0.00000E+00    0.00000E+00    0.00000E+00
    0.60050E+07    0.76344E-09    0.12225E-08   -0.19450E-09    0.00000E+00    0.00000E+00    0.00000E+00
    0.60100E+07    0.81964E-09    0.11597E-08   -0.12890E-09    0.00000E+00    0.00000E+00    0.00000E+00
    0.60150E+07    0.87708E-09    0.10965E-08   -0.61570E-10    0.00000E+00    0.00000E+00    0.00000E+00
    0.60200E+07    0.93563E-09    0.10331E-08    0.72762E-11    0.00000E+00    0.00000E+00    0.00000E+00
    0.60250E+07    0.99509E-09    0.96986E-09    0.77402E-10    0.00000E+00    0.00000E+00    0.00000E+00
    0.60300E+07    0.10553E-08    0.90687E-09    0.14857E-09    0.00000E+00    0.00000E+00    0.00000E+00
    0.60350E+07    0.11160E-08    0.84438E-09    0.22051E-09    0.00000E+00    0.00000E+00    0.00000E+00
    0.60400E+07    0.11771E-08    0.78259E-09    0.29296E-09    0.00000E+00    0.00000E+00    0.00000E+00
    0.60450E+07    0.12384E-08    0.72173E-09    0.36562E-09    0.00000E+00    0.00000E+00    0.00000E+00
    0.60500E+07    0.12995E-08    0.66200E-09    0.43822E-09    0.00000E+00    0.00000E+00    0.00000E+00
    0.60550E+07    0.13604E-08    0.60363E-09    0.51044E-09    0.00000E+00    0.00000E+00    0.00000E+00
    0.60600E+07    0.14207E-08    0.54682E-09    0.58196E-09    0.00000E+00    0.00000E+00    0.00000E+00
    0.60650E+07    0.14802E-08    0.49179E-09    0.65247E-09    0.00000E+00    0.00000E+00    0.00000E+00
    0.60700E+07    0.15387E-08    0.43875E-09    0.72162E-09    0.00000E+00    0.00000E+00    0.00000E+00
    0.60738E+07    0.15851E-08    0.39957E-09    0.77435E-09    0.00000E+00    0.00000E+00    0.00000E+00
    0.60788E+07    0.16413E-08    0.35049E-09    0.84048E-09    0.00000E+00    0.00000E+00    0.00000E+00
    0.60838E+07    0.16958E-08    0.30394E-09    0.90431E-09    0.00000E+00    0.00000E+00    0.00000E+00
    0.60888E+07    0.17482E-08    0.26012E-09    0.96551E-09    0.00000E+00    0.00000E+00    0.00000E+00
    0.60938E+07    0.17985E-08    0.21920E-09    0.10237E-08    0.00000E+00    0.00000E+00    0.00000E+00
    0.60988E+07    0.18461E-08    0.18135E-09    0.10786E-08    0.00000E+00    0.00000E+00    0.00000E+00
    0.61038E+07    0.18911E-08    0.14673E-09    0.11299E-08    0.00000E+00    0.00000E+00    0.00000E+00
    0.61088E+07    0.19330E-08    0.11548E-09    0.11771E-08    0.00000E+00    0.00000E+00    0.00000E+00
    0.61138E+07    0.19716E-08    0.87752E-10    0.12201E-08    0.00000E+00    0.00000E+00    0.00000E+00
    0.61188E+07    0.20067E-08    0.63657E-10    0.12584E-08    0.00000E+00    0.00000E+00    0.00000E+00
    0.61238E+07    0.20380E-08    0.43306E-10    0.12918E-08    0.00000E+00    0.00000E+00    0.00000E+00
    0.61288E+07    0.20654E-08    0.26794E-10    0.13200E-08    0.00000E+00    0.00000E+00    0.00000E+00
    0.61338E+07    0.20887E-08    0.14199E-10    0.13427E-08    0.00000E+00    0.00000E+00    0.00000E+00
    0.61388E+07    0.21075E-08    0.55824E-11    0.13597E-08    0.00000E+00    0.00000E+00    0.00000E+00
    0.61438E+07    0.21218E-08    0.99036E-12    0.13708E-08    0.00000E+00    0.00000E+00    0.00000E+00
    0.61488E+07    0.21314E-08    0.44989E-12    0.13757E-08    0.00000E+00    0.00000E+00    0.00000E+00
    0.61538E+07    0.21361E-08    0.39703E-11    0.13742E-08    0.00000E+00    0.00000E+00    0.00000E+00
    0.61588E+07    0.21359E-08    0.11541E-10    0.13663E-08    0.00000E+00    0.00000E+00    0.00000E+00
    0.61638E+07    0.21341E-08    0.23129E-10    0.13532E-08    0.00000E+00    0.00000E+00    0.00000E+00
    0.61688E+07    0.21267E-08    0.38700E-10    0.13332E-08    0.00000E+00    0.00000E+00    0.00000E+00
    0.61738E+07    0.21141E-08    0.58188E-10    0.13064E-08    0.00000E+00    0.00000E+00    0.00000E+00
    0.61788E+07    0.20965E-08    0.81511E-10    0.12727E-08    0.00000E+00    0.00000E+00    0.00000E+00
    0.61838E+07    0.20730E-08    0.10857E-09    0.12319E-08    0.00000E+00    0.00000E+00    0.00000E+00
    0.61888E+07    0.20431E-08    0.13926E-09    0.11838E-08    0.00000E+00    0.00000E+00    0.00000E+00
    0.61938E+07    0.20065E-08    0.17346E-09    0.11283E-08    0.00000E+00    0.00000E+00    0.00000E+00
    0.61988E+07    0.19627E-08    0.21099E-09    0.10654E-08    0.00000E+00    0.00000E+00    0.00000E+00
    0.62038E+07    0.19149E-08    0.25144E-09    0.99834E-09    0.00000E+00    0.00000E+00    0.00000E+00
    0.62088E+07    0.18613E-08    0.29479E-09    0.92474E-09    0.00000E+00    0.00000E+00    0.00000E+00
    0.62138E+07    0.18002E-08    0.34118E-09    0.84231E-09    0.00000E+00    0.00000E+00    0.00000E+00
    0.62188E+07    0.17336E-08    0.39009E-09    0.75418E-09    0.00000E+00    0.00000E+00    0.00000E+00
    0.62238E+07    0.16624E-08    0.44124E-09    0.66094E-09    0.00000E+00    0.00000E+00    0.00000E+00
    0.62288E+07    0.15873E-08    0.49436E-09    0.56322E-09    0.00000E+00    0.00000E+00    0.00000E+00
    0.62338E+07    0.15087E-08    0.54916E-09    0.46163E-09    0.00000E+00    0.00000E+00    0.00000E+00
    0.62388E+07    0.14273E-08    0.60534E-09    0.35678E-09    0.00000E+00    0.00000E+00    0.00000E+00
    0.62438E+07    0.13433E-08    0.66266E-09    0.24925E-09    0.00000E+00    0.00000E+00    0.00000E+00
    0.62488E+07    0.12570E-08    0.72086E-09    0.13972E-09    0.00000E+00    0.00000E+00    0.00000E+00
    0.62538E+07    0.11690E-08    0.77969E-09    0.28981E-10    0.00000E+00    0.00000E+00    0.00000E+00
    0.62588E+07    0.10799E-08    0.83890E-09   -0.82117E-10    0.00000E+00    0.00000E+00    0.00000E+00
    0.62638E+07    0.99001E-09    0.89834E-09   -0.19266E-09    0.00000E+00    0.00000E+00    0.00000E+00
    0.62688E+07    0.89997E-09    0.95789E-09   -0.30158E-09    0.00000E+00    0.00000E+00    0.00000E+00
    0.62738E+07    0.81080E-09    0.10173E-08   -0.40774E-09    0.00000E+00    0.00000E+00    0.00000E+00
    0.62788E+07    0.72349E-09    0.10764E-08   -0.51001E-09    0.00000E+00    0.00000E+00    0.00000E+00
    0.62838E+07    0.63939E-09    0.11347E-08   -0.60745E-09    0.00000E+00    0.00000E+00    0.00000E+00
    0.62888E+07    0.55950E-09    0.11919E-08   -0.69933E-09    0.00000E+00    0.00000E+00    0.00000E+00
    0.62938E+07    0.48460E-09    0.12476E-08   -0.78515E-09    0.00000E+00    0.00000E+00    0.00000E+00
    0.62988E+07    0.41520E-09    0.13014E-08   -0.86462E-09    0.00000E+00    0.00000E+00    0.00000E+00
    0.63038E+07    0.35006E-09    0.13585E-08   -0.93962E-09    0.00000E+00    0.00000E+00    0.00000E+00
    0.63088E+07    0.29113E-09    0.14130E-08   -0.10077E-08    0.00000E+00    0.00000E+00    0.00000E+00
    0.63138E+07    0.23958E-09    0.14583E-08   -0.10679E-08    0.00000E+00    0.00000E+00    0.00000E+00
    0.63188E+07    0.19384E-09    0.14998E-08   -0.11228E-08    0.00000E+00    0.00000E+00    0.00000E+00
    0.63238E+07    0.15364E-09    0.15373E-08   -0.11728E-08    0.00000E+00    0.00000E+00    0.00000E+00
    0.63288E+07    0.11836E-09    0.15706E-08   -0.12182E-08    0.00000E+00    0.00000E+00    0.00000E+00
    0.63313E+07    0.10363E-09    0.16120E-08   -0.12023E-08    0.00000E+00    0.00000E+00    0.00000E+00
    0.63326E+07    0.96341E-10    0.16194E-08   -0.12119E-08    0.00000E+00    0.00000E+00    0.00000E+00
    0.63332E+07    0.92796E-10    0.16231E-08   -0.12166E-08    0.00000E+00    0.00000E+00    0.00000E+00
    0.63344E+07    0.86322E-10    0.16297E-08   -0.12252E-08    0.00000E+00    0.00000E+00    0.00000E+00
    0.63354E+07    0.80483E-10    0.16357E-08   -0.12330E-08    0.00000E+00    0.00000E+00    0.00000E+00
    0.63360E+07    0.77642E-10    0.16386E-08   -0.12368E-08    0.00000E+00    0.00000E+00    0.00000E+00
    0.63379E+07    0.68446E-10    0.16483E-08   -0.12491E-08    0.00000E+00    0.00000E+00    0.00000E+00
    0.63397E+07    0.59849E-10    0.16575E-08   -0.12606E-08    0.00000E+00    0.00000E+00    0.00000E+00
    0.63416E+07    0.51845E-10    0.16662E-08   -0.12715E-08    0.00000E+00    0.00000E+00    0.00000E+00
    0.63434E+07    0.44427E-10    0.16744E-08   -0.12816E-08    0.00000E+00    0.00000E+00    0.00000E+00
    0.63453E+07    0.37593E-10    0.16822E-08   -0.12908E-08    0.00000E+00    0.00000E+00    0.00000E+00
    0.63471E+07    0.31351E-10    0.16895E-08   -0.12994E-08    0.00000E+00    0.00000E+00    0.00000E+00
    0.63508E+07    0.20601E-10    0.17024E-08   -0.13144E-08    0.00000E+00    0.00000E+00    0.00000E+00
    0.63508E+07    0.20601E-10    0.17024E-08   -0.13144E-08    0.00000E+00    0.00000E+00    0.00000E+00
    0.63530E+07    0.15339E-10    0.17093E-08   -0.13218E-08    0.00000E+00    0.00000E+00    0.00000E+00
    0.63552E+07    0.10867E-10    0.17154E-08   -0.13284E-08    0.00000E+00    0.00000E+00    0.00000E+00
    0.63574E+07    0.71844E-11    0.17198E-08   -0.13354E-08    0.00000E+00    0.00000E+00    0.00000E+00
    0.63596E+07    0.42642E-11    0.17229E-08   -0.13422E-08    0.00000E+00    0.00000E+00    0.00000E+00
    0.63596E+07    0.82020E-11    0.13439E-08   -0.16567E-08    0.00000E+00    0.00000E+00    0.00000E+00
    0.63607E+07    0.58665E-11    0.13265E-08   -0.16870E-08    0.00000E+00    0.00000E+00    0.00000E+00
    0.63624E+07    0.29039E-11    0.12999E-08   -0.17309E-08    0.00000E+00    0.00000E+00    0.00000E+00
    0.63640E+07    0.86291E-12    0.12726E-08   -0.17728E-08    0.00000E+00    0.00000E+00    0.00000E+00
    0.63656E+07    0.24741E-13    0.88766E-09   -0.21904E-08    0.00000E+00    0.00000E+00    0.00000E+00
    0.63656E+07    0.51789E-10    0.41174E-10   -0.25743E-08    0.00000E+00    0.00000E+00    0.00000E+00
    0.63658E+07    0.59893E-28    0.41246E-10   -0.25833E-08    0.00000E+00    0.00000E+00    0.00000E+00
    0.63658E+07    0.00000E+00    0.00000E+00    0.00000E+00    0.00000E+00    0.00000E+00    0.00000E+00
    0.63671E+07    0.00000E+00    0.00000E+00    0.00000E+00    0.00000E+00    0.00000E+00    0.00000E+00
    0.63684E+07    0.00000E+00    0.00000E+00    0.00000E+00    0.00000E+00    0.00000E+00    0.00000E+00
    0.63697E+07    0.00000E+00    0.00000E+00    0.00000E+00    0.00000E+00    0.00000E+00    0.00000E+00
    0.63710E+07    0.00000E+00    0.00000E+00    0.00000E+00    0.00000E+00    0.00000E+00    0.00000E+00
