    0.34800E+07    0.00000E+00    0.00000E+00    0.00000E+00    0.00000E+00    0.00000E+00    0.00000E+00
    0.34850E+07    0.00000E+00    0.00000E+00    0.00000E+00    0.00000E+00    0.00000E+00    0.00000E+00
    0.34900E+07    0.00000E+00    0.00000E+00    0.00000E+00    0.00000E+00    0.00000E+00    0.00000E+00
    0.34950E+07    0.00000E+00    0.00000E+00    0.00000E+00    0.00000E+00    0.00000E+00    0.00000E+00
    0.35000E+07    0.00000E+00    0.00000E+00    0.00000E+00    0.00000E+00    0.00000E+00    0.00000E+00
    0.35050E+07    0.00000E+00    0.00000E+00    0.00000E+00    0.00000E+00    0.00000E+00    0.00000E+00
    0.35100E+07    0.00000E+00    0.00000E+00    0.00000E+00    0.00000E+00    0.00000E+00    0.00000E+00
    0.35150E+07    0.00000E+00    0.00000E+00    0.00000E+00    0.00000E+00    0.00000E+00    0.00000E+00
    0.35200E+07    0.00000E+00    0.00000E+00    0.00000E+00    0.00000E+00    0.00000E+00    0.00000E+00
    0.35250E+07    0.00000E+00    0.00000E+00    0.00000E+00    0.00000E+00    0.00000E+00    0.00000E+00
    0.35300E+07    0.00000E+00    0.00000E+00    0.00000E+00    0.00000E+00    0.00000E+00    0.00000E+00
    0.35350E+07    0.00000E+00    0.00000E+00    0.00000E+00    0.00000E+00    0.00000E+00    0.00000E+00
    0.35400E+07    0.00000E+00    0.00000E+00    0.00000E+00    0.00000E+00    0.00000E+00    0.00000E+00
    0.35450E+07    0.00000E+00    0.00000E+00    0.00000E+00    0.00000E+00    0.00000E+00    0.00000E+00
    0.35500E+07    0.00000E+00    0.00000E+00    0.00000E+00    0.00000E+00    0.00000E+00    0.00000E+00
    0.35550E+07    0.00000E+00    0.00000E+00    0.00000E+00    0.00000E+00    0.00000E+00    0.00000E+00
    0.35600E+07    0.00000E+00    0.00000E+00    0.00000E+00    0.00000E+00    0.00000E+00    0.00000E+00
    0.35650E+07    0.00000E+00    0.00000E+00    0.00000E+00    0.00000E+00    0.00000E+00    0.00000E+00
    0.35700E+07    0.00000E+00    0.00000E+00    0.00000E+00    0.00000E+00    0.00000E+00    0.00000E+00
    0.35750E+07    0.00000E+00    0.00000E+00    0.00000E+00    0.00000E+00    0.00000E+00    0.00000E+00
    0.35800E+07    0.00000E+00    0.00000E+00    0.00000E+00    0.00000E+00    0.00000E+00    0.00000E+00
    0.35850E+07    0.00000E+00    0.00000E+00    0.00000E+00    0.00000E+00    0.00000E+00    0.00000E+00
    0.35900E+07    0.00000E+00    0.00000E+00    0.00000E+00    0.00000E+00    0.00000E+00    0.00000E+00
    0.35950E+07    0.00000E+00    0.00000E+00    0.00000E+00    0.00000E+00    0.00000E+00    0.00000E+00
    0.36000E+07    0.00000E+00    0.00000E+00    0.00000E+00    0.00000E+00    0.00000E+00    0.00000E+00
    0.36050E+07    0.00000E+00    0.00000E+00    0.00000E+00    0.00000E+00    0.00000E+00    0.00000E+00
    0.36100E+07    0.00000E+00    0.00000E+00    0.00000E+00    0.00000E+00    0.00000E+00    0.00000E+00
    0.36150E+07    0.00000E+00    0.00000E+00    0.00000E+00    0.00000E+00    0.00000E+00    0.00000E+00
    0.36200E+07    0.00000E+00    0.00000E+00    0.00000E+00    0.00000E+00    0.00000E+00    0.00000E+00
    0.36250E+07    0.00000E+00    0.00000E+00    0.00000E+00    0.00000E+00    0.00000E+00    0.00000E+00
    0.36300E+07    0.00000E+00    0.00000E+00    0.00000E+00    0.00000E+00    0.00000E+00    0.00000E+00
    0.36300E+07    0.00000E+00    0.00000E+00    0.00000E+00    0.00000E+00    0.00000E+00    0.00000E+00
    0.36350E+07    0.00000E+00    0.00000E+00    0.00000E+00    0.00000E+00    0.00000E+00    0.00000E+00
    0.36400E+07    0.00000E+00    0.00000E+00    0.00000E+00    0.00000E+00    0.00000E+00    0.00000E+00
    0.36450E+07    0.00000E+00    0.00000E+00    0.00000E+00    0.00000E+00    0.00000E+00    0.00000E+00
    0.36500E+07    0.00000E+00    0.00000E+00    0.00000E+00    0.00000E+00    0.00000E+00    0.00000E+00
    0.36550E+07    0.00000E+00    0.00000E+00    0.00000E+00    0.00000E+00    0.00000E+00    0.00000E+00
    0.36600E+07    0.00000E+00    0.00000E+00    0.00000E+00    0.00000E+00    0.00000E+00    0.00000E+00
    0.36650E+07    0.00000E+00    0.00000E+00    0.00000E+00    0.00000E+00    0.00000E+00    0.00000E+00
    0.36700E+07    0.00000E+00    0.00000E+00    0.00000E+00    0.00000E+00    0.00000E+00    0.00000E+00
    0.36750E+07    0.00000E+00    0.00000E+00    0.00000E+00    0.00000E+00    0.00000E+00    0.00000E+00
    0.36800E+07    0.00000E+00    0.00000E+00    0.00000E+00    0.00000E+00    0.00000E+00    0.00000E+00
    0.36850E+07    0.00000E+00    0.00000E+00    0.00000E+00    0.00000E+00    0.00000E+00    0.00000E+00
    0.36900E+07    0.00000E+00    0.00000E+00    0.00000E+00    0.00000E+00    0.00000E+00    0.00000E+00
    0.36950E+07    0.00000E+00    0.00000E+00    0.00000E+00    0.00000E+00    0.00000E+00    0.00000E+00
    0.37000E+07    0.00000E+00    0.00000E+00    0.00000E+00    0.00000E+00    0.00000E+00    0.00000E+00
    0.37050E+07    0.00000E+00    0.00000E+00    0.00000E+00    0.00000E+00    0.00000E+00    0.00000E+00
    0.37100E+07    0.00000E+00    0.00000E+00    0.00000E+00    0.00000E+00    0.00000E+00    0.00000E+00
    0.37150E+07    0.00000E+00    0.00000E+00    0.00000E+00    0.00000E+00    0.00000E+00    0.00000E+00
    0.37200E+07    0.00000E+00    0.00000E+00    0.00000E+00    0.00000E+00    0.00000E+00    0.00000E+00
    0.37250E+07    0.00000E+00    0.00000E+00    0.00000E+00    0.00000E+00    0.00000E+00    0.00000E+00
    0.37300E+07    0.00000E+00    0.00000E+00    0.00000E+00    0.00000E+00    0.00000E+00    0.00000E+00
    0.37350E+07    0.00000E+00    0.00000E+00    0.00000E+00    0.00000E+00    0.00000E+00    0.00000E+00
    0.37400E+07    0.00000E+00    0.00000E+00    0.00000E+00    0.00000E+00    0.00000E+00    0.00000E+00
    0.37450E+07    0.00000E+00    0.00000E+00    0.00000E+00    0.00000E+00    0.00000E+00    0.00000E+00
    0.37500E+07    0.00000E+00    0.00000E+00    0.00000E+00    0.00000E+00    0.00000E+00    0.00000E+00
    0.37550E+07    0.00000E+00    0.00000E+00    0.00000E+00    0.00000E+00    0.00000E+00    0.00000E+00
    0.37600E+07    0.00000E+00    0.00000E+00    0.00000E+00    0.00000E+00    0.00000E+00    0.00000E+00
    0.37650E+07    0.00000E+00    0.00000E+00    0.00000E+00    0.00000E+00    0.00000E+00    0.00000E+00
    0.37700E+07    0.00000E+00    0.00000E+00    0.00000E+00    0.00000E+00    0.00000E+00    0.00000E+00
    0.37750E+07    0.00000E+00    0.00000E+00    0.00000E+00    0.00000E+00    0.00000E+00    0.00000E+00
    0.37800E+07    0.00000E+00    0.00000E+00    0.00000E+00    0.00000E+00    0.00000E+00    0.00000E+00
    0.37850E+07    0.00000E+00    0.00000E+00    0.00000E+00    0.00000E+00    0.00000E+00    0.00000E+00
    0.37900E+07    0.00000E+00    0.00000E+00    0.00000E+00    0.00000E+00    0.00000E+00    0.00000E+00
    0.37950E+07    0.00000E+00    0.00000E+00    0.00000E+00    0.00000E+00    0.00000E+00    0.00000E+00
    0.38000E+07    0.00000E+00    0.00000E+00    0.00000E+00    0.00000E+00    0.00000E+00    0.00000E+00
    0.38050E+07    0.00000E+00    0.00000E+00    0.00000E+00    0.00000E+00    0.00000E+00    0.00000E+00
    0.38100E+07    0.00000E+00    0.00000E+00    0.00000E+00    0.00000E+00    0.00000E+00    0.00000E+00
    0.38150E+07    0.00000E+00    0.00000E+00    0.00000E+00    0.00000E+00    0.00000E+00    0.00000E+00
    0.38200E+07    0.00000E+00    0.00000E+00    0.00000E+00    0.00000E+00    0.00000E+00    0.00000E+00
    0.38250E+07    0.00000E+00    0.00000E+00    0.00000E+00    0.00000E+00    0.00000E+00    0.00000E+00
    0.38300E+07    0.00000E+00    0.00000E+00    0.00000E+00    0.00000E+00    0.00000E+00    0.00000E+00
    0.38350E+07    0.00000E+00    0.00000E+00    0.00000E+00    0.00000E+00    0.00000E+00    0.00000E+00
    0.38400E+07    0.00000E+00    0.00000E+00    0.00000E+00    0.00000E+00    0.00000E+00    0.00000E+00
    0.38450E+07    0.00000E+00    0.00000E+00    0.00000E+00    0.00000E+00    0.00000E+00    0.00000E+00
    0.38500E+07    0.00000E+00    0.00000E+00    0.00000E+00    0.00000E+00    0.00000E+00    0.00000E+00
    0.38550E+07    0.00000E+00    0.00000E+00    0.00000E+00    0.00000E+00    0.00000E+00    0.00000E+00
    0.38600E+07    0.00000E+00    0.00000E+00    0.00000E+00    0.00000E+00    0.00000E+00    0.00000E+00
    0.38650E+07    0.00000E+00    0.00000E+00    0.00000E+00    0.00000E+00    0.00000E+00    0.00000E+00
    0.38700E+07    0.00000E+00    0.00000E+00    0.00000E+00    0.00000E+00    0.00000E+00    0.00000E+00
    0.38750E+07    0.00000E+00    0.00000E+00    0.00000E+00    0.00000E+00    0.00000E+00    0.00000E+00
    0.38800E+07    0.00000E+00    0.00000E+00    0.00000E+00    0.00000E+00    0.00000E+00    0.00000E+00
    0.38850E+07    0.00000E+00    0.00000E+00    0.00000E+00    0.00000E+00    0.00000E+00    0.00000E+00
    0.38900E+07    0.00000E+00    0.00000E+00    0.00000E+00    0.00000E+00    0.00000E+00    0.00000E+00
    0.38950E+07    0.00000E+00    0.00000E+00    0.00000E+00    0.00000E+00    0.00000E+00    0.00000E+00
    0.39000E+07    0.00000E+00    0.00000E+00    0.00000E+00    0.00000E+00    0.00000E+00    0.00000E+00
    0.39050E+07    0.00000E+00    0.00000E+00    0.00000E+00    0.00000E+00    0.00000E+00    0.00000E+00
    0.39100E+07    0.00000E+00    0.00000E+00    0.00000E+00    0.00000E+00    0.00000E+00    0.00000E+00
    0.39150E+07    0.00000E+00    0.00000E+00    0.00000E+00    0.00000E+00    0.00000E+00    0.00000E+00
    0.39200E+07    0.00000E+00    0.00000E+00    0.00000E+00    0.00000E+00    0.00000E+00    0.00000E+00
    0.39250E+07    0.00000E+00    0.00000E+00    0.00000E+00    0.00000E+00    0.00000E+00    0.00000E+00
    0.39300E+07    0.00000E+00    0.00000E+00    0.00000E+00    0.00000E+00    0.00000E+00    0.00000E+00
    0.39350E+07    0.00000E+00    0.00000E+00    0.00000E+00    0.00000E+00    0.00000E+00    0.00000E+00
    0.39400E+07    0.00000E+00    0.00000E+00    0.00000E+00    0.00000E+00    0.00000E+00    0.00000E+00
    0.39450E+07    0.00000E+00    0.00000E+00    0.00000E+00    0.00000E+00    0.00000E+00    0.00000E+00
    0.39500E+07    0.00000E+00    0.00000E+00    0.00000E+00    0.00000E+00    0.00000E+00    0.00000E+00
    0.39550E+07    0.00000E+00    0.00000E+00    0.00000E+00    0.00000E+00    0.00000E+00    0.00000E+00
    0.39600E+07    0.00000E+00    0.00000E+00    0.00000E+00    0.00000E+00    0.00000E+00    0.00000E+00
    0.39650E+07    0.00000E+00    0.00000E+00    0.00000E+00    0.00000E+00    0.00000E+00    0.00000E+00
    0.39700E+07    0.00000E+00    0.00000E+00    0.00000E+00    0.00000E+00    0.00000E+00    0.00000E+00
    0.39750E+07    0.00000E+00    0.00000E+00    0.00000E+00    0.00000E+00    0.00000E+00    0.00000E+00
    0.39800E+07    0.00000E+00    0.00000E+00    0.00000E+00    0.00000E+00    0.00000E+00    0.00000E+00
    0.39850E+07    0.00000E+00    0.00000E+00    0.00000E+00    0.00000E+00    0.00000E+00    0.00000E+00
    0.39900E+07    0.00000E+00    0.00000E+00    0.00000E+00    0.00000E+00    0.00000E+00    0.00000E+00
    0.39950E+07    0.00000E+00    0.00000E+00    0.00000E+00    0.00000E+00    0.00000E+00    0.00000E+00
    0.40000E+07    0.00000E+00    0.00000E+00    0.00000E+00    0.00000E+00    0.00000E+00    0.00000E+00
    0.40050E+07    0.00000E+00    0.00000E+00    0.00000E+00    0.00000E+00    0.00000E+00    0.00000E+00
    0.40100E+07    0.00000E+00    0.00000E+00    0.00000E+00    0.00000E+00    0.00000E+00    0.00000E+00
    0.40150E+07    0.00000E+00    0.00000E+00    0.00000E+00    0.00000E+00    0.00000E+00    0.00000E+00
    0.40200E+07    0.00000E+00    0.00000E+00    0.00000E+00    0.00000E+00    0.00000E+00    0.00000E+00
    0.40250E+07    0.00000E+00    0.00000E+00    0.00000E+00    0.00000E+00    0.00000E+00    0.00000E+00
    0.40300E+07    0.00000E+00    0.00000E+00    0.00000E+00    0.00000E+00    0.00000E+00    0.00000E+00
    0.40350E+07    0.00000E+00    0.00000E+00    0.00000E+00    0.00000E+00    0.00000E+00    0.00000E+00
    0.40400E+07    0.00000E+00    0.00000E+00    0.00000E+00    0.00000E+00    0.00000E+00    0.00000E+00
    0.40450E+07    0.00000E+00    0.00000E+00    0.00000E+00    0.00000E+00    0.00000E+00    0.00000E+00
    0.40500E+07    0.00000E+00    0.00000E+00    0.00000E+00    0.00000E+00    0.00000E+00    0.00000E+00
    0.40550E+07    0.00000E+00    0.00000E+00    0.00000E+00    0.00000E+00    0.00000E+00    0.00000E+00
    0.40600E+07    0.00000E+00    0.00000E+00    0.00000E+00    0.00000E+00    0.00000E+00    0.00000E+00
    0.40650E+07    0.00000E+00    0.00000E+00    0.00000E+00    0.00000E+00    0.00000E+00    0.00000E+00
    0.40700E+07    0.00000E+00    0.00000E+00    0.00000E+00    0.00000E+00    0.00000E+00    0.00000E+00
    0.40750E+07    0.00000E+00    0.00000E+00    0.00000E+00    0.00000E+00    0.00000E+00    0.00000E+00
    0.40800E+07    0.00000E+00    0.00000E+00    0.00000E+00    0.00000E+00    0.00000E+00    0.00000E+00
    0.40850E+07    0.00000E+00    0.00000E+00    0.00000E+00    0.00000E+00    0.00000E+00    0.00000E+00
    0.40900E+07    0.00000E+00    0.00000E+00    0.00000E+00    0.00000E+00    0.00000E+00    0.00000E+00
    0.40950E+07    0.00000E+00    0.00000E+00    0.00000E+00    0.00000E+00    0.00000E+00    0.00000E+00
    0.41000E+07    0.00000E+00    0.00000E+00    0.00000E+00    0.00000E+00    0.00000E+00    0.00000E+00
    0.41050E+07    0.00000E+00    0.00000E+00    0.00000E+00    0.00000E+00    0.00000E+00    0.00000E+00
    0.41100E+07    0.00000E+00    0.00000E+00    0.00000E+00    0.00000E+00    0.00000E+00    0.00000E+00
    0.41150E+07    0.00000E+00    0.00000E+00    0.00000E+00    0.00000E+00    0.00000E+00    0.00000E+00
    0.41200E+07    0.00000E+00    0.00000E+00    0.00000E+00    0.00000E+00    0.00000E+00    0.00000E+00
    0.41250E+07    0.00000E+00    0.00000E+00    0.00000E+00    0.00000E+00    0.00000E+00    0.00000E+00
    0.41300E+07    0.00000E+00    0.00000E+00    0.00000E+00    0.00000E+00    0.00000E+00    0.00000E+00
    0.41350E+07    0.00000E+00    0.00000E+00    0.00000E+00    0.00000E+00    0.00000E+00    0.00000E+00
    0.41400E+07    0.00000E+00    0.00000E+00    0.00000E+00    0.00000E+00    0.00000E+00    0.00000E+00
    0.41450E+07    0.00000E+00    0.00000E+00    0.00000E+00    0.00000E+00    0.00000E+00    0.00000E+00
    0.41500E+07    0.00000E+00    0.00000E+00    0.00000E+00    0.00000E+00    0.00000E+00    0.00000E+00
    0.41550E+07    0.00000E+00    0.00000E+00    0.00000E+00    0.00000E+00    0.00000E+00    0.00000E+00
    0.41600E+07    0.00000E+00    0.00000E+00    0.00000E+00    0.00000E+00    0.00000E+00    0.00000E+00
    0.41650E+07    0.00000E+00    0.00000E+00    0.00000E+00    0.00000E+00    0.00000E+00    0.00000E+00
    0.41700E+07    0.00000E+00    0.00000E+00    0.00000E+00    0.00000E+00    0.00000E+00    0.00000E+00
    0.41750E+07    0.00000E+00    0.00000E+00    0.00000E+00    0.00000E+00    0.00000E+00    0.00000E+00
    0.41800E+07    0.00000E+00    0.00000E+00    0.00000E+00    0.00000E+00    0.00000E+00    0.00000E+00
    0.41850E+07    0.00000E+00    0.00000E+00    0.00000E+00    0.00000E+00    0.00000E+00    0.00000E+00
    0.41900E+07    0.00000E+00    0.00000E+00    0.00000E+00    0.00000E+00    0.00000E+00    0.00000E+00
    0.41950E+07    0.00000E+00    0.00000E+00    0.00000E+00    0.00000E+00    0.00000E+00    0.00000E+00
    0.42000E+07    0.00000E+00    0.00000E+00    0.00000E+00    0.00000E+00    0.00000E+00    0.00000E+00
    0.42050E+07    0.00000E+00    0.00000E+00    0.00000E+00    0.00000E+00    0.00000E+00    0.00000E+00
    0.42100E+07    0.00000E+00    0.00000E+00    0.00000E+00    0.00000E+00    0.00000E+00    0.00000E+00
    0.42150E+07    0.00000E+00    0.00000E+00    0.00000E+00    0.00000E+00    0.00000E+00    0.00000E+00
    0.42200E+07    0.00000E+00    0.00000E+00    0.00000E+00    0.00000E+00    0.00000E+00    0.00000E+00
    0.42250E+07    0.00000E+00    0.00000E+00    0.00000E+00    0.00000E+00    0.00000E+00    0.00000E+00
    0.42300E+07    0.00000E+00    0.00000E+00    0.00000E+00    0.00000E+00    0.00000E+00    0.00000E+00
    0.42350E+07    0.00000E+00    0.00000E+00    0.00000E+00    0.00000E+00    0.00000E+00    0.00000E+00
    0.42400E+07    0.00000E+00    0.00000E+00    0.00000E+00    0.00000E+00    0.00000E+00    0.00000E+00
    0.42450E+07    0.00000E+00    0.00000E+00    0.00000E+00    0.00000E+00    0.00000E+00    0.00000E+00
    0.42500E+07    0.00000E+00    0.00000E+00    0.00000E+00    0.00000E+00    0.00000E+00    0.00000E+00
    0.42550E+07    0.00000E+00    0.00000E+00    0.00000E+00    0.00000E+00    0.00000E+00    0.00000E+00
    0.42600E+07    0.00000E+00    0.00000E+00    0.00000E+00    0.00000E+00    0.00000E+00    0.00000E+00
    0.42650E+07    0.00000E+00    0.00000E+00    0.00000E+00    0.00000E+00    0.00000E+00    0.00000E+00
    0.42700E+07    0.00000E+00    0.00000E+00    0.00000E+00    0.00000E+00    0.00000E+00    0.00000E+00
    0.42750E+07    0.00000E+00    0.00000E+00    0.00000E+00    0.00000E+00    0.00000E+00    0.00000E+00
    0.42800E+07    0.00000E+00    0.00000E+00    0.00000E+00    0.00000E+00    0.00000E+00    0.00000E+00
    0.42850E+07    0.00000E+00    0.00000E+00    0.00000E+00    0.00000E+00    0.00000E+00    0.00000E+00
    0.42900E+07    0.00000E+00    0.00000E+00    0.00000E+00    0.00000E+00    0.00000E+00    0.00000E+00
    0.42950E+07    0.00000E+00    0.00000E+00    0.00000E+00    0.00000E+00    0.00000E+00    0.00000E+00
    0.43000E+07    0.00000E+00    0.00000E+00    0.00000E+00    0.00000E+00    0.00000E+00    0.00000E+00
    0.43050E+07    0.00000E+00    0.00000E+00    0.00000E+00    0.00000E+00    0.00000E+00    0.00000E+00
    0.43100E+07    0.00000E+00    0.00000E+00    0.00000E+00    0.00000E+00    0.00000E+00    0.00000E+00
    0.43150E+07    0.00000E+00    0.00000E+00    0.00000E+00    0.00000E+00    0.00000E+00    0.00000E+00
    0.43200E+07    0.00000E+00    0.00000E+00    0.00000E+00    0.00000E+00    0.00000E+00    0.00000E+00
    0.43250E+07    0.00000E+00    0.00000E+00    0.00000E+00    0.00000E+00    0.00000E+00    0.00000E+00
    0.43300E+07    0.00000E+00    0.00000E+00    0.00000E+00    0.00000E+00    0.00000E+00    0.00000E+00
    0.43350E+07    0.00000E+00    0.00000E+00    0.00000E+00    0.00000E+00    0.00000E+00    0.00000E+00
    0.43400E+07    0.00000E+00    0.00000E+00    0.00000E+00    0.00000E+00    0.00000E+00    0.00000E+00
    0.43450E+07    0.00000E+00    0.00000E+00    0.00000E+00    0.00000E+00    0.00000E+00    0.00000E+00
    0.43500E+07    0.00000E+00    0.00000E+00    0.00000E+00    0.00000E+00    0.00000E+00    0.00000E+00
    0.43550E+07    0.00000E+00    0.00000E+00    0.00000E+00    0.00000E+00    0.00000E+00    0.00000E+00
    0.43600E+07    0.00000E+00    0.00000E+00    0.00000E+00    0.00000E+00    0.00000E+00    0.00000E+00
    0.43650E+07    0.00000E+00    0.00000E+00    0.00000E+00    0.00000E+00    0.00000E+00    0.00000E+00
    0.43700E+07    0.00000E+00    0.00000E+00    0.00000E+00    0.00000E+00    0.00000E+00    0.00000E+00
    0.43750E+07    0.00000E+00    0.00000E+00    0.00000E+00    0.00000E+00    0.00000E+00    0.00000E+00
    0.43800E+07    0.00000E+00    0.00000E+00    0.00000E+00    0.00000E+00    0.00000E+00    0.00000E+00
    0.43850E+07    0.00000E+00    0.00000E+00    0.00000E+00    0.00000E+00    0.00000E+00    0.00000E+00
    0.43900E+07    0.00000E+00    0.00000E+00    0.00000E+00    0.00000E+00    0.00000E+00    0.00000E+00
    0.43950E+07    0.00000E+00    0.00000E+00    0.00000E+00    0.00000E+00    0.00000E+00    0.00000E+00
    0.44000E+07    0.00000E+00    0.00000E+00    0.00000E+00    0.00000E+00    0.00000E+00    0.00000E+00
    0.44050E+07    0.00000E+00    0.00000E+00    0.00000E+00    0.00000E+00    0.00000E+00    0.00000E+00
    0.44100E+07    0.00000E+00    0.00000E+00    0.00000E+00    0.00000E+00    0.00000E+00    0.00000E+00
    0.44150E+07    0.00000E+00    0.00000E+00    0.00000E+00    0.00000E+00    0.00000E+00    0.00000E+00
    0.44200E+07    0.00000E+00    0.00000E+00    0.00000E+00    0.00000E+00    0.00000E+00    0.00000E+00
    0.44250E+07    0.00000E+00    0.00000E+00    0.00000E+00    0.00000E+00    0.00000E+00    0.00000E+00
    0.44300E+07    0.00000E+00    0.00000E+00    0.00000E+00    0.00000E+00    0.00000E+00    0.00000E+00
    0.44350E+07    0.00000E+00    0.00000E+00    0.00000E+00    0.00000E+00    0.00000E+00    0.00000E+00
    0.44400E+07    0.00000E+00    0.00000E+00    0.00000E+00    0.00000E+00    0.00000E+00    0.00000E+00
    0.44450E+07    0.00000E+00    0.00000E+00    0.00000E+00    0.00000E+00    0.00000E+00    0.00000E+00
    0.44500E+07    0.00000E+00    0.00000E+00    0.00000E+00    0.00000E+00    0.00000E+00    0.00000E+00
    0.44550E+07    0.00000E+00    0.00000E+00    0.00000E+00    0.00000E+00    0.00000E+00    0.00000E+00
    0.44600E+07    0.00000E+00    0.00000E+00    0.00000E+00    0.00000E+00    0.00000E+00    0.00000E+00
    0.44650E+07    0.00000E+00    0.00000E+00    0.00000E+00    0.00000E+00    0.00000E+00    0.00000E+00
    0.44700E+07    0.00000E+00    0.00000E+00    0.00000E+00    0.00000E+00    0.00000E+00    0.00000E+00
    0.44750E+07    0.00000E+00    0.00000E+00    0.00000E+00    0.00000E+00    0.00000E+00    0.00000E+00
    0.44800E+07    0.00000E+00    0.00000E+00    0.00000E+00    0.00000E+00    0.00000E+00    0.00000E+00
    0.44850E+07    0.00000E+00    0.00000E+00    0.00000E+00    0.00000E+00    0.00000E+00    0.00000E+00
    0.44900E+07    0.00000E+00    0.00000E+00    0.00000E+00    0.00000E+00    0.00000E+00    0.00000E+00
    0.44950E+07    0.00000E+00    0.00000E+00    0.00000E+00    0.00000E+00    0.00000E+00    0.00000E+00
    0.45000E+07    0.00000E+00    0.00000E+00    0.00000E+00    0.00000E+00    0.00000E+00    0.00000E+00
    0.45050E+07    0.00000E+00    0.00000E+00    0.00000E+00    0.00000E+00    0.00000E+00    0.00000E+00
    0.45100E+07    0.00000E+00    0.00000E+00    0.00000E+00    0.00000E+00    0.00000E+00    0.00000E+00
    0.45150E+07    0.00000E+00    0.00000E+00    0.00000E+00    0.00000E+00    0.00000E+00    0.00000E+00
    0.45200E+07    0.00000E+00    0.00000E+00    0.00000E+00    0.00000E+00    0.00000E+00    0.00000E+00
    0.45250E+07    0.00000E+00    0.00000E+00    0.00000E+00    0.00000E+00    0.00000E+00    0.00000E+00
    0.45300E+07    0.00000E+00    0.00000E+00    0.00000E+00    0.00000E+00    0.00000E+00    0.00000E+00
    0.45350E+07    0.00000E+00    0.00000E+00    0.00000E+00    0.00000E+00    0.00000E+00    0.00000E+00
    0.45400E+07    0.00000E+00    0.00000E+00    0.00000E+00    0.00000E+00    0.00000E+00    0.00000E+00
    0.45450E+07    0.00000E+00    0.00000E+00    0.00000E+00    0.00000E+00    0.00000E+00    0.00000E+00
    0.45500E+07    0.00000E+00    0.00000E+00    0.00000E+00    0.00000E+00    0.00000E+00    0.00000E+00
    0.45550E+07    0.00000E+00    0.00000E+00    0.00000E+00    0.00000E+00    0.00000E+00    0.00000E+00
    0.45600E+07    0.00000E+00    0.00000E+00    0.00000E+00    0.00000E+00    0.00000E+00    0.00000E+00
    0.45650E+07    0.17975E-33    0.25884E-33    0.24672E-33    0.00000E+00    0.00000E+00    0.00000E+00
    0.45700E+07    0.38396E-33    0.55255E-33    0.52669E-33    0.00000E+00    0.00000E+00    0.00000E+00
    0.45750E+07    0.50115E-33    0.72058E-33    0.68685E-33    0.00000E+00    0.00000E+00    0.00000E+00
    0.45800E+07    0.65366E-33    0.93951E-33    0.89531E-33    0.00000E+00    0.00000E+00    0.00000E+00
    0.45850E+07    0.85205E-33    0.12246E-32    0.11665E-32    0.00000E+00    0.00000E+00    0.00000E+00
    0.45900E+07    0.11100E-32    0.15958E-32    0.15192E-32    0.00000E+00    0.00000E+00    0.00000E+00
    0.45950E+07    0.14452E-32    0.20787E-32    0.19776E-32    0.00000E+00    0.00000E+00    0.00000E+00
    0.46000E+07    0.18807E-32    0.27068E-32    0.25732E-32    0.00000E+00    0.00000E+00    0.00000E+00
    0.46050E+07    0.24462E-32    0.35234E-32    0.33466E-32    0.00000E+00    0.00000E+00    0.00000E+00
    0.46100E+07    0.31801E-32    0.45845E-32    0.43507E-32    0.00000E+00    0.00000E+00    0.00000E+00
    0.46150E+07    0.41321E-32    0.59627E-32    0.56534E-32    0.00000E+00    0.00000E+00    0.00000E+00
    0.46200E+07    0.53667E-32    0.77520E-32    0.73428E-32    0.00000E+00    0.00000E+00    0.00000E+00
    0.46250E+07    0.69669E-32    0.10074E-31    0.95330E-32    0.00000E+00    0.00000E+00    0.00000E+00
    0.46300E+07    0.90401E-32    0.13086E-31    0.12371E-31    0.00000E+00    0.00000E+00    0.00000E+00
    0.46350E+07    0.11725E-31    0.16991E-31    0.16046E-31    0.00000E+00    0.00000E+00    0.00000E+00
    0.46400E+07    0.15200E-31    0.22053E-31    0.20805E-31    0.00000E+00    0.00000E+00    0.00000E+00
    0.46450E+07    0.19696E-31    0.28609E-31    0.26962E-31    0.00000E+00    0.00000E+00    0.00000E+00
    0.46500E+07    0.25511E-31    0.37099E-31    0.34926E-31    0.00000E+00    0.00000E+00    0.00000E+00
    0.46550E+07    0.33028E-31    0.48088E-31    0.45223E-31    0.00000E+00    0.00000E+00    0.00000E+00
    0.46600E+07    0.42740E-31    0.62304E-31    0.58530E-31    0.00000E+00    0.00000E+00    0.00000E+00
    0.46650E+07    0.55284E-31    0.80687E-31    0.75718E-31    0.00000E+00    0.00000E+00    0.00000E+00
    0.46700E+07    0.71478E-31    0.10445E-30    0.97911E-31    0.00000E+00    0.00000E+00    0.00000E+00
    0.46750E+07    0.92375E-31    0.13515E-30    0.12655E-30    0.00000E+00    0.00000E+00    0.00000E+00
    0.46800E+07    0.11933E-30    0.17480E-30    0.16350E-30    0.00000E+00    0.00000E+00    0.00000E+00
    0.46850E+07    0.15408E-30    0.22599E-30    0.21114E-30    0.00000E+00    0.00000E+00    0.00000E+00
    0.46900E+07    0.19886E-30    0.29203E-30    0.27255E-30    0.00000E+00    0.00000E+00    0.00000E+00
    0.46950E+07    0.25654E-30    0.37722E-30    0.35165E-30    0.00000E+00    0.00000E+00    0.00000E+00
    0.47000E+07    0.33081E-30    0.48704E-30    0.45353E-30    0.00000E+00    0.00000E+00    0.00000E+00
    0.47050E+07    0.42640E-30    0.62856E-30    0.58465E-30    0.00000E+00    0.00000E+00    0.00000E+00
    0.47100E+07    0.54936E-30    0.81085E-30    0.75335E-30    0.00000E+00    0.00000E+00    0.00000E+00
    0.47150E+07    0.70747E-30    0.10456E-29    0.97031E-30    0.00000E+00    0.00000E+00    0.00000E+00
    0.47200E+07    0.91069E-30    0.13476E-29    0.12492E-29    0.00000E+00    0.00000E+00    0.00000E+00
    0.47250E+07    0.11718E-29    0.17362E-29    0.16076E-29    0.00000E+00    0.00000E+00    0.00000E+00
    0.47300E+07    0.15070E-29    0.22358E-29    0.20678E-29    0.00000E+00    0.00000E+00    0.00000E+00
    0.47350E+07    0.19374E-29    0.28780E-29    0.26587E-29    0.00000E+00    0.00000E+00    0.00000E+00
    0.47400E+07    0.24896E-29    0.37031E-29    0.34169E-29    0.00000E+00    0.00000E+00    0.00000E+00
    0.47450E+07    0.31977E-29    0.47626E-29    0.43894E-29    0.00000E+00    0.00000E+00    0.00000E+00
    0.47500E+07    0.41055E-29    0.61227E-29    0.56363E-29    0.00000E+00    0.00000E+00    0.00000E+00
    0.47550E+07    0.52686E-29    0.78678E-29    0.72342E-29    0.00000E+00    0.00000E+00    0.00000E+00
    0.47600E+07    0.67584E-29    0.10106E-28    0.92810E-29    0.00000E+00    0.00000E+00    0.00000E+00
    0.47650E+07    0.86658E-29    0.12975E-28    0.11902E-28    0.00000E+00    0.00000E+00    0.00000E+00
    0.47700E+07    0.11106E-28    0.16652E-28    0.15256E-28    0.00000E+00    0.00000E+00    0.00000E+00
    0.47750E+07    0.14229E-28    0.21361E-28    0.19547E-28    0.00000E+00    0.00000E+00    0.00000E+00
    0.47800E+07    0.18220E-28    0.27390E-28    0.25035E-28    0.00000E+00    0.00000E+00    0.00000E+00
    0.47850E+07    0.23322E-28    0.35107E-28    0.32048E-28    0.00000E+00    0.00000E+00    0.00000E+00
    0.47900E+07    0.29838E-28    0.44977E-28    0.41010E-28    0.00000E+00    0.00000E+00    0.00000E+00
    0.47950E+07    0.38160E-28    0.57599E-28    0.52453E-28    0.00000E+00    0.00000E+00    0.00000E+00
    0.48000E+07    0.48781E-28    0.73731E-28    0.67062E-28    0.00000E+00    0.00000E+00    0.00000E+00
    0.48050E+07    0.62331E-28    0.94341E-28    0.85702E-28    0.00000E+00    0.00000E+00    0.00000E+00
    0.48100E+07    0.79611E-28    0.12066E-27    0.10948E-27    0.00000E+00    0.00000E+00    0.00000E+00
    0.48150E+07    0.10164E-27    0.15426E-27    0.13978E-27    0.00000E+00    0.00000E+00    0.00000E+00
    0.48200E+07    0.12970E-27    0.19712E-27    0.17841E-27    0.00000E+00    0.00000E+00    0.00000E+00
    0.48250E+07    0.16544E-27    0.25180E-27    0.22760E-27    0.00000E+00    0.00000E+00    0.00000E+00
    0.48300E+07    0.21095E-27    0.32150E-27    0.29024E-27    0.00000E+00    0.00000E+00    0.00000E+00
    0.48350E+07    0.26885E-27    0.41031E-27    0.36995E-27    0.00000E+00    0.00000E+00    0.00000E+00
    0.48400E+07    0.34249E-27    0.52345E-27    0.47135E-27    0.00000E+00    0.00000E+00    0.00000E+00
    0.48450E+07    0.43613E-27    0.66749E-27    0.60029E-27    0.00000E+00    0.00000E+00    0.00000E+00
    0.48500E+07    0.55512E-27    0.85082E-27    0.76418E-27    0.00000E+00    0.00000E+00    0.00000E+00
    0.48550E+07    0.70627E-27    0.10840E-26    0.97238E-27    0.00000E+00    0.00000E+00    0.00000E+00
    0.48600E+07    0.89820E-27    0.13806E-26    0.12368E-26    0.00000E+00    0.00000E+00    0.00000E+00
    0.48650E+07    0.11418E-26    0.17575E-26    0.15724E-26    0.00000E+00    0.00000E+00    0.00000E+00
    0.48700E+07    0.14508E-26    0.22364E-26    0.19983E-26    0.00000E+00    0.00000E+00    0.00000E+00
    0.48750E+07    0.18427E-26    0.28446E-26    0.25384E-26    0.00000E+00    0.00000E+00    0.00000E+00
    0.48800E+07    0.23394E-26    0.36167E-26    0.32230E-26    0.00000E+00    0.00000E+00    0.00000E+00
    0.48850E+07    0.29688E-26    0.45964E-26    0.40907E-26    0.00000E+00    0.00000E+00    0.00000E+00
    0.48900E+07    0.37659E-26    0.58391E-26    0.51896E-26    0.00000E+00    0.00000E+00    0.00000E+00
    0.48950E+07    0.47749E-26    0.74145E-26    0.65810E-26    0.00000E+00    0.00000E+00    0.00000E+00
    0.49000E+07    0.60518E-26    0.94111E-26    0.83418E-26    0.00000E+00    0.00000E+00    0.00000E+00
    0.49050E+07    0.76668E-26    0.11940E-25    0.10569E-25    0.00000E+00    0.00000E+00    0.00000E+00
    0.49100E+07    0.97086E-26    0.15143E-25    0.13386E-25    0.00000E+00    0.00000E+00    0.00000E+00
    0.49150E+07    0.12289E-25    0.19196E-25    0.16946E-25    0.00000E+00    0.00000E+00    0.00000E+00
    0.49200E+07    0.15548E-25    0.24324E-25    0.21443E-25    0.00000E+00    0.00000E+00    0.00000E+00
    0.49250E+07    0.19664E-25    0.30809E-25    0.27123E-25    0.00000E+00    0.00000E+00    0.00000E+00
    0.49300E+07    0.24859E-25    0.39007E-25    0.34292E-25    0.00000E+00    0.00000E+00    0.00000E+00
    0.49350E+07    0.31412E-25    0.49365E-25    0.43337E-25    0.00000E+00    0.00000E+00    0.00000E+00
    0.49400E+07    0.39676E-25    0.62448E-25    0.54746E-25    0.00000E+00    0.00000E+00    0.00000E+00
    0.49450E+07    0.50094E-25    0.78965E-25    0.69128E-25    0.00000E+00    0.00000E+00    0.00000E+00
    0.49500E+07    0.63219E-25    0.99809E-25    0.87252E-25    0.00000E+00    0.00000E+00    0.00000E+00
    0.49550E+07    0.79749E-25    0.12610E-24    0.11008E-24    0.00000E+00    0.00000E+00    0.00000E+00
    0.49600E+07    0.10056E-24    0.15926E-24    0.13882E-24    0.00000E+00    0.00000E+00    0.00000E+00
    0.49650E+07    0.12675E-24    0.20104E-24    0.17499E-24    0.00000E+00    0.00000E+00    0.00000E+00
    0.49700E+07    0.15968E-24    0.25368E-24    0.22050E-24    0.00000E+00    0.00000E+00    0.00000E+00
    0.49750E+07    0.20110E-24    0.31998E-24    0.27772E-24    0.00000E+00    0.00000E+00    0.00000E+00
    0.49800E+07    0.25314E-24    0.40343E-24    0.34963E-24    0.00000E+00    0.00000E+00    0.00000E+00
    0.49850E+07    0.31852E-24    0.50843E-24    0.43999E-24    0.00000E+00    0.00000E+00    0.00000E+00
    0.49900E+07    0.40061E-24    0.64049E-24    0.55345E-24    0.00000E+00    0.00000E+00    0.00000E+00
    0.49950E+07    0.50365E-24    0.80652E-24    0.69589E-24    0.00000E+00    0.00000E+00    0.00000E+00
    0.50000E+07    0.63293E-24    0.10152E-23    0.87461E-24    0.00000E+00    0.00000E+00    0.00000E+00
    0.50050E+07    0.79505E-24    0.12772E-23    0.10988E-23    0.00000E+00    0.00000E+00    0.00000E+00
    0.50100E+07    0.99827E-24    0.16063E-23    0.13798E-23    0.00000E+00    0.00000E+00    0.00000E+00
    0.50150E+07    0.12529E-23    0.20194E-23    0.17319E-23    0.00000E+00    0.00000E+00    0.00000E+00
    0.50200E+07    0.15718E-23    0.25375E-23    0.21731E-23    0.00000E+00    0.00000E+00    0.00000E+00
    0.50250E+07    0.19711E-23    0.31873E-23    0.27254E-23    0.00000E+00    0.00000E+00    0.00000E+00
    0.50300E+07    0.24707E-23    0.40019E-23    0.34166E-23    0.00000E+00    0.00000E+00    0.00000E+00
    0.50350E+07    0.30957E-23    0.50225E-23    0.42814E-23    0.00000E+00    0.00000E+00    0.00000E+00
    0.50400E+07    0.38772E-23    0.63008E-23    0.53627E-23    0.00000E+00    0.00000E+00    0.00000E+00
    0.50450E+07    0.48538E-23    0.79012E-23    0.67143E-23    0.00000E+00    0.00000E+00    0.00000E+00
    0.50500E+07    0.60739E-23    0.99039E-23    0.84031E-23    0.00000E+00    0.00000E+00    0.00000E+00
    0.50550E+07    0.75975E-23    0.12409E-22    0.10512E-22    0.00000E+00    0.00000E+00    0.00000E+00
    0.50600E+07    0.94992E-23    0.15542E-22    0.13145E-22    0.00000E+00    0.00000E+00    0.00000E+00
    0.50650E+07    0.11872E-22    0.19457E-22    0.16430E-22    0.00000E+00    0.00000E+00    0.00000E+00
    0.50700E+07    0.14831E-22    0.24348E-22    0.20528E-22    0.00000E+00    0.00000E+00    0.00000E+00
    0.50750E+07    0.18520E-22    0.30456E-22    0.25636E-22    0.00000E+00    0.00000E+00    0.00000E+00
    0.50800E+07    0.23116E-22    0.38082E-22    0.32003E-22    0.00000E+00    0.00000E+00    0.00000E+00
    0.50850E+07    0.28842E-22    0.47596E-22    0.39933E-22    0.00000E+00    0.00000E+00    0.00000E+00
    0.50900E+07    0.35970E-22    0.59463E-22    0.49808E-22    0.00000E+00    0.00000E+00    0.00000E+00
    0.50950E+07    0.44841E-22    0.74257E-22    0.62099E-22    0.00000E+00    0.00000E+00    0.00000E+00
    0.51000E+07    0.55876E-22    0.92694E-22    0.77389E-22    0.00000E+00    0.00000E+00    0.00000E+00
    0.51050E+07    0.69597E-22    0.11566E-21    0.96403E-22    0.00000E+00    0.00000E+00    0.00000E+00
    0.51100E+07    0.86651E-22    0.14426E-21    0.12004E-21    0.00000E+00    0.00000E+00    0.00000E+00
    0.51150E+07    0.10784E-21    0.17985E-21    0.14941E-21    0.00000E+00    0.00000E+00    0.00000E+00
    0.51200E+07    0.13415E-21    0.22414E-21    0.18588E-21    0.00000E+00    0.00000E+00    0.00000E+00
    0.51250E+07    0.16681E-21    0.27921E-21    0.23116E-21    0.00000E+00    0.00000E+00    0.00000E+00
    0.51300E+07    0.20733E-21    0.34767E-21    0.28735E-21    0.00000E+00    0.00000E+00    0.00000E+00
    0.51350E+07    0.25759E-21    0.43273E-21    0.35704E-21    0.00000E+00    0.00000E+00    0.00000E+00
    0.51400E+07    0.31990E-21    0.53839E-21    0.44345E-21    0.00000E+00    0.00000E+00    0.00000E+00
    0.51450E+07    0.39712E-21    0.66956E-21    0.55054E-21    0.00000E+00    0.00000E+00    0.00000E+00
    0.51500E+07    0.49276E-21    0.83235E-21    0.68321E-21    0.00000E+00    0.00000E+00    0.00000E+00
    0.51550E+07    0.61117E-21    0.10343E-20    0.84748E-21    0.00000E+00    0.00000E+00    0.00000E+00
    0.51600E+07    0.75773E-21    0.12847E-20    0.10508E-20    0.00000E+00    0.00000E+00    0.00000E+00
    0.51650E+07    0.93903E-21    0.15951E-20    0.13024E-20    0.00000E+00    0.00000E+00    0.00000E+00
    0.51700E+07    0.11632E-20    0.19796E-20    0.16135E-20    0.00000E+00    0.00000E+00    0.00000E+00
    0.51750E+07    0.14403E-20    0.24558E-20    0.19980E-20    0.00000E+00    0.00000E+00    0.00000E+00
    0.51800E+07    0.17827E-20    0.30453E-20    0.24732E-20    0.00000E+00    0.00000E+00    0.00000E+00
    0.51850E+07    0.22055E-20    0.37748E-20    0.30600E-20    0.00000E+00    0.00000E+00    0.00000E+00
    0.51900E+07    0.27274E-20    0.46771E-20    0.37846E-20    0.00000E+00    0.00000E+00    0.00000E+00
    0.51950E+07    0.33714E-20    0.57926E-20    0.46787E-20    0.00000E+00    0.00000E+00    0.00000E+00
    0.52000E+07    0.41657E-20    0.71712E-20    0.57815E-20    0.00000E+00    0.00000E+00    0.00000E+00
    0.52050E+07    0.51450E-20    0.88743E-20    0.71413E-20    0.00000E+00    0.00000E+00    0.00000E+00
    0.52100E+07    0.63518E-20    0.10977E-19    0.88173E-20    0.00000E+00    0.00000E+00    0.00000E+00
    0.52150E+07    0.78384E-20    0.13573E-19    0.10882E-19    0.00000E+00    0.00000E+00    0.00000E+00
    0.52200E+07    0.96688E-20    0.16776E-19    0.13424E-19    0.00000E+00    0.00000E+00    0.00000E+00
    0.52250E+07    0.11922E-19    0.20725E-19    0.16553E-19    0.00000E+00    0.00000E+00    0.00000E+00
    0.52300E+07    0.14693E-19    0.25594E-19    0.20403E-19    0.00000E+00    0.00000E+00    0.00000E+00
    0.52350E+07    0.18101E-19    0.31594E-19    0.25138E-19    0.00000E+00    0.00000E+00    0.00000E+00
    0.52400E+07    0.22290E-19    0.38984E-19    0.30959E-19    0.00000E+00    0.00000E+00    0.00000E+00
    0.52450E+07    0.27437E-19    0.48082E-19    0.38110E-19    0.00000E+00    0.00000E+00    0.00000E+00
    0.52500E+07    0.33757E-19    0.59280E-19    0.46894E-19    0.00000E+00    0.00000E+00    0.00000E+00
    0.52550E+07    0.41517E-19    0.73055E-19    0.57678E-19    0.00000E+00    0.00000E+00    0.00000E+00
    0.52600E+07    0.51038E-19    0.89994E-19    0.70912E-19    0.00000E+00    0.00000E+00    0.00000E+00
    0.52650E+07    0.62716E-19    0.11081E-18    0.87145E-19    0.00000E+00    0.00000E+00    0.00000E+00
    0.52700E+07    0.77033E-19    0.13639E-18    0.10705E-18    0.00000E+00    0.00000E+00    0.00000E+00
    0.52750E+07    0.94579E-19    0.16781E-18    0.13144E-18    0.00000E+00    0.00000E+00    0.00000E+00
    0.52800E+07    0.11607E-18    0.20638E-18    0.16132E-18    0.00000E+00    0.00000E+00    0.00000E+00
    0.52850E+07    0.14239E-18    0.25370E-18    0.19792E-18    0.00000E+00    0.00000E+00    0.00000E+00
    0.52900E+07    0.17459E-18    0.31175E-18    0.24271E-18    0.00000E+00    0.00000E+00    0.00000E+00
    0.52950E+07    0.21400E-18    0.38292E-18    0.29750E-18    0.00000E+00    0.00000E+00    0.00000E+00
    0.53000E+07    0.26218E-18    0.47014E-18    0.36452E-18    0.00000E+00    0.00000E+00    0.00000E+00
    0.53050E+07    0.32107E-18    0.57699E-18    0.44643E-18    0.00000E+00    0.00000E+00    0.00000E+00
    0.53100E+07    0.39303E-18    0.70783E-18    0.54653E-18    0.00000E+00    0.00000E+00    0.00000E+00
    0.53150E+07    0.48090E-18    0.86797E-18    0.66877E-18    0.00000E+00    0.00000E+00    0.00000E+00
    0.53200E+07    0.58817E-18    0.10639E-17    0.81801E-18    0.00000E+00    0.00000E+00    0.00000E+00
    0.53250E+07    0.71907E-18    0.13035E-17    0.10001E-17    0.00000E+00    0.00000E+00    0.00000E+00
    0.53300E+07    0.87871E-18    0.15965E-17    0.12223E-17    0.00000E+00    0.00000E+00    0.00000E+00
    0.53350E+07    0.10733E-17    0.19544E-17    0.14931E-17    0.00000E+00    0.00000E+00    0.00000E+00
    0.53400E+07    0.13105E-17    0.23916E-17    0.18232E-17    0.00000E+00    0.00000E+00    0.00000E+00
    0.53450E+07    0.15994E-17    0.29254E-17    0.22252E-17    0.00000E+00    0.00000E+00    0.00000E+00
    0.53500E+07    0.19512E-17    0.35768E-17    0.27148E-17    0.00000E+00    0.00000E+00    0.00000E+00
    0.53550E+07    0.23792E-17    0.43715E-17    0.33107E-17    0.00000E+00    0.00000E+00    0.00000E+00
    0.53600E+07    0.29000E-17    0.53405E-17    0.40356E-17    0.00000E+00    0.00000E+00    0.00000E+00
    0.53650E+07    0.35332E-17    0.65216E-17    0.49171E-17    0.00000E+00    0.00000E+00    0.00000E+00
    0.53700E+07    0.43028E-17    0.79605E-17    0.59886E-17    0.00000E+00    0.00000E+00    0.00000E+00
    0.53750E+07    0.52379E-17    0.97128E-17    0.72904E-17    0.00000E+00    0.00000E+00    0.00000E+00
    0.53800E+07    0.63733E-17    0.11846E-16    0.88714E-17    0.00000E+00    0.00000E+00    0.00000E+00
    0.53850E+07    0.77516E-17    0.14442E-16    0.10791E-16    0.00000E+00    0.00000E+00    0.00000E+00
    0.53900E+07    0.94238E-17    0.17598E-16    0.13119E-16    0.00000E+00    0.00000E+00    0.00000E+00
    0.53950E+07    0.11452E-16    0.21436E-16    0.15943E-16    0.00000E+00    0.00000E+00    0.00000E+00
    0.54000E+07    0.13910E-16    0.26101E-16    0.19367E-16    0.00000E+00    0.00000E+00    0.00000E+00
    0.54050E+07    0.16889E-16    0.31766E-16    0.23516E-16    0.00000E+00    0.00000E+00    0.00000E+00
    0.54100E+07    0.20497E-16    0.38645E-16    0.28542E-16    0.00000E+00    0.00000E+00    0.00000E+00
    0.54150E+07    0.24865E-16    0.46994E-16    0.34626E-16    0.00000E+00    0.00000E+00    0.00000E+00
    0.54200E+07    0.30150E-16    0.57123E-16    0.41989E-16    0.00000E+00    0.00000E+00    0.00000E+00
    0.54250E+07    0.36544E-16    0.69406E-16    0.50895E-16    0.00000E+00    0.00000E+00    0.00000E+00
    0.54300E+07    0.44273E-16    0.84295E-16    0.61663E-16    0.00000E+00    0.00000E+00    0.00000E+00
    0.54350E+07    0.53615E-16    0.10233E-15    0.74678E-16    0.00000E+00    0.00000E+00    0.00000E+00
    0.54400E+07    0.64898E-16    0.12418E-15    0.90399E-16    0.00000E+00    0.00000E+00    0.00000E+00
    0.54450E+07    0.78523E-16    0.15063E-15    0.10938E-15    0.00000E+00    0.00000E+00    0.00000E+00
    0.54500E+07    0.94966E-16    0.18263E-15    0.13230E-15    0.00000E+00    0.00000E+00    0.00000E+00
    0.54550E+07    0.11480E-15    0.22134E-15    0.15994E-15    0.00000E+00    0.00000E+00    0.00000E+00
    0.54600E+07    0.13872E-15    0.26814E-15    0.19327E-15    0.00000E+00    0.00000E+00    0.00000E+00
    0.54650E+07    0.16755E-15    0.32470E-15    0.23344E-15    0.00000E+00    0.00000E+00    0.00000E+00
    0.54700E+07    0.20228E-15    0.39302E-15    0.28185E-15    0.00000E+00    0.00000E+00    0.00000E+00
    0.54750E+07    0.24410E-15    0.47552E-15    0.34013E-15    0.00000E+00    0.00000E+00    0.00000E+00
    0.54800E+07    0.29445E-15    0.57508E-15    0.41030E-15    0.00000E+00    0.00000E+00    0.00000E+00
    0.54850E+07    0.35501E-15    0.69520E-15    0.49471E-15    0.00000E+00    0.00000E+00    0.00000E+00
    0.54900E+07    0.42785E-15    0.84005E-15    0.59624E-15    0.00000E+00    0.00000E+00    0.00000E+00
    0.54950E+07    0.51540E-15    0.10147E-14    0.71827E-15    0.00000E+00    0.00000E+00    0.00000E+00
    0.55000E+07    0.62059E-15    0.12250E-14    0.86491E-15    0.00000E+00    0.00000E+00    0.00000E+00
    0.55050E+07    0.74693E-15    0.14784E-14    0.10410E-14    0.00000E+00    0.00000E+00    0.00000E+00
    0.55100E+07    0.89858E-15    0.17834E-14    0.12524E-14    0.00000E+00    0.00000E+00    0.00000E+00
    0.55150E+07    0.10805E-14    0.21504E-14    0.15061E-14    0.00000E+00    0.00000E+00    0.00000E+00
    0.55200E+07    0.12988E-14    0.25918E-14    0.18103E-14    0.00000E+00    0.00000E+00    0.00000E+00
    0.55250E+07    0.15604E-14    0.31224E-14    0.21750E-14    0.00000E+00    0.00000E+00    0.00000E+00
    0.55300E+07    0.18739E-14    0.37602E-14    0.26121E-14    0.00000E+00    0.00000E+00    0.00000E+00
    0.55350E+07    0.22493E-14    0.45262E-14    0.31355E-14    0.00000E+00    0.00000E+00    0.00000E+00
    0.55400E+07    0.26988E-14    0.54459E-14    0.37622E-14    0.00000E+00    0.00000E+00    0.00000E+00
    0.55450E+07    0.32366E-14    0.65497E-14    0.45120E-14    0.00000E+00    0.00000E+00    0.00000E+00
    0.55500E+07    0.38799E-14    0.78739E-14    0.54089E-14    0.00000E+00    0.00000E+00    0.00000E+00
    0.55550E+07    0.46489E-14    0.94617E-14    0.64812E-14    0.00000E+00    0.00000E+00    0.00000E+00
    0.55600E+07    0.55679E-14    0.11365E-13    0.77625E-14    0.00000E+00    0.00000E+00    0.00000E+00
    0.55650E+07    0.66655E-14    0.13645E-13    0.92929E-14    0.00000E+00    0.00000E+00    0.00000E+00
    0.55700E+07    0.79760E-14    0.16375E-13    0.11120E-13    0.00000E+00    0.00000E+00    0.00000E+00
    0.55750E+07    0.95436E-14    0.19642E-13    0.13295E-13    0.00000E+00    0.00000E+00    0.00000E+00
    0.55800E+07    0.11413E-13    0.23552E-13    0.15888E-13    0.00000E+00    0.00000E+00    0.00000E+00
    0.55800E+07    0.11413E-13    0.23552E-13    0.15888E-13    0.00000E+00    0.00000E+00    0.00000E+00
    0.55850E+07    0.13676E-13    0.28191E-13    0.18976E-13    0.00000E+00    0.00000E+00    0.00000E+00
    0.55900E+07    0.16370E-13    0.33741E-13    0.22650E-13    0.00000E+00    0.00000E+00    0.00000E+00
    0.55950E+07    0.19573E-13    0.40375E-13    0.27018E-13    0.00000E+00    0.00000E+00    0.00000E+00
    0.56000E+07    0.23381E-13    0.48300E-13    0.32206E-13    0.00000E+00    0.00000E+00    0.00000E+00
    0.56050E+07    0.27903E-13    0.57762E-13    0.38366E-13    0.00000E+00    0.00000E+00    0.00000E+00
    0.56100E+07    0.33271E-13    0.69052E-13    0.45674E-13    0.00000E+00    0.00000E+00    0.00000E+00
    0.56150E+07    0.39637E-13    0.82514E-13    0.54338E-13    0.00000E+00    0.00000E+00    0.00000E+00
    0.56200E+07    0.47183E-13    0.98557E-13    0.64602E-13    0.00000E+00    0.00000E+00    0.00000E+00
    0.56250E+07    0.56120E-13    0.11766E-12    0.76753E-13    0.00000E+00    0.00000E+00    0.00000E+00
    0.56300E+07    0.66699E-13    0.14040E-12    0.91127E-13    0.00000E+00    0.00000E+00    0.00000E+00
    0.56350E+07    0.79211E-13    0.16744E-12    0.10812E-12    0.00000E+00    0.00000E+00    0.00000E+00
    0.56400E+07    0.93998E-13    0.19958E-12    0.12819E-12    0.00000E+00    0.00000E+00    0.00000E+00
    0.56450E+07    0.11146E-12    0.23776E-12    0.15189E-12    0.00000E+00    0.00000E+00    0.00000E+00
    0.56500E+07    0.13208E-12    0.28308E-12    0.17985E-12    0.00000E+00    0.00000E+00    0.00000E+00
    0.56550E+07    0.15639E-12    0.33684E-12    0.21279E-12    0.00000E+00    0.00000E+00    0.00000E+00
    0.56600E+07    0.18504E-12    0.40056E-12    0.25160E-12    0.00000E+00    0.00000E+00    0.00000E+00
    0.56650E+07    0.21878E-12    0.47606E-12    0.29728E-12    0.00000E+00    0.00000E+00    0.00000E+00
    0.56700E+07    0.25848E-12    0.56545E-12    0.35101E-12    0.00000E+00    0.00000E+00    0.00000E+00
    0.56750E+07    0.30517E-12    0.67120E-12    0.41415E-12    0.00000E+00    0.00000E+00    0.00000E+00
    0.56800E+07    0.36003E-12    0.79622E-12    0.48830E-12    0.00000E+00    0.00000E+00    0.00000E+00
    0.56850E+07    0.42444E-12    0.94394E-12    0.57531E-12    0.00000E+00    0.00000E+00    0.00000E+00
    0.56900E+07    0.50001E-12    0.11183E-11    0.67734E-12    0.00000E+00    0.00000E+00    0.00000E+00
    0.56950E+07    0.58861E-12    0.13241E-11    0.79688E-12    0.00000E+00    0.00000E+00    0.00000E+00
    0.57000E+07    0.69240E-12    0.15668E-11    0.93682E-12    0.00000E+00    0.00000E+00    0.00000E+00
    0.57050E+07    0.81389E-12    0.18526E-11    0.11005E-11    0.00000E+00    0.00000E+00    0.00000E+00
    0.57100E+07    0.95599E-12    0.21893E-11    0.12919E-11    0.00000E+00    0.00000E+00    0.00000E+00
    0.57149E+07    0.11196E-11    0.25795E-11    0.15122E-11    0.00000E+00    0.00000E+00    0.00000E+00
    0.57199E+07    0.13103E-11    0.30372E-11    0.17686E-11    0.00000E+00    0.00000E+00    0.00000E+00
    0.57199E+07    0.18581E-11    0.25897E-11    0.17455E-11    0.00000E+00    0.00000E+00    0.00000E+00
    0.57200E+07    0.18624E-11    0.26049E-11    0.17512E-11    0.00000E+00    0.00000E+00    0.00000E+00
    0.57250E+07    0.20320E-11    0.32050E-11    0.19745E-11    0.00000E+00    0.00000E+00    0.00000E+00
    0.57300E+07    0.22260E-11    0.38981E-11    0.22296E-11    0.00000E+00    0.00000E+00    0.00000E+00
    0.57350E+07    0.24473E-11    0.46961E-11    0.25202E-11    0.00000E+00    0.00000E+00    0.00000E+00
    0.57400E+07    0.26989E-11    0.56124E-11    0.28502E-11    0.00000E+00    0.00000E+00    0.00000E+00
    0.57450E+07    0.29843E-11    0.66622E-11    0.32242E-11    0.00000E+00    0.00000E+00    0.00000E+00
    0.57500E+07    0.33075E-11    0.78627E-11    0.36471E-11    0.00000E+00    0.00000E+00    0.00000E+00
    0.57550E+07    0.36729E-11    0.92331E-11    0.41246E-11    0.00000E+00    0.00000E+00    0.00000E+00
    0.57600E+07    0.40851E-11    0.10795E-10    0.46629E-11    0.00000E+00    0.00000E+00    0.00000E+00
    0.57650E+07    0.45497E-11    0.12574E-10    0.52688E-11    0.00000E+00    0.00000E+00    0.00000E+00
    0.57700E+07    0.50726E-11    0.14597E-10    0.59501E-11    0.00000E+00    0.00000E+00    0.00000E+00
    0.57750E+07    0.56603E-11    0.16895E-10    0.67151E-11    0.00000E+00    0.00000E+00    0.00000E+00
    0.57800E+07    0.63201E-11    0.19502E-10    0.75731E-11    0.00000E+00    0.00000E+00    0.00000E+00
    0.57850E+07    0.70601E-11    0.22458E-10    0.85343E-11    0.00000E+00    0.00000E+00    0.00000E+00
    0.57900E+07    0.78889E-11    0.25806E-10    0.96101E-11    0.00000E+00    0.00000E+00    0.00000E+00
    0.57950E+07    0.88164E-11    0.29595E-10    0.10813E-10    0.00000E+00    0.00000E+00    0.00000E+00
    0.58000E+07    0.98531E-11    0.33877E-10    0.12155E-10    0.00000E+00    0.00000E+00    0.00000E+00
    0.58050E+07    0.11011E-10    0.38714E-10    0.13653E-10    0.00000E+00    0.00000E+00    0.00000E+00
    0.58100E+07    0.12302E-10    0.44173E-10    0.15322E-10    0.00000E+00    0.00000E+00    0.00000E+00
    0.58150E+07    0.13740E-10    0.50328E-10    0.17180E-10    0.00000E+00    0.00000E+00    0.00000E+00
    0.58200E+07    0.15342E-10    0.57262E-10    0.19246E-10    0.00000E+00    0.00000E+00    0.00000E+00
    0.58250E+07    0.17122E-10    0.65066E-10    0.21540E-10    0.00000E+00    0.00000E+00    0.00000E+00
    0.58300E+07    0.19099E-10    0.73842E-10    0.24086E-10    0.00000E+00    0.00000E+00    0.00000E+00
    0.58350E+07    0.21293E-10    0.83703E-10    0.26907E-10    0.00000E+00    0.00000E+00    0.00000E+00
    0.58400E+07    0.23724E-10    0.94774E-10    0.30030E-10    0.00000E+00    0.00000E+00    0.00000E+00
    0.58450E+07    0.26416E-10    0.10719E-09    0.33483E-10    0.00000E+00    0.00000E+00    0.00000E+00
    0.58500E+07    0.29393E-10    0.12111E-09    0.37297E-10    0.00000E+00    0.00000E+00    0.00000E+00
    0.58550E+07    0.32681E-10    0.13669E-09    0.41504E-10    0.00000E+00    0.00000E+00    0.00000E+00
    0.58600E+07    0.36309E-10    0.15412E-09    0.46141E-10    0.00000E+00    0.00000E+00    0.00000E+00
    0.58636E+07    0.39109E-10    0.16773E-09    0.49716E-10    0.00000E+00    0.00000E+00    0.00000E+00
    0.58636E+07    0.41455E-10    0.16364E-09    0.47297E-10    0.00000E+00    0.00000E+00    0.00000E+00
    0.58668E+07    0.43907E-10    0.17702E-09    0.50223E-10    0.00000E+00    0.00000E+00    0.00000E+00
    0.58700E+07    0.46490E-10    0.19133E-09    0.53294E-10    0.00000E+00    0.00000E+00    0.00000E+00
    0.58750E+07    0.50766E-10    0.21549E-09    0.58356E-10    0.00000E+00    0.00000E+00    0.00000E+00
    0.58800E+07    0.55385E-10    0.24223E-09    0.63794E-10    0.00000E+00    0.00000E+00    0.00000E+00
    0.58850E+07    0.60364E-10    0.27178E-09    0.69622E-10    0.00000E+00    0.00000E+00    0.00000E+00
    0.58900E+07    0.65720E-10    0.30440E-09    0.75850E-10    0.00000E+00    0.00000E+00    0.00000E+00
    0.58950E+07    0.71467E-10    0.34036E-09    0.82489E-10    0.00000E+00    0.00000E+00    0.00000E+00
    0.59000E+07    0.77619E-10    0.37993E-09    0.89545E-10    0.00000E+00    0.00000E+00    0.00000E+00
    0.59050E+07    0.84191E-10    0.42342E-09    0.97022E-10    0.00000E+00    0.00000E+00    0.00000E+00
    0.59100E+07    0.91192E-10    0.47114E-09    0.10492E-09    0.00000E+00    0.00000E+00    0.00000E+00
    0.59150E+07    0.98631E-10    0.52342E-09    0.11323E-09    0.00000E+00    0.00000E+00    0.00000E+00
    0.59200E+07    0.10651E-09    0.58063E-09    0.12196E-09    0.00000E+00    0.00000E+00    0.00000E+00
    0.59250E+07    0.11484E-09    0.64311E-09    0.13108E-09    0.00000E+00    0.00000E+00    0.00000E+00
    0.59300E+07    0.12362E-09    0.71127E-09    0.14057E-09    0.00000E+00    0.00000E+00    0.00000E+00
    0.59350E+07    0.13284E-09    0.78548E-09    0.15041E-09    0.00000E+00    0.00000E+00    0.00000E+00
    0.59400E+07    0.14250E-09    0.86616E-09    0.16057E-09    0.00000E+00    0.00000E+00    0.00000E+00
    0.59450E+07    0.15258E-09    0.95372E-09    0.17099E-09    0.00000E+00    0.00000E+00    0.00000E+00
    0.59500E+07    0.16305E-09    0.10486E-08    0.18164E-09    0.00000E+00    0.00000E+00    0.00000E+00
    0.59529E+07    0.16927E-09    0.11068E-08    0.18785E-09    0.00000E+00    0.00000E+00    0.00000E+00
    0.59558E+07    0.17561E-09    0.11677E-08    0.19411E-09    0.00000E+00    0.00000E+00    0.00000E+00
    0.59558E+07    0.20591E-09    0.10804E-08    0.15219E-09    0.00000E+00    0.00000E+00    0.00000E+00
    0.59600E+07    0.20820E-09    0.11785E-08    0.15060E-09    0.00000E+00    0.00000E+00    0.00000E+00
    0.59650E+07    0.21016E-09    0.13008E-08    0.14784E-09    0.00000E+00    0.00000E+00    0.00000E+00
    0.59700E+07    0.21146E-09    0.14294E-08    0.14368E-09    0.00000E+00    0.00000E+00    0.00000E+00
    0.59750E+07    0.21201E-09    0.15642E-08    0.13799E-09    0.00000E+00    0.00000E+00    0.00000E+00
    0.59800E+07    0.21174E-09    0.17049E-08    0.13062E-09    0.00000E+00    0.00000E+00    0.00000E+00
    0.59850E+07    0.21057E-09    0.18511E-08    0.12147E-09    0.00000E+00    0.00000E+00    0.00000E+00
    0.59900E+07    0.20843E-09    0.20025E-08    0.11042E-09    0.00000E+00    0.00000E+00    0.00000E+00
    0.59950E+07    0.20525E-09    0.21586E-08    0.97376E-10    0.00000E+00    0.00000E+00    0.00000E+00
    0.60000E+07    0.20100E-09    0.23187E-08    0.82248E-10    0.00000E+00    0.00000E+00    0.00000E+00
    0.60050E+07    0.19563E-09    0.24823E-08    0.64984E-10    0.00000E+00    0.00000E+00    0.00000E+00
    0.60100E+07    0.18912E-09    0.26485E-08    0.45532E-10    0.00000E+00    0.00000E+00    0.00000E+00
    0.60150E+07    0.18146E-09    0.28166E-08    0.23893E-10    0.00000E+00    0.00000E+00    0.00000E+00
    0.60200E+07    0.17268E-09    0.29855E-08    0.69322E-13    0.00000E+00    0.00000E+00    0.00000E+00
    0.60250E+07    0.16280E-09    0.31542E-08   -0.25872E-10    0.00000E+00    0.00000E+00    0.00000E+00
    0.60300E+07    0.15189E-09    0.33216E-08   -0.53857E-10    0.00000E+00    0.00000E+00    0.00000E+00
    0.60350E+07    0.14004E-09    0.34865E-08   -0.83740E-10    0.00000E+00    0.00000E+00    0.00000E+00
    0.60400E+07    0.12737E-09    0.36476E-08   -0.11536E-09    0.00000E+00    0.00000E+00    0.00000E+00
    0.60450E+07    0.11404E-09    0.38035E-08   -0.14849E-09    0.00000E+00    0.00000E+00    0.00000E+00
    0.60500E+07    0.10022E-09    0.39528E-08   -0.18287E-09    0.00000E+00    0.00000E+00    0.00000E+00
    0.60550E+07    0.86142E-10    0.40940E-08   -0.21817E-09    0.00000E+00    0.00000E+00    0.00000E+00
    0.60600E+07    0.72057E-10    0.42255E-08   -0.25403E-09    0.00000E+00    0.00000E+00    0.00000E+00
    0.60650E+07    0.58248E-10    0.43460E-08   -0.29002E-09    0.00000E+00    0.00000E+00    0.00000E+00
    0.60700E+07    0.45054E-10    0.44536E-08   -0.32567E-09    0.00000E+00    0.00000E+00    0.00000E+00
    0.60738E+07    0.35663E-10    0.45228E-08   -0.35526E-09    0.00000E+00    0.00000E+00    0.00000E+00
    0.60788E+07    0.24292E-10    0.46044E-08   -0.38919E-09    0.00000E+00    0.00000E+00    0.00000E+00
    0.60838E+07    0.14616E-10    0.46690E-08   -0.42123E-09    0.00000E+00    0.00000E+00    0.00000E+00
    0.60888E+07    0.70474E-11    0.47154E-08   -0.45075E-09    0.00000E+00    0.00000E+00    0.00000E+00
    0.60938E+07    0.20342E-11    0.47421E-08   -0.47712E-09    0.00000E+00    0.00000E+00    0.00000E+00
    0.60988E+07    0.28627E-13    0.47482E-08   -0.49966E-09    0.00000E+00    0.00000E+00    0.00000E+00
    0.61038E+07    0.14848E-11    0.47327E-08   -0.51774E-09    0.00000E+00    0.00000E+00    0.00000E+00
    0.61088E+07    0.68488E-11    0.46949E-08   -0.53068E-09    0.00000E+00    0.00000E+00    0.00000E+00
    0.61138E+07    0.16549E-10    0.46341E-08   -0.53787E-09    0.00000E+00    0.00000E+00    0.00000E+00
    0.61188E+07    0.30984E-10    0.45502E-08   -0.53870E-09    0.00000E+00    0.00000E+00    0.00000E+00
    0.61238E+07    0.50513E-10    0.44431E-08   -0.53267E-09    0.00000E+00    0.00000E+00    0.00000E+00
    0.61288E+07    0.75441E-10    0.43131E-08   -0.51928E-09    0.00000E+00    0.00000E+00    0.00000E+00
    0.61338E+07    0.10601E-09    0.41609E-08   -0.49819E-09    0.00000E+00    0.00000E+00    0.00000E+00
    0.61388E+07    0.14237E-09    0.39873E-08   -0.46910E-09    0.00000E+00    0.00000E+00    0.00000E+00
    0.61438E+07    0.18461E-09    0.37937E-08   -0.43189E-09    0.00000E+00    0.00000E+00    0.00000E+00
    0.61488E+07    0.23268E-09    0.35817E-08   -0.38653E-09    0.00000E+00    0.00000E+00    0.00000E+00
    0.61538E+07    0.28644E-09    0.33532E-08   -0.33320E-09    0.00000E+00    0.00000E+00    0.00000E+00
    0.61588E+07    0.34560E-09    0.31107E-08   -0.27220E-09    0.00000E+00    0.00000E+00    0.00000E+00
    0.61638E+07    0.41060E-09    0.28549E-08   -0.20566E-09    0.00000E+00    0.00000E+00    0.00000E+00
    0.61688E+07    0.48054E-09    0.25907E-08   -0.13176E-09    0.00000E+00    0.00000E+00    0.00000E+00
    0.61738E+07    0.55480E-09    0.23211E-08   -0.51511E-10    0.00000E+00    0.00000E+00    0.00000E+00
    0.61788E+07    0.63270E-09    0.20494E-08    0.33959E-10    0.00000E+00    0.00000E+00    0.00000E+00
    0.61838E+07    0.71307E-09    0.17795E-08    0.12361E-09    0.00000E+00    0.00000E+00    0.00000E+00
    0.61888E+07    0.79440E-09    0.15155E-08    0.21594E-09    0.00000E+00    0.00000E+00    0.00000E+00
    0.61938E+07    0.87501E-09    0.12613E-08    0.30902E-09    0.00000E+00    0.00000E+00    0.00000E+00
    0.61988E+07    0.95298E-09    0.10212E-08    0.40061E-09    0.00000E+00    0.00000E+00    0.00000E+00
    0.62038E+07    0.10278E-08    0.79770E-09    0.48976E-09    0.00000E+00    0.00000E+00    0.00000E+00
    0.62088E+07    0.10971E-08    0.59577E-09    0.57306E-09    0.00000E+00    0.00000E+00    0.00000E+00
    0.62138E+07    0.11577E-08    0.41944E-09    0.64665E-09    0.00000E+00    0.00000E+00    0.00000E+00
    0.62188E+07    0.12092E-08    0.27103E-09    0.70991E-09    0.00000E+00    0.00000E+00    0.00000E+00
    0.62238E+07    0.12502E-08    0.15310E-09    0.76102E-09    0.00000E+00    0.00000E+00    0.00000E+00
    0.62288E+07    0.12799E-08    0.67743E-10    0.79851E-09    0.00000E+00    0.00000E+00    0.00000E+00
    0.62338E+07    0.12973E-08    0.16433E-10    0.82117E-09    0.00000E+00    0.00000E+00    0.00000E+00
    0.62388E+07    0.13019E-08    0.33350E-13    0.82813E-09    0.00000E+00    0.00000E+00    0.00000E+00
    0.62438E+07    0.12930E-08    0.18732E-10    0.81878E-09    0.00000E+00    0.00000E+00    0.00000E+00
    0.62488E+07    0.12704E-08    0.72027E-10    0.79293E-09    0.00000E+00    0.00000E+00    0.00000E+00
    0.62538E+07    0.12344E-08    0.15873E-09    0.75096E-09    0.00000E+00    0.00000E+00    0.00000E+00
    0.62588E+07    0.11855E-08    0.27699E-09    0.69378E-09    0.00000E+00    0.00000E+00    0.00000E+00
    0.62638E+07    0.11246E-08    0.42438E-09    0.62283E-09    0.00000E+00    0.00000E+00    0.00000E+00
    0.62688E+07    0.10529E-08    0.59796E-09    0.54023E-09    0.00000E+00    0.00000E+00    0.00000E+00
    0.62738E+07    0.97283E-09    0.79431E-09    0.44887E-09    0.00000E+00    0.00000E+00    0.00000E+00
    0.62788E+07    0.88676E-09    0.10097E-08    0.35202E-09    0.00000E+00    0.00000E+00    0.00000E+00
    0.62838E+07    0.79781E-09    0.12401E-08    0.25306E-09    0.00000E+00    0.00000E+00    0.00000E+00
    0.62888E+07    0.70870E-09    0.14813E-08    0.15506E-09    0.00000E+00    0.00000E+00    0.00000E+00
    0.62938E+07    0.62179E-09    0.17291E-08    0.60611E-10    0.00000E+00    0.00000E+00    0.00000E+00
    0.62988E+07    0.53892E-09    0.19796E-08   -0.28284E-10    0.00000E+00    0.00000E+00    0.00000E+00
    0.63038E+07    0.45940E-09    0.22377E-08   -0.11288E-09    0.00000E+00    0.00000E+00    0.00000E+00
    0.63088E+07    0.38646E-09    0.24920E-08   -0.18920E-09    0.00000E+00    0.00000E+00    0.00000E+00
    0.63138E+07    0.32217E-09    0.27275E-08   -0.25573E-09    0.00000E+00    0.00000E+00    0.00000E+00
    0.63188E+07    0.26457E-09    0.29510E-08   -0.31624E-09    0.00000E+00    0.00000E+00    0.00000E+00
    0.63238E+07    0.21381E-09    0.31603E-08   -0.37103E-09    0.00000E+00    0.00000E+00    0.00000E+00
    0.63288E+07    0.16762E-09    0.33525E-08   -0.42209E-09    0.00000E+00    0.00000E+00    0.00000E+00
    0.63313E+07    0.14987E-09    0.34993E-08   -0.36513E-09    0.00000E+00    0.00000E+00    0.00000E+00
    0.63326E+07    0.14144E-09    0.35435E-08   -0.37427E-09    0.00000E+00    0.00000E+00    0.00000E+00
    0.63332E+07    0.13731E-09    0.35653E-08   -0.37873E-09    0.00000E+00    0.00000E+00    0.00000E+00
    0.63344E+07    0.12972E-09    0.36055E-08   -0.38690E-09    0.00000E+00    0.00000E+00    0.00000E+00
    0.63354E+07    0.12283E-09    0.36423E-08   -0.39433E-09    0.00000E+00    0.00000E+00    0.00000E+00
    0.63360E+07    0.11946E-09    0.36604E-08   -0.39795E-09    0.00000E+00    0.00000E+00    0.00000E+00
    0.63379E+07    0.10844E-09    0.37203E-08   -0.40973E-09    0.00000E+00    0.00000E+00    0.00000E+00
    0.63397E+07    0.97999E-10    0.37778E-08   -0.42084E-09    0.00000E+00    0.00000E+00    0.00000E+00
    0.63416E+07    0.88114E-10    0.38330E-08   -0.43132E-09    0.00000E+00    0.00000E+00    0.00000E+00
    0.63434E+07    0.78780E-10    0.38860E-08   -0.44092E-09    0.00000E+00    0.00000E+00    0.00000E+00
    0.63453E+07    0.69999E-10    0.39367E-08   -0.44961E-09    0.00000E+00    0.00000E+00    0.00000E+00
    0.63471E+07    0.61785E-10    0.39846E-08   -0.45797E-09    0.00000E+00    0.00000E+00    0.00000E+00
    0.63508E+07    0.46980E-10    0.40731E-08   -0.47263E-09    0.00000E+00    0.00000E+00    0.00000E+00
    0.63508E+07    0.46980E-10    0.40731E-08   -0.47263E-09    0.00000E+00    0.00000E+00    0.00000E+00
    0.63530E+07    0.39257E-10    0.41209E-08   -0.47994E-09    0.00000E+00    0.00000E+00    0.00000E+00
    0.63552E+07    0.32275E-10    0.41648E-08   -0.48681E-09    0.00000E+00    0.00000E+00    0.00000E+00
    0.63574E+07    0.26033E-10    0.42025E-08   -0.49640E-09    0.00000E+00    0.00000E+00    0.00000E+00
    0.63596E+07    0.20451E-10    0.42353E-08   -0.50689E-09    0.00000E+00    0.00000E+00    0.00000E+00
    0.63596E+07    0.39337E-10    0.33036E-08   -0.12748E-08    0.00000E+00    0.00000E+00    0.00000E+00
    0.63607E+07    0.29501E-10    0.32751E-08   -0.13532E-08    0.00000E+00    0.00000E+00    0.00000E+00
    0.63624E+07    0.15922E-10    0.32266E-08   -0.14674E-08    0.00000E+00    0.00000E+00    0.00000E+00
    0.63640E+07    0.57777E-11    0.31704E-08   -0.15750E-08    0.00000E+00    0.00000E+00    0.00000E+00
    0.63656E+07    0.28202E-12    0.22155E-08   -0.26190E-08    0.00000E+00    0.00000E+00    0.00000E+00
    0.63656E+07    0.59034E-09    0.10277E-09   -0.35387E-08    0.00000E+00    0.00000E+00    0.00000E+00
    0.63658E+07    0.64181E-26    0.10418E-09   -0.36376E-08    0.00000E+00    0.00000E+00    0.00000E+00
    0.63658E+07    0.00000E+00    0.00000E+00    0.00000E+00    0.00000E+00    0.00000E+00    0.00000E+00
    0.63671E+07    0.00000E+00    0.00000E+00    0.00000E+00    0.00000E+00    0.00000E+00    0.00000E+00
    0.63684E+07    0.00000E+00    0.00000E+00    0.00000E+00    0.00000E+00    0.00000E+00    0.00000E+00
    0.63697E+07    0.00000E+00    0.00000E+00    0.00000E+00    0.00000E+00    0.00000E+00    0.00000E+00
    0.63710E+07    0.00000E+00    0.00000E+00    0.00000E+00    0.00000E+00    0.00000E+00    0.00000E+00
