    0.34800E+07    0.00000E+00    0.00000E+00    0.00000E+00    0.00000E+00    0.00000E+00    0.00000E+00
    0.34850E+07    0.00000E+00    0.00000E+00    0.00000E+00    0.00000E+00    0.00000E+00    0.00000E+00
    0.34900E+07    0.00000E+00    0.00000E+00    0.00000E+00    0.00000E+00    0.00000E+00    0.00000E+00
    0.34950E+07    0.00000E+00    0.00000E+00    0.00000E+00    0.00000E+00    0.00000E+00    0.00000E+00
    0.35000E+07    0.00000E+00    0.00000E+00    0.00000E+00    0.00000E+00    0.00000E+00    0.00000E+00
    0.35050E+07    0.00000E+00    0.00000E+00    0.00000E+00    0.00000E+00    0.00000E+00    0.00000E+00
    0.35100E+07    0.00000E+00    0.00000E+00    0.00000E+00    0.00000E+00    0.00000E+00    0.00000E+00
    0.35150E+07    0.00000E+00    0.00000E+00    0.00000E+00    0.00000E+00    0.00000E+00    0.00000E+00
    0.35200E+07    0.00000E+00    0.00000E+00    0.00000E+00    0.00000E+00    0.00000E+00    0.00000E+00
    0.35250E+07    0.00000E+00    0.00000E+00    0.00000E+00    0.00000E+00    0.00000E+00    0.00000E+00
    0.35300E+07    0.00000E+00    0.00000E+00    0.00000E+00    0.00000E+00    0.00000E+00    0.00000E+00
    0.35350E+07    0.00000E+00    0.00000E+00    0.00000E+00    0.00000E+00    0.00000E+00    0.00000E+00
    0.35400E+07    0.00000E+00    0.00000E+00    0.00000E+00    0.00000E+00    0.00000E+00    0.00000E+00
    0.35450E+07    0.00000E+00    0.00000E+00    0.00000E+00    0.00000E+00    0.00000E+00    0.00000E+00
    0.35500E+07    0.00000E+00    0.00000E+00    0.00000E+00    0.00000E+00    0.00000E+00    0.00000E+00
    0.35550E+07    0.00000E+00    0.00000E+00    0.00000E+00    0.00000E+00    0.00000E+00    0.00000E+00
    0.35600E+07    0.00000E+00    0.00000E+00    0.00000E+00    0.00000E+00    0.00000E+00    0.00000E+00
    0.35650E+07    0.00000E+00    0.00000E+00    0.00000E+00    0.00000E+00    0.00000E+00    0.00000E+00
    0.35700E+07    0.00000E+00    0.00000E+00    0.00000E+00    0.00000E+00    0.00000E+00    0.00000E+00
    0.35750E+07    0.00000E+00    0.00000E+00    0.00000E+00    0.00000E+00    0.00000E+00    0.00000E+00
    0.35800E+07    0.00000E+00    0.00000E+00    0.00000E+00    0.00000E+00    0.00000E+00    0.00000E+00
    0.35850E+07    0.00000E+00    0.00000E+00    0.00000E+00    0.00000E+00    0.00000E+00    0.00000E+00
    0.35900E+07    0.00000E+00    0.00000E+00    0.00000E+00    0.00000E+00    0.00000E+00    0.00000E+00
    0.35950E+07    0.00000E+00    0.00000E+00    0.00000E+00    0.00000E+00    0.00000E+00    0.00000E+00
    0.36000E+07    0.00000E+00    0.00000E+00    0.00000E+00    0.00000E+00    0.00000E+00    0.00000E+00
    0.36050E+07    0.00000E+00    0.00000E+00    0.00000E+00    0.00000E+00    0.00000E+00    0.00000E+00
    0.36100E+07    0.00000E+00    0.00000E+00    0.00000E+00    0.00000E+00    0.00000E+00    0.00000E+00
    0.36150E+07    0.00000E+00    0.00000E+00    0.00000E+00    0.00000E+00    0.00000E+00    0.00000E+00
    0.36200E+07    0.00000E+00    0.00000E+00    0.00000E+00    0.00000E+00    0.00000E+00    0.00000E+00
    0.36250E+07    0.00000E+00    0.00000E+00    0.00000E+00    0.00000E+00    0.00000E+00    0.00000E+00
    0.36300E+07    0.00000E+00    0.00000E+00    0.00000E+00    0.00000E+00    0.00000E+00    0.00000E+00
    0.36300E+07    0.00000E+00    0.00000E+00    0.00000E+00    0.00000E+00    0.00000E+00    0.00000E+00
    0.36350E+07    0.00000E+00    0.00000E+00    0.00000E+00    0.00000E+00    0.00000E+00    0.00000E+00
    0.36400E+07    0.00000E+00    0.00000E+00    0.00000E+00    0.00000E+00    0.00000E+00    0.00000E+00
    0.36450E+07    0.00000E+00    0.00000E+00    0.00000E+00    0.00000E+00    0.00000E+00    0.00000E+00
    0.36500E+07    0.00000E+00    0.00000E+00    0.00000E+00    0.00000E+00    0.00000E+00    0.00000E+00
    0.36550E+07    0.00000E+00    0.00000E+00    0.00000E+00    0.00000E+00    0.00000E+00    0.00000E+00
    0.36600E+07    0.00000E+00    0.00000E+00    0.00000E+00    0.00000E+00    0.00000E+00    0.00000E+00
    0.36650E+07    0.00000E+00    0.00000E+00    0.00000E+00    0.00000E+00    0.00000E+00    0.00000E+00
    0.36700E+07    0.00000E+00    0.00000E+00    0.00000E+00    0.00000E+00    0.00000E+00    0.00000E+00
    0.36750E+07    0.00000E+00    0.00000E+00    0.00000E+00    0.00000E+00    0.00000E+00    0.00000E+00
    0.36800E+07    0.00000E+00    0.00000E+00    0.00000E+00    0.00000E+00    0.00000E+00    0.00000E+00
    0.36850E+07    0.00000E+00    0.00000E+00    0.00000E+00    0.00000E+00    0.00000E+00    0.00000E+00
    0.36900E+07    0.00000E+00    0.00000E+00    0.00000E+00    0.00000E+00    0.00000E+00    0.00000E+00
    0.36950E+07    0.00000E+00    0.00000E+00    0.00000E+00    0.00000E+00    0.00000E+00    0.00000E+00
    0.37000E+07    0.00000E+00    0.00000E+00    0.00000E+00    0.00000E+00    0.00000E+00    0.00000E+00
    0.37050E+07    0.00000E+00    0.00000E+00    0.00000E+00    0.00000E+00    0.00000E+00    0.00000E+00
    0.37100E+07    0.00000E+00    0.00000E+00    0.00000E+00    0.00000E+00    0.00000E+00    0.00000E+00
    0.37150E+07    0.00000E+00    0.00000E+00    0.00000E+00    0.00000E+00    0.00000E+00    0.00000E+00
    0.37200E+07    0.00000E+00    0.00000E+00    0.00000E+00    0.00000E+00    0.00000E+00    0.00000E+00
    0.37250E+07    0.00000E+00    0.00000E+00    0.00000E+00    0.00000E+00    0.00000E+00    0.00000E+00
    0.37300E+07    0.00000E+00    0.00000E+00    0.00000E+00    0.00000E+00    0.00000E+00    0.00000E+00
    0.37350E+07    0.00000E+00    0.00000E+00    0.00000E+00    0.00000E+00    0.00000E+00    0.00000E+00
    0.37400E+07    0.00000E+00    0.00000E+00    0.00000E+00    0.00000E+00    0.00000E+00    0.00000E+00
    0.37450E+07    0.00000E+00    0.00000E+00    0.00000E+00    0.00000E+00    0.00000E+00    0.00000E+00
    0.37500E+07    0.00000E+00    0.00000E+00    0.00000E+00    0.00000E+00    0.00000E+00    0.00000E+00
    0.37550E+07    0.00000E+00    0.00000E+00    0.00000E+00    0.00000E+00    0.00000E+00    0.00000E+00
    0.37600E+07    0.00000E+00    0.00000E+00    0.00000E+00    0.00000E+00    0.00000E+00    0.00000E+00
    0.37650E+07    0.00000E+00    0.00000E+00    0.00000E+00    0.00000E+00    0.00000E+00    0.00000E+00
    0.37700E+07    0.00000E+00    0.00000E+00    0.00000E+00    0.00000E+00    0.00000E+00    0.00000E+00
    0.37750E+07    0.00000E+00    0.00000E+00    0.00000E+00    0.00000E+00    0.00000E+00    0.00000E+00
    0.37800E+07    0.00000E+00    0.00000E+00    0.00000E+00    0.00000E+00    0.00000E+00    0.00000E+00
    0.37850E+07    0.00000E+00    0.00000E+00    0.00000E+00    0.00000E+00    0.00000E+00    0.00000E+00
    0.37900E+07    0.00000E+00    0.00000E+00    0.00000E+00    0.00000E+00    0.00000E+00    0.00000E+00
    0.37950E+07    0.00000E+00    0.00000E+00    0.00000E+00    0.00000E+00    0.00000E+00    0.00000E+00
    0.38000E+07    0.00000E+00    0.00000E+00    0.00000E+00    0.00000E+00    0.00000E+00    0.00000E+00
    0.38050E+07    0.00000E+00    0.00000E+00    0.00000E+00    0.00000E+00    0.00000E+00    0.00000E+00
    0.38100E+07    0.00000E+00    0.00000E+00    0.00000E+00    0.00000E+00    0.00000E+00    0.00000E+00
    0.38150E+07    0.00000E+00    0.00000E+00    0.00000E+00    0.00000E+00    0.00000E+00    0.00000E+00
    0.38200E+07    0.00000E+00    0.00000E+00    0.00000E+00    0.00000E+00    0.00000E+00    0.00000E+00
    0.38250E+07    0.00000E+00    0.00000E+00    0.00000E+00    0.00000E+00    0.00000E+00    0.00000E+00
    0.38300E+07    0.00000E+00    0.00000E+00    0.00000E+00    0.00000E+00    0.00000E+00    0.00000E+00
    0.38350E+07    0.00000E+00    0.00000E+00    0.00000E+00    0.00000E+00    0.00000E+00    0.00000E+00
    0.38400E+07    0.00000E+00    0.00000E+00    0.00000E+00    0.00000E+00    0.00000E+00    0.00000E+00
    0.38450E+07    0.00000E+00    0.00000E+00    0.00000E+00    0.00000E+00    0.00000E+00    0.00000E+00
    0.38500E+07    0.00000E+00    0.00000E+00    0.00000E+00    0.00000E+00    0.00000E+00    0.00000E+00
    0.38550E+07    0.00000E+00    0.00000E+00    0.00000E+00    0.00000E+00    0.00000E+00    0.00000E+00
    0.38600E+07    0.00000E+00    0.00000E+00    0.00000E+00    0.00000E+00    0.00000E+00    0.00000E+00
    0.38650E+07    0.00000E+00    0.00000E+00    0.00000E+00    0.00000E+00    0.00000E+00    0.00000E+00
    0.38700E+07    0.00000E+00    0.00000E+00    0.00000E+00    0.00000E+00    0.00000E+00    0.00000E+00
    0.38750E+07    0.00000E+00    0.00000E+00    0.00000E+00    0.00000E+00    0.00000E+00    0.00000E+00
    0.38800E+07    0.00000E+00    0.00000E+00    0.00000E+00    0.00000E+00    0.00000E+00    0.00000E+00
    0.38850E+07    0.00000E+00    0.00000E+00    0.00000E+00    0.00000E+00    0.00000E+00    0.00000E+00
    0.38900E+07    0.00000E+00    0.00000E+00    0.00000E+00    0.00000E+00    0.00000E+00    0.00000E+00
    0.38950E+07    0.00000E+00    0.00000E+00    0.00000E+00    0.00000E+00    0.00000E+00    0.00000E+00
    0.39000E+07    0.00000E+00    0.00000E+00    0.00000E+00    0.00000E+00    0.00000E+00    0.00000E+00
    0.39050E+07    0.00000E+00    0.00000E+00    0.00000E+00    0.00000E+00    0.00000E+00    0.00000E+00
    0.39100E+07    0.00000E+00    0.00000E+00    0.00000E+00    0.00000E+00    0.00000E+00    0.00000E+00
    0.39150E+07    0.00000E+00    0.00000E+00    0.00000E+00    0.00000E+00    0.00000E+00    0.00000E+00
    0.39200E+07    0.00000E+00    0.00000E+00    0.00000E+00    0.00000E+00    0.00000E+00    0.00000E+00
    0.39250E+07    0.00000E+00    0.00000E+00    0.00000E+00    0.00000E+00    0.00000E+00    0.00000E+00
    0.39300E+07    0.00000E+00    0.00000E+00    0.00000E+00    0.00000E+00    0.00000E+00    0.00000E+00
    0.39350E+07    0.00000E+00    0.00000E+00    0.00000E+00    0.00000E+00    0.00000E+00    0.00000E+00
    0.39400E+07    0.00000E+00    0.00000E+00    0.00000E+00    0.00000E+00    0.00000E+00    0.00000E+00
    0.39450E+07    0.00000E+00    0.00000E+00    0.00000E+00    0.00000E+00    0.00000E+00    0.00000E+00
    0.39500E+07    0.00000E+00    0.00000E+00    0.00000E+00    0.00000E+00    0.00000E+00    0.00000E+00
    0.39550E+07    0.00000E+00    0.00000E+00    0.00000E+00    0.00000E+00    0.00000E+00    0.00000E+00
    0.39600E+07    0.00000E+00    0.00000E+00    0.00000E+00    0.00000E+00    0.00000E+00    0.00000E+00
    0.39650E+07    0.00000E+00    0.00000E+00    0.00000E+00    0.00000E+00    0.00000E+00    0.00000E+00
    0.39700E+07    0.00000E+00    0.00000E+00    0.00000E+00    0.00000E+00    0.00000E+00    0.00000E+00
    0.39750E+07    0.00000E+00    0.00000E+00    0.00000E+00    0.00000E+00    0.00000E+00    0.00000E+00
    0.39800E+07    0.00000E+00    0.00000E+00    0.00000E+00    0.00000E+00    0.00000E+00    0.00000E+00
    0.39850E+07    0.00000E+00    0.00000E+00    0.00000E+00    0.00000E+00    0.00000E+00    0.00000E+00
    0.39900E+07    0.00000E+00    0.00000E+00    0.00000E+00    0.00000E+00    0.00000E+00    0.00000E+00
    0.39950E+07    0.00000E+00    0.00000E+00    0.00000E+00    0.00000E+00    0.00000E+00    0.00000E+00
    0.40000E+07    0.00000E+00    0.00000E+00    0.00000E+00    0.00000E+00    0.00000E+00    0.00000E+00
    0.40050E+07    0.00000E+00    0.00000E+00    0.00000E+00    0.00000E+00    0.00000E+00    0.00000E+00
    0.40100E+07    0.00000E+00    0.00000E+00    0.00000E+00    0.00000E+00    0.00000E+00    0.00000E+00
    0.40150E+07    0.00000E+00    0.00000E+00    0.00000E+00    0.00000E+00    0.00000E+00    0.00000E+00
    0.40200E+07    0.00000E+00    0.00000E+00    0.00000E+00    0.00000E+00    0.00000E+00    0.00000E+00
    0.40250E+07    0.00000E+00    0.00000E+00    0.00000E+00    0.00000E+00    0.00000E+00    0.00000E+00
    0.40300E+07    0.00000E+00    0.00000E+00    0.00000E+00    0.00000E+00    0.00000E+00    0.00000E+00
    0.40350E+07    0.00000E+00    0.00000E+00    0.00000E+00    0.00000E+00    0.00000E+00    0.00000E+00
    0.40400E+07    0.00000E+00    0.00000E+00    0.00000E+00    0.00000E+00    0.00000E+00    0.00000E+00
    0.40450E+07    0.00000E+00    0.00000E+00    0.00000E+00    0.00000E+00    0.00000E+00    0.00000E+00
    0.40500E+07    0.00000E+00    0.00000E+00    0.00000E+00    0.00000E+00    0.00000E+00    0.00000E+00
    0.40550E+07    0.00000E+00    0.00000E+00    0.00000E+00    0.00000E+00    0.00000E+00    0.00000E+00
    0.40600E+07    0.00000E+00    0.00000E+00    0.00000E+00    0.00000E+00    0.00000E+00    0.00000E+00
    0.40650E+07    0.00000E+00    0.00000E+00    0.00000E+00    0.00000E+00    0.00000E+00    0.00000E+00
    0.40700E+07    0.00000E+00    0.00000E+00    0.00000E+00    0.00000E+00    0.00000E+00    0.00000E+00
    0.40750E+07    0.00000E+00    0.00000E+00    0.00000E+00    0.00000E+00    0.00000E+00    0.00000E+00
    0.40800E+07    0.00000E+00    0.00000E+00    0.00000E+00    0.00000E+00    0.00000E+00    0.00000E+00
    0.40850E+07    0.00000E+00    0.00000E+00    0.00000E+00    0.00000E+00    0.00000E+00    0.00000E+00
    0.40900E+07    0.00000E+00    0.00000E+00    0.00000E+00    0.00000E+00    0.00000E+00    0.00000E+00
    0.40950E+07    0.00000E+00    0.00000E+00    0.00000E+00    0.00000E+00    0.00000E+00    0.00000E+00
    0.41000E+07    0.00000E+00    0.00000E+00    0.00000E+00    0.00000E+00    0.00000E+00    0.00000E+00
    0.41050E+07    0.00000E+00    0.00000E+00    0.00000E+00    0.00000E+00    0.00000E+00    0.00000E+00
    0.41100E+07    0.00000E+00    0.00000E+00    0.00000E+00    0.00000E+00    0.00000E+00    0.00000E+00
    0.41150E+07    0.00000E+00    0.00000E+00    0.00000E+00    0.00000E+00    0.00000E+00    0.00000E+00
    0.41200E+07    0.00000E+00    0.00000E+00    0.00000E+00    0.00000E+00    0.00000E+00    0.00000E+00
    0.41250E+07    0.00000E+00    0.00000E+00    0.00000E+00    0.00000E+00    0.00000E+00    0.00000E+00
    0.41300E+07    0.00000E+00    0.00000E+00    0.00000E+00    0.00000E+00    0.00000E+00    0.00000E+00
    0.41350E+07    0.00000E+00    0.00000E+00    0.00000E+00    0.00000E+00    0.00000E+00    0.00000E+00
    0.41400E+07    0.00000E+00    0.00000E+00    0.00000E+00    0.00000E+00    0.00000E+00    0.00000E+00
    0.41450E+07    0.00000E+00    0.00000E+00    0.00000E+00    0.00000E+00    0.00000E+00    0.00000E+00
    0.41500E+07    0.00000E+00    0.00000E+00    0.00000E+00    0.00000E+00    0.00000E+00    0.00000E+00
    0.41550E+07    0.00000E+00    0.00000E+00    0.00000E+00    0.00000E+00    0.00000E+00    0.00000E+00
    0.41600E+07    0.00000E+00    0.00000E+00    0.00000E+00    0.00000E+00    0.00000E+00    0.00000E+00
    0.41650E+07    0.00000E+00    0.00000E+00    0.00000E+00    0.00000E+00    0.00000E+00    0.00000E+00
    0.41700E+07    0.00000E+00    0.00000E+00    0.00000E+00    0.00000E+00    0.00000E+00    0.00000E+00
    0.41750E+07    0.00000E+00    0.00000E+00    0.00000E+00    0.00000E+00    0.00000E+00    0.00000E+00
    0.41800E+07    0.00000E+00    0.00000E+00    0.00000E+00    0.00000E+00    0.00000E+00    0.00000E+00
    0.41850E+07    0.00000E+00    0.00000E+00    0.00000E+00    0.00000E+00    0.00000E+00    0.00000E+00
    0.41900E+07    0.00000E+00    0.00000E+00    0.00000E+00    0.00000E+00    0.00000E+00    0.00000E+00
    0.41950E+07    0.00000E+00    0.00000E+00    0.00000E+00    0.00000E+00    0.00000E+00    0.00000E+00
    0.42000E+07    0.00000E+00    0.00000E+00    0.00000E+00    0.00000E+00    0.00000E+00    0.00000E+00
    0.42050E+07    0.00000E+00    0.00000E+00    0.00000E+00    0.00000E+00    0.00000E+00    0.00000E+00
    0.42100E+07    0.00000E+00    0.00000E+00    0.00000E+00    0.00000E+00    0.00000E+00    0.00000E+00
    0.42150E+07    0.00000E+00    0.00000E+00    0.00000E+00    0.00000E+00    0.00000E+00    0.00000E+00
    0.42200E+07    0.00000E+00    0.00000E+00    0.00000E+00    0.00000E+00    0.00000E+00    0.00000E+00
    0.42250E+07    0.00000E+00    0.00000E+00    0.00000E+00    0.00000E+00    0.00000E+00    0.00000E+00
    0.42300E+07    0.00000E+00    0.00000E+00    0.00000E+00    0.00000E+00    0.00000E+00    0.00000E+00
    0.42350E+07    0.00000E+00    0.00000E+00    0.00000E+00    0.00000E+00    0.00000E+00    0.00000E+00
    0.42400E+07    0.00000E+00    0.00000E+00    0.00000E+00    0.00000E+00    0.00000E+00    0.00000E+00
    0.42450E+07    0.00000E+00    0.00000E+00    0.00000E+00    0.00000E+00    0.00000E+00    0.00000E+00
    0.42500E+07    0.00000E+00    0.00000E+00    0.00000E+00    0.00000E+00    0.00000E+00    0.00000E+00
    0.42550E+07    0.00000E+00    0.00000E+00    0.00000E+00    0.00000E+00    0.00000E+00    0.00000E+00
    0.42600E+07    0.00000E+00    0.00000E+00    0.00000E+00    0.00000E+00    0.00000E+00    0.00000E+00
    0.42650E+07    0.00000E+00    0.00000E+00    0.00000E+00    0.00000E+00    0.00000E+00    0.00000E+00
    0.42700E+07    0.00000E+00    0.00000E+00    0.00000E+00    0.00000E+00    0.00000E+00    0.00000E+00
    0.42750E+07    0.00000E+00    0.00000E+00    0.00000E+00    0.00000E+00    0.00000E+00    0.00000E+00
    0.42800E+07    0.00000E+00    0.00000E+00    0.00000E+00    0.00000E+00    0.00000E+00    0.00000E+00
    0.42850E+07    0.00000E+00    0.00000E+00    0.00000E+00    0.00000E+00    0.00000E+00    0.00000E+00
    0.42900E+07    0.00000E+00    0.00000E+00    0.00000E+00    0.00000E+00    0.00000E+00    0.00000E+00
    0.42950E+07    0.00000E+00    0.00000E+00    0.00000E+00    0.00000E+00    0.00000E+00    0.00000E+00
    0.43000E+07    0.00000E+00    0.00000E+00    0.00000E+00    0.00000E+00    0.00000E+00    0.00000E+00
    0.43050E+07    0.00000E+00    0.00000E+00    0.00000E+00    0.00000E+00    0.00000E+00    0.00000E+00
    0.43100E+07    0.00000E+00    0.00000E+00    0.00000E+00    0.00000E+00    0.00000E+00    0.00000E+00
    0.43150E+07    0.00000E+00    0.00000E+00    0.00000E+00    0.00000E+00    0.00000E+00    0.00000E+00
    0.43200E+07    0.00000E+00    0.00000E+00    0.00000E+00    0.00000E+00    0.00000E+00    0.00000E+00
    0.43250E+07    0.00000E+00    0.00000E+00    0.00000E+00    0.00000E+00    0.00000E+00    0.00000E+00
    0.43300E+07    0.00000E+00    0.00000E+00    0.00000E+00    0.00000E+00    0.00000E+00    0.00000E+00
    0.43350E+07    0.00000E+00    0.00000E+00    0.00000E+00    0.00000E+00    0.00000E+00    0.00000E+00
    0.43400E+07    0.00000E+00    0.00000E+00    0.00000E+00    0.00000E+00    0.00000E+00    0.00000E+00
    0.43450E+07    0.00000E+00    0.00000E+00    0.00000E+00    0.00000E+00    0.00000E+00    0.00000E+00
    0.43500E+07    0.00000E+00    0.00000E+00    0.00000E+00    0.00000E+00    0.00000E+00    0.00000E+00
    0.43550E+07    0.00000E+00    0.00000E+00    0.00000E+00    0.00000E+00    0.00000E+00    0.00000E+00
    0.43600E+07    0.00000E+00    0.00000E+00    0.00000E+00    0.00000E+00    0.00000E+00    0.00000E+00
    0.43650E+07    0.00000E+00    0.00000E+00    0.00000E+00    0.00000E+00    0.00000E+00    0.00000E+00
    0.43700E+07    0.00000E+00    0.00000E+00    0.00000E+00    0.00000E+00    0.00000E+00    0.00000E+00
    0.43750E+07    0.00000E+00    0.00000E+00    0.00000E+00    0.00000E+00    0.00000E+00    0.00000E+00
    0.43800E+07    0.00000E+00    0.00000E+00    0.00000E+00    0.00000E+00    0.00000E+00    0.00000E+00
    0.43850E+07    0.00000E+00    0.00000E+00    0.00000E+00    0.00000E+00    0.00000E+00    0.00000E+00
    0.43900E+07    0.00000E+00    0.00000E+00    0.00000E+00    0.00000E+00    0.00000E+00    0.00000E+00
    0.43950E+07    0.00000E+00    0.00000E+00    0.00000E+00    0.00000E+00    0.00000E+00    0.00000E+00
    0.44000E+07    0.00000E+00    0.00000E+00    0.00000E+00    0.00000E+00    0.00000E+00    0.00000E+00
    0.44050E+07    0.00000E+00    0.00000E+00    0.00000E+00    0.00000E+00    0.00000E+00    0.00000E+00
    0.44100E+07    0.00000E+00    0.00000E+00    0.00000E+00    0.00000E+00    0.00000E+00    0.00000E+00
    0.44150E+07    0.00000E+00    0.00000E+00    0.00000E+00    0.00000E+00    0.00000E+00    0.00000E+00
    0.44200E+07    0.00000E+00    0.00000E+00    0.00000E+00    0.00000E+00    0.00000E+00    0.00000E+00
    0.44250E+07    0.00000E+00    0.00000E+00    0.00000E+00    0.00000E+00    0.00000E+00    0.00000E+00
    0.44300E+07    0.00000E+00    0.00000E+00    0.00000E+00    0.00000E+00    0.00000E+00    0.00000E+00
    0.44350E+07    0.00000E+00    0.00000E+00    0.00000E+00    0.00000E+00    0.00000E+00    0.00000E+00
    0.44400E+07    0.00000E+00    0.00000E+00    0.00000E+00    0.00000E+00    0.00000E+00    0.00000E+00
    0.44450E+07    0.00000E+00    0.00000E+00    0.00000E+00    0.00000E+00    0.00000E+00    0.00000E+00
    0.44500E+07    0.00000E+00    0.00000E+00    0.00000E+00    0.00000E+00    0.00000E+00    0.00000E+00
    0.44550E+07    0.00000E+00    0.00000E+00    0.00000E+00    0.00000E+00    0.00000E+00    0.00000E+00
    0.44600E+07    0.00000E+00    0.00000E+00    0.00000E+00    0.00000E+00    0.00000E+00    0.00000E+00
    0.44650E+07    0.00000E+00    0.00000E+00    0.00000E+00    0.00000E+00    0.00000E+00    0.00000E+00
    0.44700E+07    0.00000E+00    0.00000E+00    0.00000E+00    0.00000E+00    0.00000E+00    0.00000E+00
    0.44750E+07    0.00000E+00    0.00000E+00    0.00000E+00    0.00000E+00    0.00000E+00    0.00000E+00
    0.44800E+07    0.00000E+00    0.00000E+00    0.00000E+00    0.00000E+00    0.00000E+00    0.00000E+00
    0.44850E+07    0.00000E+00    0.00000E+00    0.00000E+00    0.00000E+00    0.00000E+00    0.00000E+00
    0.44900E+07    0.00000E+00    0.00000E+00    0.00000E+00    0.00000E+00    0.00000E+00    0.00000E+00
    0.44950E+07    0.00000E+00    0.00000E+00    0.00000E+00    0.00000E+00    0.00000E+00    0.00000E+00
    0.45000E+07    0.00000E+00    0.00000E+00    0.00000E+00    0.00000E+00    0.00000E+00    0.00000E+00
    0.45050E+07    0.00000E+00    0.00000E+00    0.00000E+00    0.00000E+00    0.00000E+00    0.00000E+00
    0.45100E+07    0.00000E+00    0.00000E+00    0.00000E+00    0.00000E+00    0.00000E+00    0.00000E+00
    0.45150E+07    0.00000E+00    0.00000E+00    0.00000E+00    0.00000E+00    0.00000E+00    0.00000E+00
    0.45200E+07    0.00000E+00    0.00000E+00    0.00000E+00    0.00000E+00    0.00000E+00    0.00000E+00
    0.45250E+07    0.00000E+00    0.00000E+00    0.00000E+00    0.00000E+00    0.00000E+00    0.00000E+00
    0.45300E+07    0.00000E+00    0.00000E+00    0.00000E+00    0.00000E+00    0.00000E+00    0.00000E+00
    0.45350E+07    0.00000E+00    0.00000E+00    0.00000E+00    0.00000E+00    0.00000E+00    0.00000E+00
    0.45400E+07    0.00000E+00    0.00000E+00    0.00000E+00    0.00000E+00    0.00000E+00    0.00000E+00
    0.45450E+07    0.00000E+00    0.00000E+00    0.00000E+00    0.00000E+00    0.00000E+00    0.00000E+00
    0.45500E+07    0.00000E+00    0.00000E+00    0.00000E+00    0.00000E+00    0.00000E+00    0.00000E+00
    0.45550E+07    0.00000E+00    0.00000E+00    0.00000E+00    0.00000E+00    0.00000E+00    0.00000E+00
    0.45600E+07    0.00000E+00    0.00000E+00    0.00000E+00    0.00000E+00    0.00000E+00    0.00000E+00
    0.45650E+07    0.00000E+00    0.00000E+00    0.00000E+00    0.00000E+00    0.00000E+00    0.00000E+00
    0.45700E+07    0.00000E+00    0.00000E+00    0.00000E+00    0.00000E+00    0.00000E+00    0.00000E+00
    0.45750E+07    0.00000E+00    0.00000E+00    0.00000E+00    0.00000E+00    0.00000E+00    0.00000E+00
    0.45800E+07    0.00000E+00    0.00000E+00    0.00000E+00    0.00000E+00    0.00000E+00    0.00000E+00
    0.45850E+07    0.00000E+00    0.00000E+00    0.00000E+00    0.00000E+00    0.00000E+00    0.00000E+00
    0.45900E+07    0.00000E+00    0.00000E+00    0.00000E+00    0.00000E+00    0.00000E+00    0.00000E+00
    0.45950E+07    0.00000E+00    0.00000E+00    0.00000E+00    0.00000E+00    0.00000E+00    0.00000E+00
    0.46000E+07    0.00000E+00    0.00000E+00    0.00000E+00    0.00000E+00    0.00000E+00    0.00000E+00
    0.46050E+07    0.00000E+00    0.00000E+00    0.00000E+00    0.00000E+00    0.00000E+00    0.00000E+00
    0.46100E+07    0.00000E+00    0.00000E+00    0.00000E+00    0.00000E+00    0.00000E+00    0.00000E+00
    0.46150E+07    0.00000E+00    0.00000E+00    0.00000E+00    0.00000E+00    0.00000E+00    0.00000E+00
    0.46200E+07    0.00000E+00    0.00000E+00    0.00000E+00    0.00000E+00    0.00000E+00    0.00000E+00
    0.46250E+07    0.00000E+00    0.00000E+00    0.00000E+00    0.00000E+00    0.00000E+00    0.00000E+00
    0.46300E+07    0.00000E+00    0.00000E+00    0.00000E+00    0.00000E+00    0.00000E+00    0.00000E+00
    0.46350E+07    0.00000E+00    0.00000E+00    0.00000E+00    0.00000E+00    0.00000E+00    0.00000E+00
    0.46400E+07    0.00000E+00    0.00000E+00    0.00000E+00    0.00000E+00    0.00000E+00    0.00000E+00
    0.46450E+07    0.00000E+00    0.00000E+00    0.00000E+00    0.00000E+00    0.00000E+00    0.00000E+00
    0.46500E+07    0.00000E+00    0.00000E+00    0.00000E+00    0.00000E+00    0.00000E+00    0.00000E+00
    0.46550E+07    0.00000E+00    0.00000E+00    0.00000E+00    0.00000E+00    0.00000E+00    0.00000E+00
    0.46600E+07    0.00000E+00    0.00000E+00    0.00000E+00    0.00000E+00    0.00000E+00    0.00000E+00
    0.46650E+07    0.00000E+00    0.00000E+00    0.00000E+00    0.00000E+00    0.00000E+00    0.00000E+00
    0.46700E+07    0.00000E+00    0.00000E+00    0.00000E+00    0.00000E+00    0.00000E+00    0.00000E+00
    0.46750E+07    0.00000E+00    0.00000E+00    0.00000E+00    0.00000E+00    0.00000E+00    0.00000E+00
    0.46800E+07    0.00000E+00    0.00000E+00    0.00000E+00    0.00000E+00    0.00000E+00    0.00000E+00
    0.46850E+07    0.00000E+00    0.00000E+00    0.00000E+00    0.00000E+00    0.00000E+00    0.00000E+00
    0.46900E+07    0.00000E+00    0.00000E+00    0.00000E+00    0.00000E+00    0.00000E+00    0.00000E+00
    0.46950E+07    0.00000E+00    0.00000E+00    0.00000E+00    0.00000E+00    0.00000E+00    0.00000E+00
    0.47000E+07    0.00000E+00    0.00000E+00    0.00000E+00    0.00000E+00    0.00000E+00    0.00000E+00
    0.47050E+07    0.00000E+00    0.00000E+00    0.00000E+00    0.00000E+00    0.00000E+00    0.00000E+00
    0.47100E+07    0.00000E+00    0.00000E+00    0.00000E+00    0.00000E+00    0.00000E+00    0.00000E+00
    0.47150E+07    0.00000E+00    0.00000E+00    0.00000E+00    0.00000E+00    0.00000E+00    0.00000E+00
    0.47200E+07    0.00000E+00    0.00000E+00    0.00000E+00    0.00000E+00    0.00000E+00    0.00000E+00
    0.47250E+07    0.00000E+00    0.00000E+00    0.00000E+00    0.00000E+00    0.00000E+00    0.00000E+00
    0.47300E+07    0.00000E+00    0.00000E+00    0.00000E+00    0.00000E+00    0.00000E+00    0.00000E+00
    0.47350E+07    0.00000E+00    0.00000E+00    0.00000E+00    0.00000E+00    0.00000E+00    0.00000E+00
    0.47400E+07    0.00000E+00    0.00000E+00    0.00000E+00    0.00000E+00    0.00000E+00    0.00000E+00
    0.47450E+07    0.00000E+00    0.00000E+00    0.00000E+00    0.00000E+00    0.00000E+00    0.00000E+00
    0.47500E+07    0.00000E+00    0.00000E+00    0.00000E+00    0.00000E+00    0.00000E+00    0.00000E+00
    0.47550E+07    0.00000E+00    0.00000E+00    0.00000E+00    0.00000E+00    0.00000E+00    0.00000E+00
    0.47600E+07    0.00000E+00    0.00000E+00    0.00000E+00    0.00000E+00    0.00000E+00    0.00000E+00
    0.47650E+07    0.00000E+00    0.00000E+00    0.00000E+00    0.00000E+00    0.00000E+00    0.00000E+00
    0.47700E+07    0.00000E+00    0.00000E+00    0.00000E+00    0.00000E+00    0.00000E+00    0.00000E+00
    0.47750E+07    0.00000E+00    0.00000E+00    0.00000E+00    0.00000E+00    0.00000E+00    0.00000E+00
    0.47800E+07    0.00000E+00    0.00000E+00    0.00000E+00    0.00000E+00    0.00000E+00    0.00000E+00
    0.47850E+07    0.00000E+00    0.00000E+00    0.00000E+00    0.00000E+00    0.00000E+00    0.00000E+00
    0.47900E+07    0.00000E+00    0.00000E+00    0.00000E+00    0.00000E+00    0.00000E+00    0.00000E+00
    0.47950E+07    0.00000E+00    0.00000E+00    0.00000E+00    0.00000E+00    0.00000E+00    0.00000E+00
    0.48000E+07    0.00000E+00    0.00000E+00    0.00000E+00    0.00000E+00    0.00000E+00    0.00000E+00
    0.48050E+07    0.00000E+00    0.00000E+00    0.00000E+00    0.00000E+00    0.00000E+00    0.00000E+00
    0.48100E+07    0.00000E+00    0.00000E+00    0.00000E+00    0.00000E+00    0.00000E+00    0.00000E+00
    0.48150E+07    0.00000E+00    0.00000E+00    0.00000E+00    0.00000E+00    0.00000E+00    0.00000E+00
    0.48200E+07    0.00000E+00    0.00000E+00    0.00000E+00    0.00000E+00    0.00000E+00    0.00000E+00
    0.48250E+07    0.00000E+00    0.00000E+00    0.00000E+00    0.00000E+00    0.00000E+00    0.00000E+00
    0.48300E+07    0.00000E+00    0.00000E+00    0.00000E+00    0.00000E+00    0.00000E+00    0.00000E+00
    0.48350E+07    0.00000E+00    0.00000E+00    0.00000E+00    0.00000E+00    0.00000E+00    0.00000E+00
    0.48400E+07    0.00000E+00    0.00000E+00    0.00000E+00    0.00000E+00    0.00000E+00    0.00000E+00
    0.48450E+07    0.00000E+00    0.00000E+00    0.00000E+00    0.00000E+00    0.00000E+00    0.00000E+00
    0.48500E+07    0.00000E+00    0.00000E+00    0.00000E+00    0.00000E+00    0.00000E+00    0.00000E+00
    0.48550E+07    0.00000E+00    0.00000E+00    0.00000E+00    0.00000E+00    0.00000E+00    0.00000E+00
    0.48600E+07    0.00000E+00    0.00000E+00    0.00000E+00    0.00000E+00    0.00000E+00    0.00000E+00
    0.48650E+07    0.00000E+00    0.00000E+00    0.00000E+00    0.00000E+00    0.00000E+00    0.00000E+00
    0.48700E+07    0.00000E+00    0.00000E+00    0.00000E+00    0.00000E+00    0.00000E+00    0.00000E+00
    0.48750E+07    0.00000E+00    0.00000E+00    0.00000E+00    0.00000E+00    0.00000E+00    0.00000E+00
    0.48800E+07    0.00000E+00    0.00000E+00    0.00000E+00    0.00000E+00    0.00000E+00    0.00000E+00
    0.48850E+07    0.00000E+00    0.00000E+00    0.00000E+00    0.00000E+00    0.00000E+00    0.00000E+00
    0.48900E+07    0.00000E+00    0.00000E+00    0.00000E+00    0.00000E+00    0.00000E+00    0.00000E+00
    0.48950E+07    0.00000E+00    0.00000E+00    0.00000E+00    0.00000E+00    0.00000E+00    0.00000E+00
    0.49000E+07    0.00000E+00    0.00000E+00    0.00000E+00    0.00000E+00    0.00000E+00    0.00000E+00
    0.49050E+07    0.00000E+00    0.00000E+00    0.00000E+00    0.00000E+00    0.00000E+00    0.00000E+00
    0.49100E+07    0.00000E+00    0.00000E+00    0.00000E+00    0.00000E+00    0.00000E+00    0.00000E+00
    0.49150E+07    0.00000E+00    0.00000E+00    0.00000E+00    0.00000E+00    0.00000E+00    0.00000E+00
    0.49200E+07    0.00000E+00    0.00000E+00    0.00000E+00    0.00000E+00    0.00000E+00    0.00000E+00
    0.49250E+07    0.00000E+00    0.00000E+00    0.00000E+00    0.00000E+00    0.00000E+00    0.00000E+00
    0.49300E+07    0.00000E+00    0.00000E+00    0.00000E+00    0.00000E+00    0.00000E+00    0.00000E+00
    0.49350E+07    0.00000E+00    0.00000E+00    0.00000E+00    0.00000E+00    0.00000E+00    0.00000E+00
    0.49400E+07    0.00000E+00    0.00000E+00    0.00000E+00    0.00000E+00    0.00000E+00    0.00000E+00
    0.49450E+07    0.00000E+00    0.00000E+00    0.00000E+00    0.00000E+00    0.00000E+00    0.00000E+00
    0.49500E+07    0.00000E+00    0.00000E+00    0.00000E+00    0.00000E+00    0.00000E+00    0.00000E+00
    0.49550E+07    0.00000E+00    0.00000E+00    0.00000E+00    0.00000E+00    0.00000E+00    0.00000E+00
    0.49600E+07    0.00000E+00    0.00000E+00    0.00000E+00    0.00000E+00    0.00000E+00    0.00000E+00
    0.49650E+07    0.00000E+00    0.00000E+00    0.00000E+00    0.00000E+00    0.00000E+00    0.00000E+00
    0.49700E+07    0.00000E+00    0.00000E+00    0.00000E+00    0.00000E+00    0.00000E+00    0.00000E+00
    0.49750E+07    0.00000E+00    0.00000E+00    0.00000E+00    0.00000E+00    0.00000E+00    0.00000E+00
    0.49800E+07    0.00000E+00    0.00000E+00    0.00000E+00    0.00000E+00    0.00000E+00    0.00000E+00
    0.49850E+07    0.00000E+00    0.00000E+00    0.00000E+00    0.00000E+00    0.00000E+00    0.00000E+00
    0.49900E+07    0.00000E+00    0.00000E+00    0.00000E+00    0.00000E+00    0.00000E+00    0.00000E+00
    0.49950E+07    0.00000E+00    0.00000E+00    0.00000E+00    0.00000E+00    0.00000E+00    0.00000E+00
    0.50000E+07    0.00000E+00    0.00000E+00    0.00000E+00    0.00000E+00    0.00000E+00    0.00000E+00
    0.50050E+07    0.00000E+00    0.00000E+00    0.00000E+00    0.00000E+00    0.00000E+00    0.00000E+00
    0.50100E+07    0.00000E+00    0.00000E+00    0.00000E+00    0.00000E+00    0.00000E+00    0.00000E+00
    0.50150E+07    0.00000E+00    0.00000E+00    0.00000E+00    0.00000E+00    0.00000E+00    0.00000E+00
    0.50200E+07    0.00000E+00    0.00000E+00    0.00000E+00    0.00000E+00    0.00000E+00    0.00000E+00
    0.50250E+07    0.00000E+00    0.00000E+00    0.00000E+00    0.00000E+00    0.00000E+00    0.00000E+00
    0.50300E+07    0.00000E+00    0.00000E+00    0.00000E+00    0.00000E+00    0.00000E+00    0.00000E+00
    0.50350E+07    0.00000E+00    0.00000E+00    0.00000E+00    0.00000E+00    0.00000E+00    0.00000E+00
    0.50400E+07    0.00000E+00    0.00000E+00    0.00000E+00    0.00000E+00    0.00000E+00    0.00000E+00
    0.50450E+07    0.00000E+00    0.00000E+00    0.00000E+00    0.00000E+00    0.00000E+00    0.00000E+00
    0.50500E+07    0.00000E+00    0.00000E+00    0.00000E+00    0.00000E+00    0.00000E+00    0.00000E+00
    0.50550E+07    0.00000E+00    0.00000E+00    0.00000E+00    0.00000E+00    0.00000E+00    0.00000E+00
    0.50600E+07    0.00000E+00    0.00000E+00    0.00000E+00    0.00000E+00    0.00000E+00    0.00000E+00
    0.50650E+07    0.00000E+00    0.00000E+00    0.00000E+00    0.00000E+00    0.00000E+00    0.00000E+00
    0.50700E+07    0.00000E+00    0.00000E+00    0.00000E+00    0.00000E+00    0.00000E+00    0.00000E+00
    0.50750E+07    0.00000E+00    0.00000E+00    0.00000E+00    0.00000E+00    0.00000E+00    0.00000E+00
    0.50800E+07    0.00000E+00    0.00000E+00    0.00000E+00    0.00000E+00    0.00000E+00    0.00000E+00
    0.50850E+07    0.00000E+00    0.00000E+00    0.00000E+00    0.00000E+00    0.00000E+00    0.00000E+00
    0.50900E+07    0.00000E+00    0.00000E+00    0.00000E+00    0.00000E+00    0.00000E+00    0.00000E+00
    0.50950E+07    0.00000E+00    0.00000E+00    0.00000E+00    0.00000E+00    0.00000E+00    0.00000E+00
    0.51000E+07    0.00000E+00    0.00000E+00    0.00000E+00    0.00000E+00    0.00000E+00    0.00000E+00
    0.51050E+07    0.00000E+00    0.00000E+00    0.00000E+00    0.00000E+00    0.00000E+00    0.00000E+00
    0.51100E+07    0.00000E+00    0.00000E+00    0.00000E+00    0.00000E+00    0.00000E+00    0.00000E+00
    0.51150E+07    0.00000E+00    0.00000E+00    0.00000E+00    0.00000E+00    0.00000E+00    0.00000E+00
    0.51200E+07    0.00000E+00    0.00000E+00    0.00000E+00    0.00000E+00    0.00000E+00    0.00000E+00
    0.51250E+07    0.00000E+00    0.00000E+00    0.00000E+00    0.00000E+00    0.00000E+00    0.00000E+00
    0.51300E+07    0.00000E+00    0.00000E+00    0.00000E+00    0.00000E+00    0.00000E+00    0.00000E+00
    0.51350E+07    0.00000E+00    0.00000E+00    0.00000E+00    0.00000E+00    0.00000E+00    0.00000E+00
    0.51400E+07    0.00000E+00    0.00000E+00    0.00000E+00    0.00000E+00    0.00000E+00    0.00000E+00
    0.51450E+07    0.00000E+00    0.00000E+00    0.00000E+00    0.00000E+00    0.00000E+00    0.00000E+00
    0.51500E+07    0.00000E+00    0.00000E+00    0.00000E+00    0.00000E+00    0.00000E+00    0.00000E+00
    0.51550E+07    0.00000E+00    0.00000E+00    0.00000E+00    0.00000E+00    0.00000E+00    0.00000E+00
    0.51600E+07    0.00000E+00    0.00000E+00    0.00000E+00    0.00000E+00    0.00000E+00    0.00000E+00
    0.51650E+07    0.00000E+00    0.00000E+00    0.00000E+00    0.00000E+00    0.00000E+00    0.00000E+00
    0.51700E+07    0.00000E+00    0.00000E+00    0.00000E+00    0.00000E+00    0.00000E+00    0.00000E+00
    0.51750E+07    0.00000E+00    0.00000E+00    0.00000E+00    0.00000E+00    0.00000E+00    0.00000E+00
    0.51800E+07    0.00000E+00    0.00000E+00    0.00000E+00    0.00000E+00    0.00000E+00    0.00000E+00
    0.51850E+07    0.00000E+00    0.00000E+00    0.00000E+00    0.00000E+00    0.00000E+00    0.00000E+00
    0.51900E+07    0.00000E+00    0.00000E+00    0.00000E+00    0.00000E+00    0.00000E+00    0.00000E+00
    0.51950E+07    0.00000E+00    0.00000E+00    0.00000E+00    0.00000E+00    0.00000E+00    0.00000E+00
    0.52000E+07    0.00000E+00    0.00000E+00    0.00000E+00    0.00000E+00    0.00000E+00    0.00000E+00
    0.52050E+07    0.00000E+00    0.00000E+00    0.00000E+00    0.00000E+00    0.00000E+00    0.00000E+00
    0.52100E+07    0.00000E+00    0.00000E+00    0.00000E+00    0.00000E+00    0.00000E+00    0.00000E+00
    0.52150E+07    0.00000E+00    0.00000E+00    0.00000E+00    0.00000E+00    0.00000E+00    0.00000E+00
    0.52200E+07    0.00000E+00    0.00000E+00    0.00000E+00    0.00000E+00    0.00000E+00    0.00000E+00
    0.52250E+07    0.00000E+00    0.00000E+00    0.00000E+00    0.00000E+00    0.00000E+00    0.00000E+00
    0.52300E+07    0.00000E+00    0.00000E+00    0.00000E+00    0.00000E+00    0.00000E+00    0.00000E+00
    0.52350E+07    0.00000E+00    0.00000E+00    0.00000E+00    0.00000E+00    0.00000E+00    0.00000E+00
    0.52400E+07    0.00000E+00    0.00000E+00    0.00000E+00    0.00000E+00    0.00000E+00    0.00000E+00
    0.52450E+07    0.00000E+00    0.00000E+00    0.00000E+00    0.00000E+00    0.00000E+00    0.00000E+00
    0.52500E+07    0.00000E+00    0.00000E+00    0.00000E+00    0.00000E+00    0.00000E+00    0.00000E+00
    0.52550E+07    0.00000E+00    0.00000E+00    0.00000E+00    0.00000E+00    0.00000E+00    0.00000E+00
    0.52600E+07    0.00000E+00    0.00000E+00    0.00000E+00    0.00000E+00    0.00000E+00    0.00000E+00
    0.52650E+07    0.00000E+00    0.00000E+00    0.00000E+00    0.00000E+00    0.00000E+00    0.00000E+00
    0.52700E+07    0.00000E+00    0.00000E+00    0.00000E+00    0.00000E+00    0.00000E+00    0.00000E+00
    0.52750E+07    0.00000E+00    0.00000E+00    0.00000E+00    0.00000E+00    0.00000E+00    0.00000E+00
    0.52800E+07    0.00000E+00    0.00000E+00    0.00000E+00    0.00000E+00    0.00000E+00    0.00000E+00
    0.52850E+07    0.00000E+00    0.00000E+00    0.00000E+00    0.00000E+00    0.00000E+00    0.00000E+00
    0.52900E+07    0.00000E+00    0.00000E+00    0.00000E+00    0.00000E+00    0.00000E+00    0.00000E+00
    0.52950E+07    0.00000E+00    0.00000E+00    0.00000E+00    0.00000E+00    0.00000E+00    0.00000E+00
    0.53000E+07    0.00000E+00    0.00000E+00    0.00000E+00    0.00000E+00    0.00000E+00    0.00000E+00
    0.53050E+07    0.00000E+00    0.00000E+00    0.00000E+00    0.00000E+00    0.00000E+00    0.00000E+00
    0.53100E+07    0.00000E+00    0.00000E+00    0.00000E+00    0.00000E+00    0.00000E+00    0.00000E+00
    0.53150E+07    0.00000E+00    0.00000E+00    0.00000E+00    0.00000E+00    0.00000E+00    0.00000E+00
    0.53200E+07    0.00000E+00    0.00000E+00    0.00000E+00    0.00000E+00    0.00000E+00    0.00000E+00
    0.53250E+07    0.00000E+00    0.00000E+00    0.00000E+00    0.00000E+00    0.00000E+00    0.00000E+00
    0.53300E+07    0.00000E+00    0.00000E+00    0.00000E+00    0.00000E+00    0.00000E+00    0.00000E+00
    0.53350E+07    0.00000E+00    0.00000E+00    0.00000E+00    0.00000E+00    0.00000E+00    0.00000E+00
    0.53400E+07    0.00000E+00    0.00000E+00    0.00000E+00    0.00000E+00    0.00000E+00    0.00000E+00
    0.53450E+07    0.00000E+00    0.00000E+00    0.00000E+00    0.00000E+00    0.00000E+00    0.00000E+00
    0.53500E+07    0.00000E+00    0.00000E+00    0.00000E+00    0.00000E+00    0.00000E+00    0.00000E+00
    0.53550E+07    0.00000E+00    0.00000E+00    0.00000E+00    0.00000E+00    0.00000E+00    0.00000E+00
    0.53600E+07    0.00000E+00    0.00000E+00    0.00000E+00    0.00000E+00    0.00000E+00    0.00000E+00
    0.53650E+07    0.92334E-34    0.15190E-33    0.12905E-33    0.00000E+00    0.00000E+00    0.00000E+00
    0.53700E+07    0.28345E-33    0.46634E-33    0.39589E-33    0.00000E+00    0.00000E+00    0.00000E+00
    0.53750E+07    0.47442E-33    0.78006E-33    0.66189E-33    0.00000E+00    0.00000E+00    0.00000E+00
    0.53800E+07    0.79290E-33    0.13042E-32    0.11056E-32    0.00000E+00    0.00000E+00    0.00000E+00
    0.53850E+07    0.13236E-32    0.21792E-32    0.18449E-32    0.00000E+00    0.00000E+00    0.00000E+00
    0.53900E+07    0.22069E-32    0.36382E-32    0.30757E-32    0.00000E+00    0.00000E+00    0.00000E+00
    0.53950E+07    0.36758E-32    0.60691E-32    0.51227E-32    0.00000E+00    0.00000E+00    0.00000E+00
    0.54000E+07    0.61163E-32    0.10115E-31    0.85240E-32    0.00000E+00    0.00000E+00    0.00000E+00
    0.54050E+07    0.10167E-31    0.16844E-31    0.14170E-31    0.00000E+00    0.00000E+00    0.00000E+00
    0.54100E+07    0.16884E-31    0.28022E-31    0.23534E-31    0.00000E+00    0.00000E+00    0.00000E+00
    0.54150E+07    0.28012E-31    0.46575E-31    0.39047E-31    0.00000E+00    0.00000E+00    0.00000E+00
    0.54200E+07    0.46428E-31    0.77338E-31    0.64725E-31    0.00000E+00    0.00000E+00    0.00000E+00
    0.54250E+07    0.76880E-31    0.12830E-30    0.10719E-30    0.00000E+00    0.00000E+00    0.00000E+00
    0.54300E+07    0.12718E-30    0.21265E-30    0.17734E-30    0.00000E+00    0.00000E+00    0.00000E+00
    0.54350E+07    0.21019E-30    0.35211E-30    0.29312E-30    0.00000E+00    0.00000E+00    0.00000E+00
    0.54400E+07    0.34706E-30    0.58249E-30    0.48402E-30    0.00000E+00    0.00000E+00    0.00000E+00
    0.54450E+07    0.57249E-30    0.96270E-30    0.79850E-30    0.00000E+00    0.00000E+00    0.00000E+00
    0.54500E+07    0.94344E-30    0.15896E-29    0.13160E-29    0.00000E+00    0.00000E+00    0.00000E+00
    0.54550E+07    0.15533E-29    0.26221E-29    0.21670E-29    0.00000E+00    0.00000E+00    0.00000E+00
    0.54600E+07    0.25549E-29    0.43214E-29    0.35646E-29    0.00000E+00    0.00000E+00    0.00000E+00
    0.54650E+07    0.41983E-29    0.71150E-29    0.58581E-29    0.00000E+00    0.00000E+00    0.00000E+00
    0.54700E+07    0.68922E-29    0.11704E-28    0.96181E-29    0.00000E+00    0.00000E+00    0.00000E+00
    0.54750E+07    0.11304E-28    0.19233E-28    0.15776E-28    0.00000E+00    0.00000E+00    0.00000E+00
    0.54800E+07    0.18522E-28    0.31577E-28    0.25852E-28    0.00000E+00    0.00000E+00    0.00000E+00
    0.54850E+07    0.30319E-28    0.51793E-28    0.42323E-28    0.00000E+00    0.00000E+00    0.00000E+00
    0.54900E+07    0.49584E-28    0.84872E-28    0.69221E-28    0.00000E+00    0.00000E+00    0.00000E+00
    0.54950E+07    0.81011E-28    0.13895E-27    0.11310E-27    0.00000E+00    0.00000E+00    0.00000E+00
    0.55000E+07    0.13223E-27    0.22726E-27    0.18463E-27    0.00000E+00    0.00000E+00    0.00000E+00
    0.55050E+07    0.21562E-27    0.37134E-27    0.30110E-27    0.00000E+00    0.00000E+00    0.00000E+00
    0.55100E+07    0.35127E-27    0.60620E-27    0.49058E-27    0.00000E+00    0.00000E+00    0.00000E+00
    0.55150E+07    0.57171E-27    0.98865E-27    0.79850E-27    0.00000E+00    0.00000E+00    0.00000E+00
    0.55200E+07    0.92958E-27    0.16109E-26    0.12985E-26    0.00000E+00    0.00000E+00    0.00000E+00
    0.55250E+07    0.15100E-26    0.26222E-26    0.21094E-26    0.00000E+00    0.00000E+00    0.00000E+00
    0.55300E+07    0.24505E-26    0.42643E-26    0.34235E-26    0.00000E+00    0.00000E+00    0.00000E+00
    0.55350E+07    0.39729E-26    0.69282E-26    0.55510E-26    0.00000E+00    0.00000E+00    0.00000E+00
    0.55400E+07    0.64349E-26    0.11245E-25    0.89917E-26    0.00000E+00    0.00000E+00    0.00000E+00
    0.55450E+07    0.10413E-25    0.18236E-25    0.14551E-25    0.00000E+00    0.00000E+00    0.00000E+00
    0.55500E+07    0.16833E-25    0.29542E-25    0.23525E-25    0.00000E+00    0.00000E+00    0.00000E+00
    0.55550E+07    0.27184E-25    0.47814E-25    0.37996E-25    0.00000E+00    0.00000E+00    0.00000E+00
    0.55600E+07    0.43861E-25    0.77314E-25    0.61310E-25    0.00000E+00    0.00000E+00    0.00000E+00
    0.55650E+07    0.70697E-25    0.12489E-24    0.98832E-25    0.00000E+00    0.00000E+00    0.00000E+00
    0.55700E+07    0.11385E-24    0.20156E-24    0.15916E-24    0.00000E+00    0.00000E+00    0.00000E+00
    0.55750E+07    0.18321E-24    0.32497E-24    0.25599E-24    0.00000E+00    0.00000E+00    0.00000E+00
    0.55800E+07    0.29450E-24    0.52347E-24    0.41128E-24    0.00000E+00    0.00000E+00    0.00000E+00
    0.55800E+07    0.29450E-24    0.52347E-24    0.41128E-24    0.00000E+00    0.00000E+00    0.00000E+00
    0.55850E+07    0.47389E-24    0.84152E-24    0.66015E-24    0.00000E+00    0.00000E+00    0.00000E+00
    0.55900E+07    0.76090E-24    0.13522E-23    0.10582E-23    0.00000E+00    0.00000E+00    0.00000E+00
    0.55950E+07    0.12194E-23    0.21713E-23    0.16940E-23    0.00000E+00    0.00000E+00    0.00000E+00
    0.56000E+07    0.19511E-23    0.34830E-23    0.27082E-23    0.00000E+00    0.00000E+00    0.00000E+00
    0.56050E+07    0.31168E-23    0.55810E-23    0.43238E-23    0.00000E+00    0.00000E+00    0.00000E+00
    0.56100E+07    0.49718E-23    0.89323E-23    0.68940E-23    0.00000E+00    0.00000E+00    0.00000E+00
    0.56150E+07    0.79194E-23    0.14278E-22    0.10977E-22    0.00000E+00    0.00000E+00    0.00000E+00
    0.56200E+07    0.12597E-22    0.22795E-22    0.17455E-22    0.00000E+00    0.00000E+00    0.00000E+00
    0.56250E+07    0.20009E-22    0.36344E-22    0.27717E-22    0.00000E+00    0.00000E+00    0.00000E+00
    0.56300E+07    0.31739E-22    0.57872E-22    0.43953E-22    0.00000E+00    0.00000E+00    0.00000E+00
    0.56350E+07    0.50276E-22    0.92030E-22    0.69604E-22    0.00000E+00    0.00000E+00    0.00000E+00
    0.56400E+07    0.79529E-22    0.14615E-21    0.11007E-21    0.00000E+00    0.00000E+00    0.00000E+00
    0.56450E+07    0.12563E-21    0.23180E-21    0.17383E-21    0.00000E+00    0.00000E+00    0.00000E+00
    0.56500E+07    0.19818E-21    0.36714E-21    0.27415E-21    0.00000E+00    0.00000E+00    0.00000E+00
    0.56550E+07    0.31219E-21    0.58072E-21    0.43174E-21    0.00000E+00    0.00000E+00    0.00000E+00
    0.56600E+07    0.49110E-21    0.91731E-21    0.67899E-21    0.00000E+00    0.00000E+00    0.00000E+00
    0.56650E+07    0.77147E-21    0.14470E-20    0.10663E-20    0.00000E+00    0.00000E+00    0.00000E+00
    0.56700E+07    0.12102E-20    0.22795E-20    0.16723E-20    0.00000E+00    0.00000E+00    0.00000E+00
    0.56750E+07    0.18957E-20    0.35860E-20    0.26189E-20    0.00000E+00    0.00000E+00    0.00000E+00
    0.56800E+07    0.29654E-20    0.56335E-20    0.40956E-20    0.00000E+00    0.00000E+00    0.00000E+00
    0.56850E+07    0.46321E-20    0.88380E-20    0.63957E-20    0.00000E+00    0.00000E+00    0.00000E+00
    0.56900E+07    0.72252E-20    0.13846E-19    0.99734E-20    0.00000E+00    0.00000E+00    0.00000E+00
    0.56950E+07    0.11254E-19    0.21662E-19    0.15530E-19    0.00000E+00    0.00000E+00    0.00000E+00
    0.57000E+07    0.17504E-19    0.33843E-19    0.24148E-19    0.00000E+00    0.00000E+00    0.00000E+00
    0.57050E+07    0.27185E-19    0.52799E-19    0.37493E-19    0.00000E+00    0.00000E+00    0.00000E+00
    0.57100E+07    0.42160E-19    0.82257E-19    0.58130E-19    0.00000E+00    0.00000E+00    0.00000E+00
    0.57149E+07    0.64901E-19    0.12720E-18    0.89461E-19    0.00000E+00    0.00000E+00    0.00000E+00
    0.57199E+07    0.99760E-19    0.19642E-18    0.13747E-18    0.00000E+00    0.00000E+00    0.00000E+00
    0.57199E+07    0.14147E-18    0.16748E-18    0.13990E-18    0.00000E+00    0.00000E+00    0.00000E+00
    0.57200E+07    0.14250E-18    0.17010E-18    0.14129E-18    0.00000E+00    0.00000E+00    0.00000E+00
    0.57250E+07    0.18926E-18    0.28901E-18    0.20402E-18    0.00000E+00    0.00000E+00    0.00000E+00
    0.57300E+07    0.25855E-18    0.46621E-18    0.29696E-18    0.00000E+00    0.00000E+00    0.00000E+00
    0.57350E+07    0.36035E-18    0.72807E-18    0.43347E-18    0.00000E+00    0.00000E+00    0.00000E+00
    0.57400E+07    0.50924E-18    0.11132E-17    0.63311E-18    0.00000E+00    0.00000E+00    0.00000E+00
    0.57450E+07    0.72632E-18    0.16781E-17    0.92419E-18    0.00000E+00    0.00000E+00    0.00000E+00
    0.57500E+07    0.10421E-17    0.25048E-17    0.13477E-17    0.00000E+00    0.00000E+00    0.00000E+00
    0.57550E+07    0.15008E-17    0.37123E-17    0.19627E-17    0.00000E+00    0.00000E+00    0.00000E+00
    0.57600E+07    0.21656E-17    0.54733E-17    0.28545E-17    0.00000E+00    0.00000E+00    0.00000E+00
    0.57650E+07    0.31279E-17    0.80376E-17    0.41454E-17    0.00000E+00    0.00000E+00    0.00000E+00
    0.57700E+07    0.45185E-17    0.11766E-16    0.60111E-17    0.00000E+00    0.00000E+00    0.00000E+00
    0.57750E+07    0.65251E-17    0.17178E-16    0.87036E-17    0.00000E+00    0.00000E+00    0.00000E+00
    0.57800E+07    0.94156E-17    0.25024E-16    0.12583E-16    0.00000E+00    0.00000E+00    0.00000E+00
    0.57850E+07    0.13573E-16    0.36381E-16    0.18164E-16    0.00000E+00    0.00000E+00    0.00000E+00
    0.57900E+07    0.19544E-16    0.52794E-16    0.26181E-16    0.00000E+00    0.00000E+00    0.00000E+00
    0.57950E+07    0.28107E-16    0.76479E-16    0.37678E-16    0.00000E+00    0.00000E+00    0.00000E+00
    0.58000E+07    0.40364E-16    0.11061E-15    0.54140E-16    0.00000E+00    0.00000E+00    0.00000E+00
    0.58050E+07    0.57886E-16    0.15971E-15    0.77676E-16    0.00000E+00    0.00000E+00    0.00000E+00
    0.58100E+07    0.82892E-16    0.23025E-15    0.11127E-15    0.00000E+00    0.00000E+00    0.00000E+00
    0.58150E+07    0.11852E-15    0.33144E-15    0.15915E-15    0.00000E+00    0.00000E+00    0.00000E+00
    0.58200E+07    0.16921E-15    0.47636E-15    0.22727E-15    0.00000E+00    0.00000E+00    0.00000E+00
    0.58250E+07    0.24120E-15    0.68360E-15    0.32404E-15    0.00000E+00    0.00000E+00    0.00000E+00
    0.58300E+07    0.34329E-15    0.97950E-15    0.46129E-15    0.00000E+00    0.00000E+00    0.00000E+00
    0.58350E+07    0.48783E-15    0.14013E-14    0.65563E-15    0.00000E+00    0.00000E+00    0.00000E+00
    0.58400E+07    0.69212E-15    0.20018E-14    0.93037E-15    0.00000E+00    0.00000E+00    0.00000E+00
    0.58450E+07    0.98042E-15    0.28552E-14    0.13181E-14    0.00000E+00    0.00000E+00    0.00000E+00
    0.58500E+07    0.13866E-14    0.40662E-14    0.18645E-14    0.00000E+00    0.00000E+00    0.00000E+00
    0.58550E+07    0.19579E-14    0.57819E-14    0.26331E-14    0.00000E+00    0.00000E+00    0.00000E+00
    0.58600E+07    0.27600E-14    0.82088E-14    0.37125E-14    0.00000E+00    0.00000E+00    0.00000E+00
    0.58636E+07    0.35191E-14    0.10520E-13    0.47341E-14    0.00000E+00    0.00000E+00    0.00000E+00
    0.58636E+07    0.37302E-14    0.10263E-13    0.46192E-14    0.00000E+00    0.00000E+00    0.00000E+00
    0.58668E+07    0.45513E-14    0.12936E-13    0.57020E-14    0.00000E+00    0.00000E+00    0.00000E+00
    0.58700E+07    0.55607E-14    0.16247E-13    0.70330E-14    0.00000E+00    0.00000E+00    0.00000E+00
    0.58750E+07    0.75996E-14    0.23000E-13    0.97202E-14    0.00000E+00    0.00000E+00    0.00000E+00
    0.58800E+07    0.10396E-13    0.32372E-13    0.13404E-13    0.00000E+00    0.00000E+00    0.00000E+00
    0.58850E+07    0.14222E-13    0.45348E-13    0.18443E-13    0.00000E+00    0.00000E+00    0.00000E+00
    0.58900E+07    0.19442E-13    0.63272E-13    0.25315E-13    0.00000E+00    0.00000E+00    0.00000E+00
    0.58950E+07    0.26547E-13    0.87973E-13    0.34665E-13    0.00000E+00    0.00000E+00    0.00000E+00
    0.59000E+07    0.36193E-13    0.12193E-12    0.47355E-13    0.00000E+00    0.00000E+00    0.00000E+00
    0.59050E+07    0.49254E-13    0.16852E-12    0.64531E-13    0.00000E+00    0.00000E+00    0.00000E+00
    0.59100E+07    0.66895E-13    0.23227E-12    0.87720E-13    0.00000E+00    0.00000E+00    0.00000E+00
    0.59150E+07    0.90659E-13    0.31930E-12    0.11894E-12    0.00000E+00    0.00000E+00    0.00000E+00
    0.59200E+07    0.12259E-12    0.43783E-12    0.16088E-12    0.00000E+00    0.00000E+00    0.00000E+00
    0.59250E+07    0.16536E-12    0.59888E-12    0.21704E-12    0.00000E+00    0.00000E+00    0.00000E+00
    0.59300E+07    0.22253E-12    0.81717E-12    0.29204E-12    0.00000E+00    0.00000E+00    0.00000E+00
    0.59350E+07    0.29870E-12    0.11123E-11    0.39195E-12    0.00000E+00    0.00000E+00    0.00000E+00
    0.59400E+07    0.39993E-12    0.15104E-11    0.52463E-12    0.00000E+00    0.00000E+00    0.00000E+00
    0.59450E+07    0.53408E-12    0.20459E-11    0.70036E-12    0.00000E+00    0.00000E+00    0.00000E+00
    0.59500E+07    0.71133E-12    0.27645E-11    0.93242E-12    0.00000E+00    0.00000E+00    0.00000E+00
    0.59529E+07    0.83818E-12    0.32850E-11    0.10984E-11    0.00000E+00    0.00000E+00    0.00000E+00
    0.59558E+07    0.98680E-12    0.39006E-11    0.12928E-11    0.00000E+00    0.00000E+00    0.00000E+00
    0.59558E+07    0.11571E-11    0.36089E-11    0.11985E-11    0.00000E+00    0.00000E+00    0.00000E+00
    0.59600E+07    0.13551E-11    0.47512E-11    0.14483E-11    0.00000E+00    0.00000E+00    0.00000E+00
    0.59650E+07    0.16409E-11    0.64558E-11    0.18098E-11    0.00000E+00    0.00000E+00    0.00000E+00
    0.59700E+07    0.19953E-11    0.86329E-11    0.22556E-11    0.00000E+00    0.00000E+00    0.00000E+00
    0.59750E+07    0.24319E-11    0.11399E-10    0.28015E-11    0.00000E+00    0.00000E+00    0.00000E+00
    0.59800E+07    0.29666E-11    0.14895E-10    0.34660E-11    0.00000E+00    0.00000E+00    0.00000E+00
    0.59850E+07    0.36176E-11    0.19294E-10    0.42699E-11    0.00000E+00    0.00000E+00    0.00000E+00
    0.59900E+07    0.44057E-11    0.24805E-10    0.52368E-11    0.00000E+00    0.00000E+00    0.00000E+00
    0.59950E+07    0.53541E-11    0.31678E-10    0.63923E-11    0.00000E+00    0.00000E+00    0.00000E+00
    0.60000E+07    0.64887E-11    0.40212E-10    0.77646E-11    0.00000E+00    0.00000E+00    0.00000E+00
    0.60050E+07    0.78378E-11    0.50762E-10    0.93837E-11    0.00000E+00    0.00000E+00    0.00000E+00
    0.60100E+07    0.94320E-11    0.63748E-10    0.11280E-10    0.00000E+00    0.00000E+00    0.00000E+00
    0.60150E+07    0.11303E-10    0.79658E-10    0.13486E-10    0.00000E+00    0.00000E+00    0.00000E+00
    0.60200E+07    0.13485E-10    0.99062E-10    0.16032E-10    0.00000E+00    0.00000E+00    0.00000E+00
    0.60250E+07    0.16011E-10    0.12262E-09    0.18945E-10    0.00000E+00    0.00000E+00    0.00000E+00
    0.60300E+07    0.18912E-10    0.15107E-09    0.22249E-10    0.00000E+00    0.00000E+00    0.00000E+00
    0.60350E+07    0.22219E-10    0.18527E-09    0.25962E-10    0.00000E+00    0.00000E+00    0.00000E+00
    0.60400E+07    0.25955E-10    0.22618E-09    0.30088E-10    0.00000E+00    0.00000E+00    0.00000E+00
    0.60450E+07    0.30139E-10    0.27484E-09    0.34621E-10    0.00000E+00    0.00000E+00    0.00000E+00
    0.60500E+07    0.34779E-10    0.33244E-09    0.39538E-10    0.00000E+00    0.00000E+00    0.00000E+00
    0.60550E+07    0.39870E-10    0.40021E-09    0.44792E-10    0.00000E+00    0.00000E+00    0.00000E+00
    0.60600E+07    0.45391E-10    0.47950E-09    0.50310E-10    0.00000E+00    0.00000E+00    0.00000E+00
    0.60650E+07    0.51299E-10    0.57173E-09    0.55989E-10    0.00000E+00    0.00000E+00    0.00000E+00
    0.60700E+07    0.57547E-10    0.67833E-09    0.61700E-10    0.00000E+00    0.00000E+00    0.00000E+00
    0.60738E+07    0.62513E-10    0.76935E-09    0.65458E-10    0.00000E+00    0.00000E+00    0.00000E+00
    0.60788E+07    0.68944E-10    0.90472E-09    0.70557E-10    0.00000E+00    0.00000E+00    0.00000E+00
    0.60838E+07    0.75378E-10    0.10581E-08    0.75055E-10    0.00000E+00    0.00000E+00    0.00000E+00
    0.60888E+07    0.81617E-10    0.12307E-08    0.78645E-10    0.00000E+00    0.00000E+00    0.00000E+00
    0.60938E+07    0.87467E-10    0.14234E-08    0.80981E-10    0.00000E+00    0.00000E+00    0.00000E+00
    0.60988E+07    0.92695E-10    0.16368E-08    0.81688E-10    0.00000E+00    0.00000E+00    0.00000E+00
    0.61038E+07    0.97053E-10    0.18709E-08    0.80352E-10    0.00000E+00    0.00000E+00    0.00000E+00
    0.61088E+07    0.10028E-09    0.21255E-08    0.76562E-10    0.00000E+00    0.00000E+00    0.00000E+00
    0.61138E+07    0.10210E-09    0.23994E-08    0.69885E-10    0.00000E+00    0.00000E+00    0.00000E+00
    0.61188E+07    0.10228E-09    0.26910E-08    0.59942E-10    0.00000E+00    0.00000E+00    0.00000E+00
    0.61238E+07    0.10060E-09    0.29977E-08    0.46376E-10    0.00000E+00    0.00000E+00    0.00000E+00
    0.61288E+07    0.96887E-10    0.33159E-08    0.28947E-10    0.00000E+00    0.00000E+00    0.00000E+00
    0.61338E+07    0.91068E-10    0.36411E-08    0.74959E-11    0.00000E+00    0.00000E+00    0.00000E+00
    0.61388E+07    0.83163E-10    0.39678E-08   -0.17937E-10    0.00000E+00    0.00000E+00    0.00000E+00
    0.61438E+07    0.73326E-10    0.42895E-08   -0.47165E-10    0.00000E+00    0.00000E+00    0.00000E+00
    0.61488E+07    0.61873E-10    0.45987E-08   -0.79718E-10    0.00000E+00    0.00000E+00    0.00000E+00
    0.61538E+07    0.49286E-10    0.48871E-08   -0.11493E-09    0.00000E+00    0.00000E+00    0.00000E+00
    0.61588E+07    0.36276E-10    0.51457E-08   -0.15177E-09    0.00000E+00    0.00000E+00    0.00000E+00
    0.61638E+07    0.23630E-10    0.53621E-08   -0.19288E-09    0.00000E+00    0.00000E+00    0.00000E+00
    0.61688E+07    0.12350E-10    0.55291E-08   -0.23279E-09    0.00000E+00    0.00000E+00    0.00000E+00
    0.61738E+07    0.39493E-11    0.56363E-08   -0.26966E-09    0.00000E+00    0.00000E+00    0.00000E+00
    0.61788E+07    0.80291E-13    0.56740E-08   -0.30145E-09    0.00000E+00    0.00000E+00    0.00000E+00
    0.61838E+07    0.25395E-11    0.56348E-08   -0.32483E-09    0.00000E+00    0.00000E+00    0.00000E+00
    0.61888E+07    0.13101E-10    0.55135E-08   -0.33637E-09    0.00000E+00    0.00000E+00    0.00000E+00
    0.61938E+07    0.33269E-10    0.53076E-08   -0.33344E-09    0.00000E+00    0.00000E+00    0.00000E+00
    0.61988E+07    0.64027E-10    0.50184E-08   -0.31410E-09    0.00000E+00    0.00000E+00    0.00000E+00
    0.62038E+07    0.10580E-09    0.46452E-08   -0.27822E-09    0.00000E+00    0.00000E+00    0.00000E+00
    0.62088E+07    0.15821E-09    0.42026E-08   -0.22658E-09    0.00000E+00    0.00000E+00    0.00000E+00
    0.62138E+07    0.21994E-09    0.37087E-08   -0.16055E-09    0.00000E+00    0.00000E+00    0.00000E+00
    0.62188E+07    0.28918E-09    0.31754E-08   -0.82270E-10    0.00000E+00    0.00000E+00    0.00000E+00
    0.62238E+07    0.36326E-09    0.26226E-08    0.45294E-11    0.00000E+00    0.00000E+00    0.00000E+00
    0.62288E+07    0.43901E-09    0.20719E-08    0.95499E-10    0.00000E+00    0.00000E+00    0.00000E+00
    0.62338E+07    0.51292E-09    0.15463E-08    0.18593E-09    0.00000E+00    0.00000E+00    0.00000E+00
    0.62388E+07    0.58128E-09    0.10684E-08    0.27090E-09    0.00000E+00    0.00000E+00    0.00000E+00
    0.62438E+07    0.64030E-09    0.65945E-09    0.34554E-09    0.00000E+00    0.00000E+00    0.00000E+00
    0.62488E+07    0.68638E-09    0.33798E-09    0.40519E-09    0.00000E+00    0.00000E+00    0.00000E+00
    0.62538E+07    0.71665E-09    0.11851E-09    0.44594E-09    0.00000E+00    0.00000E+00    0.00000E+00
    0.62588E+07    0.72913E-09    0.10739E-10    0.46508E-09    0.00000E+00    0.00000E+00    0.00000E+00
    0.62638E+07    0.72288E-09    0.18912E-10    0.46145E-09    0.00000E+00    0.00000E+00    0.00000E+00
    0.62688E+07    0.69839E-09    0.14158E-09    0.43584E-09    0.00000E+00    0.00000E+00    0.00000E+00
    0.62738E+07    0.65793E-09    0.37190E-09    0.39128E-09    0.00000E+00    0.00000E+00    0.00000E+00
    0.62788E+07    0.60501E-09    0.69851E-09    0.33263E-09    0.00000E+00    0.00000E+00    0.00000E+00
    0.62838E+07    0.54422E-09    0.11066E-08    0.26594E-09    0.00000E+00    0.00000E+00    0.00000E+00
    0.62888E+07    0.48003E-09    0.15796E-08    0.19727E-09    0.00000E+00    0.00000E+00    0.00000E+00
    0.62938E+07    0.41641E-09    0.21004E-08    0.13196E-09    0.00000E+00    0.00000E+00    0.00000E+00
    0.62988E+07    0.35641E-09    0.26532E-08    0.74127E-10    0.00000E+00    0.00000E+00    0.00000E+00
    0.63038E+07    0.30077E-09    0.32357E-08    0.24595E-10    0.00000E+00    0.00000E+00    0.00000E+00
    0.63088E+07    0.25210E-09    0.38256E-08   -0.13554E-10    0.00000E+00    0.00000E+00    0.00000E+00
    0.63138E+07    0.21177E-09    0.43955E-08   -0.40253E-10    0.00000E+00    0.00000E+00    0.00000E+00
    0.63188E+07    0.17765E-09    0.49528E-08   -0.60178E-10    0.00000E+00    0.00000E+00    0.00000E+00
    0.63238E+07    0.15020E-09    0.54930E-08   -0.74612E-10    0.00000E+00    0.00000E+00    0.00000E+00
    0.63288E+07    0.12322E-09    0.60093E-08   -0.89476E-10    0.00000E+00    0.00000E+00    0.00000E+00
    0.63313E+07    0.11796E-09    0.63633E-08    0.51415E-10    0.00000E+00    0.00000E+00    0.00000E+00
    0.63326E+07    0.11698E-09    0.64911E-08    0.54659E-10    0.00000E+00    0.00000E+00    0.00000E+00
    0.63332E+07    0.11649E-09    0.65553E-08    0.56338E-10    0.00000E+00    0.00000E+00    0.00000E+00
    0.63344E+07    0.11567E-09    0.66764E-08    0.59605E-10    0.00000E+00    0.00000E+00    0.00000E+00
    0.63354E+07    0.11499E-09    0.67902E-08    0.62761E-10    0.00000E+00    0.00000E+00    0.00000E+00
    0.63360E+07    0.11469E-09    0.68474E-08    0.64382E-10    0.00000E+00    0.00000E+00    0.00000E+00
    0.63379E+07    0.11384E-09    0.70418E-08    0.70138E-10    0.00000E+00    0.00000E+00    0.00000E+00
    0.63397E+07    0.11325E-09    0.72382E-08    0.76244E-10    0.00000E+00    0.00000E+00    0.00000E+00
    0.63416E+07    0.11291E-09    0.74369E-08    0.82640E-10    0.00000E+00    0.00000E+00    0.00000E+00
    0.63434E+07    0.11282E-09    0.76383E-08    0.89813E-10    0.00000E+00    0.00000E+00    0.00000E+00
    0.63453E+07    0.11300E-09    0.78426E-08    0.97829E-10    0.00000E+00    0.00000E+00    0.00000E+00
    0.63471E+07    0.11346E-09    0.80493E-08    0.10555E-09    0.00000E+00    0.00000E+00    0.00000E+00
    0.63508E+07    0.11516E-09    0.84726E-08    0.12229E-09    0.00000E+00    0.00000E+00    0.00000E+00
    0.63508E+07    0.11516E-09    0.84726E-08    0.12229E-09    0.00000E+00    0.00000E+00    0.00000E+00
    0.63530E+07    0.11664E-09    0.87296E-08    0.13305E-09    0.00000E+00    0.00000E+00    0.00000E+00
    0.63552E+07    0.11853E-09    0.89915E-08    0.14340E-09    0.00000E+00    0.00000E+00    0.00000E+00
    0.63574E+07    0.12083E-09    0.92539E-08    0.14627E-09    0.00000E+00    0.00000E+00    0.00000E+00
    0.63596E+07    0.12318E-09    0.95198E-08    0.14516E-09    0.00000E+00    0.00000E+00    0.00000E+00
    0.63596E+07    0.23694E-09    0.74256E-08   -0.15399E-08    0.00000E+00    0.00000E+00    0.00000E+00
    0.63607E+07    0.18536E-09    0.74813E-08   -0.17587E-08    0.00000E+00    0.00000E+00    0.00000E+00
    0.63624E+07    0.10746E-09    0.75214E-08   -0.20833E-08    0.00000E+00    0.00000E+00    0.00000E+00
    0.63640E+07    0.44866E-10    0.74958E-08   -0.23855E-08    0.00000E+00    0.00000E+00    0.00000E+00
    0.63656E+07    0.29616E-11    0.52798E-08   -0.49060E-08    0.00000E+00    0.00000E+00    0.00000E+00
    0.63656E+07    0.61994E-08    0.24490E-09   -0.66994E-08    0.00000E+00    0.00000E+00    0.00000E+00
    0.63658E+07    0.79171E-29    0.26245E-09   -0.77338E-08    0.00000E+00    0.00000E+00    0.00000E+00
    0.63658E+07    0.00000E+00    0.00000E+00    0.00000E+00    0.00000E+00    0.00000E+00    0.00000E+00
    0.63671E+07    0.00000E+00    0.00000E+00    0.00000E+00    0.00000E+00    0.00000E+00    0.00000E+00
    0.63684E+07    0.00000E+00    0.00000E+00    0.00000E+00    0.00000E+00    0.00000E+00    0.00000E+00
    0.63697E+07    0.00000E+00    0.00000E+00    0.00000E+00    0.00000E+00    0.00000E+00    0.00000E+00
    0.63710E+07    0.00000E+00    0.00000E+00    0.00000E+00    0.00000E+00    0.00000E+00    0.00000E+00
