    0.34800E+07    0.00000E+00    0.00000E+00    0.00000E+00    0.00000E+00    0.00000E+00    0.00000E+00
    0.34850E+07    0.00000E+00    0.00000E+00    0.00000E+00    0.00000E+00    0.00000E+00    0.00000E+00
    0.34900E+07    0.00000E+00    0.00000E+00    0.00000E+00    0.00000E+00    0.00000E+00    0.00000E+00
    0.34950E+07    0.00000E+00    0.00000E+00    0.00000E+00    0.00000E+00    0.00000E+00    0.00000E+00
    0.35000E+07    0.00000E+00    0.00000E+00    0.00000E+00    0.00000E+00    0.00000E+00    0.00000E+00
    0.35050E+07    0.00000E+00    0.00000E+00    0.00000E+00    0.00000E+00    0.00000E+00    0.00000E+00
    0.35100E+07    0.00000E+00    0.00000E+00    0.00000E+00    0.00000E+00    0.00000E+00    0.00000E+00
    0.35150E+07    0.00000E+00    0.00000E+00    0.00000E+00    0.00000E+00    0.00000E+00    0.00000E+00
    0.35200E+07    0.00000E+00    0.00000E+00    0.00000E+00    0.00000E+00    0.00000E+00    0.00000E+00
    0.35250E+07    0.00000E+00    0.00000E+00    0.00000E+00    0.00000E+00    0.00000E+00    0.00000E+00
    0.35300E+07    0.00000E+00    0.00000E+00    0.00000E+00    0.00000E+00    0.00000E+00    0.00000E+00
    0.35350E+07    0.00000E+00    0.00000E+00    0.00000E+00    0.00000E+00    0.00000E+00    0.00000E+00
    0.35400E+07    0.00000E+00    0.00000E+00    0.00000E+00    0.00000E+00    0.00000E+00    0.00000E+00
    0.35450E+07    0.00000E+00    0.00000E+00    0.00000E+00    0.00000E+00    0.00000E+00    0.00000E+00
    0.35500E+07    0.00000E+00    0.00000E+00    0.00000E+00    0.00000E+00    0.00000E+00    0.00000E+00
    0.35550E+07    0.00000E+00    0.00000E+00    0.00000E+00    0.00000E+00    0.00000E+00    0.00000E+00
    0.35600E+07    0.00000E+00    0.00000E+00    0.00000E+00    0.00000E+00    0.00000E+00    0.00000E+00
    0.35650E+07    0.00000E+00    0.00000E+00    0.00000E+00    0.00000E+00    0.00000E+00    0.00000E+00
    0.35700E+07    0.00000E+00    0.00000E+00    0.00000E+00    0.00000E+00    0.00000E+00    0.00000E+00
    0.35750E+07    0.00000E+00    0.00000E+00    0.00000E+00    0.00000E+00    0.00000E+00    0.00000E+00
    0.35800E+07    0.00000E+00    0.00000E+00    0.00000E+00    0.00000E+00    0.00000E+00    0.00000E+00
    0.35850E+07    0.00000E+00    0.00000E+00    0.00000E+00    0.00000E+00    0.00000E+00    0.00000E+00
    0.35900E+07    0.00000E+00    0.00000E+00    0.00000E+00    0.00000E+00    0.00000E+00    0.00000E+00
    0.35950E+07    0.00000E+00    0.00000E+00    0.00000E+00    0.00000E+00    0.00000E+00    0.00000E+00
    0.36000E+07    0.00000E+00    0.00000E+00    0.00000E+00    0.00000E+00    0.00000E+00    0.00000E+00
    0.36050E+07    0.00000E+00    0.00000E+00    0.00000E+00    0.00000E+00    0.00000E+00    0.00000E+00
    0.36100E+07    0.00000E+00    0.00000E+00    0.00000E+00    0.00000E+00    0.00000E+00    0.00000E+00
    0.36150E+07    0.00000E+00    0.00000E+00    0.00000E+00    0.00000E+00    0.00000E+00    0.00000E+00
    0.36200E+07    0.00000E+00    0.00000E+00    0.00000E+00    0.00000E+00    0.00000E+00    0.00000E+00
    0.36250E+07    0.00000E+00    0.00000E+00    0.00000E+00    0.00000E+00    0.00000E+00    0.00000E+00
    0.36300E+07    0.00000E+00    0.00000E+00    0.00000E+00    0.00000E+00    0.00000E+00    0.00000E+00
    0.36300E+07    0.00000E+00    0.00000E+00    0.00000E+00    0.00000E+00    0.00000E+00    0.00000E+00
    0.36350E+07    0.00000E+00    0.00000E+00    0.00000E+00    0.00000E+00    0.00000E+00    0.00000E+00
    0.36400E+07    0.00000E+00    0.00000E+00    0.00000E+00    0.00000E+00    0.00000E+00    0.00000E+00
    0.36450E+07    0.00000E+00    0.00000E+00    0.00000E+00    0.00000E+00    0.00000E+00    0.00000E+00
    0.36500E+07    0.00000E+00    0.00000E+00    0.00000E+00    0.00000E+00    0.00000E+00    0.00000E+00
    0.36550E+07    0.00000E+00    0.00000E+00    0.00000E+00    0.00000E+00    0.00000E+00    0.00000E+00
    0.36600E+07    0.00000E+00    0.00000E+00    0.00000E+00    0.00000E+00    0.00000E+00    0.00000E+00
    0.36650E+07    0.00000E+00    0.00000E+00    0.00000E+00    0.00000E+00    0.00000E+00    0.00000E+00
    0.36700E+07    0.00000E+00    0.00000E+00    0.00000E+00    0.00000E+00    0.00000E+00    0.00000E+00
    0.36750E+07    0.00000E+00    0.00000E+00    0.00000E+00    0.00000E+00    0.00000E+00    0.00000E+00
    0.36800E+07    0.00000E+00    0.00000E+00    0.00000E+00    0.00000E+00    0.00000E+00    0.00000E+00
    0.36850E+07    0.00000E+00    0.00000E+00    0.00000E+00    0.00000E+00    0.00000E+00    0.00000E+00
    0.36900E+07    0.00000E+00    0.00000E+00    0.00000E+00    0.00000E+00    0.00000E+00    0.00000E+00
    0.36950E+07    0.00000E+00    0.00000E+00    0.00000E+00    0.00000E+00    0.00000E+00    0.00000E+00
    0.37000E+07    0.00000E+00    0.00000E+00    0.00000E+00    0.00000E+00    0.00000E+00    0.00000E+00
    0.37050E+07    0.00000E+00    0.00000E+00    0.00000E+00    0.00000E+00    0.00000E+00    0.00000E+00
    0.37100E+07    0.00000E+00    0.00000E+00    0.00000E+00    0.00000E+00    0.00000E+00    0.00000E+00
    0.37150E+07    0.00000E+00    0.00000E+00    0.00000E+00    0.00000E+00    0.00000E+00    0.00000E+00
    0.37200E+07    0.00000E+00    0.00000E+00    0.00000E+00    0.00000E+00    0.00000E+00    0.00000E+00
    0.37250E+07    0.00000E+00    0.00000E+00    0.00000E+00    0.00000E+00    0.00000E+00    0.00000E+00
    0.37300E+07    0.00000E+00    0.00000E+00    0.00000E+00    0.00000E+00    0.00000E+00    0.00000E+00
    0.37350E+07    0.00000E+00    0.00000E+00    0.00000E+00    0.00000E+00    0.00000E+00    0.00000E+00
    0.37400E+07    0.00000E+00    0.00000E+00    0.00000E+00    0.00000E+00    0.00000E+00    0.00000E+00
    0.37450E+07    0.00000E+00    0.00000E+00    0.00000E+00    0.00000E+00    0.00000E+00    0.00000E+00
    0.37500E+07    0.00000E+00    0.00000E+00    0.00000E+00    0.00000E+00    0.00000E+00    0.00000E+00
    0.37550E+07    0.00000E+00    0.00000E+00    0.00000E+00    0.00000E+00    0.00000E+00    0.00000E+00
    0.37600E+07    0.00000E+00    0.00000E+00    0.00000E+00    0.00000E+00    0.00000E+00    0.00000E+00
    0.37650E+07    0.00000E+00    0.00000E+00    0.00000E+00    0.00000E+00    0.00000E+00    0.00000E+00
    0.37700E+07    0.00000E+00    0.00000E+00    0.00000E+00    0.00000E+00    0.00000E+00    0.00000E+00
    0.37750E+07    0.00000E+00    0.00000E+00    0.00000E+00    0.00000E+00    0.00000E+00    0.00000E+00
    0.37800E+07    0.00000E+00    0.00000E+00    0.00000E+00    0.00000E+00    0.00000E+00    0.00000E+00
    0.37850E+07    0.00000E+00    0.00000E+00    0.00000E+00    0.00000E+00    0.00000E+00    0.00000E+00
    0.37900E+07    0.00000E+00    0.00000E+00    0.00000E+00    0.00000E+00    0.00000E+00    0.00000E+00
    0.37950E+07    0.00000E+00    0.00000E+00    0.00000E+00    0.00000E+00    0.00000E+00    0.00000E+00
    0.38000E+07    0.00000E+00    0.00000E+00    0.00000E+00    0.00000E+00    0.00000E+00    0.00000E+00
    0.38050E+07    0.00000E+00    0.00000E+00    0.00000E+00    0.00000E+00    0.00000E+00    0.00000E+00
    0.38100E+07    0.00000E+00    0.00000E+00    0.00000E+00    0.00000E+00    0.00000E+00    0.00000E+00
    0.38150E+07    0.00000E+00    0.00000E+00    0.00000E+00    0.00000E+00    0.00000E+00    0.00000E+00
    0.38200E+07    0.00000E+00    0.00000E+00    0.00000E+00    0.00000E+00    0.00000E+00    0.00000E+00
    0.38250E+07    0.00000E+00    0.00000E+00    0.00000E+00    0.00000E+00    0.00000E+00    0.00000E+00
    0.38300E+07    0.00000E+00    0.00000E+00    0.00000E+00    0.00000E+00    0.00000E+00    0.00000E+00
    0.38350E+07    0.00000E+00    0.00000E+00    0.00000E+00    0.00000E+00    0.00000E+00    0.00000E+00
    0.38400E+07    0.00000E+00    0.00000E+00    0.00000E+00    0.00000E+00    0.00000E+00    0.00000E+00
    0.38450E+07    0.00000E+00    0.00000E+00    0.00000E+00    0.00000E+00    0.00000E+00    0.00000E+00
    0.38500E+07    0.00000E+00    0.00000E+00    0.00000E+00    0.00000E+00    0.00000E+00    0.00000E+00
    0.38550E+07    0.00000E+00    0.00000E+00    0.00000E+00    0.00000E+00    0.00000E+00    0.00000E+00
    0.38600E+07    0.00000E+00    0.00000E+00    0.00000E+00    0.00000E+00    0.00000E+00    0.00000E+00
    0.38650E+07    0.00000E+00    0.00000E+00    0.00000E+00    0.00000E+00    0.00000E+00    0.00000E+00
    0.38700E+07    0.00000E+00    0.00000E+00    0.00000E+00    0.00000E+00    0.00000E+00    0.00000E+00
    0.38750E+07    0.00000E+00    0.00000E+00    0.00000E+00    0.00000E+00    0.00000E+00    0.00000E+00
    0.38800E+07    0.00000E+00    0.00000E+00    0.00000E+00    0.00000E+00    0.00000E+00    0.00000E+00
    0.38850E+07    0.00000E+00    0.00000E+00    0.00000E+00    0.00000E+00    0.00000E+00    0.00000E+00
    0.38900E+07    0.00000E+00    0.00000E+00    0.00000E+00    0.00000E+00    0.00000E+00    0.00000E+00
    0.38950E+07    0.00000E+00    0.00000E+00    0.00000E+00    0.00000E+00    0.00000E+00    0.00000E+00
    0.39000E+07    0.00000E+00    0.00000E+00    0.00000E+00    0.00000E+00    0.00000E+00    0.00000E+00
    0.39050E+07    0.00000E+00    0.00000E+00    0.00000E+00    0.00000E+00    0.00000E+00    0.00000E+00
    0.39100E+07    0.00000E+00    0.00000E+00    0.00000E+00    0.00000E+00    0.00000E+00    0.00000E+00
    0.39150E+07    0.00000E+00    0.00000E+00    0.00000E+00    0.00000E+00    0.00000E+00    0.00000E+00
    0.39200E+07    0.00000E+00    0.00000E+00    0.00000E+00    0.00000E+00    0.00000E+00    0.00000E+00
    0.39250E+07    0.00000E+00    0.00000E+00    0.00000E+00    0.00000E+00    0.00000E+00    0.00000E+00
    0.39300E+07    0.00000E+00    0.00000E+00    0.00000E+00    0.00000E+00    0.00000E+00    0.00000E+00
    0.39350E+07    0.00000E+00    0.00000E+00    0.00000E+00    0.00000E+00    0.00000E+00    0.00000E+00
    0.39400E+07    0.00000E+00    0.00000E+00    0.00000E+00    0.00000E+00    0.00000E+00    0.00000E+00
    0.39450E+07    0.00000E+00    0.00000E+00    0.00000E+00    0.00000E+00    0.00000E+00    0.00000E+00
    0.39500E+07    0.00000E+00    0.00000E+00    0.00000E+00    0.00000E+00    0.00000E+00    0.00000E+00
    0.39550E+07    0.00000E+00    0.00000E+00    0.00000E+00    0.00000E+00    0.00000E+00    0.00000E+00
    0.39600E+07    0.00000E+00    0.00000E+00    0.00000E+00    0.00000E+00    0.00000E+00    0.00000E+00
    0.39650E+07    0.00000E+00    0.00000E+00    0.00000E+00    0.00000E+00    0.00000E+00    0.00000E+00
    0.39700E+07    0.00000E+00    0.00000E+00    0.00000E+00    0.00000E+00    0.00000E+00    0.00000E+00
    0.39750E+07    0.00000E+00    0.00000E+00    0.00000E+00    0.00000E+00    0.00000E+00    0.00000E+00
    0.39800E+07    0.00000E+00    0.00000E+00    0.00000E+00    0.00000E+00    0.00000E+00    0.00000E+00
    0.39850E+07    0.00000E+00    0.00000E+00    0.00000E+00    0.00000E+00    0.00000E+00    0.00000E+00
    0.39900E+07    0.00000E+00    0.00000E+00    0.00000E+00    0.00000E+00    0.00000E+00    0.00000E+00
    0.39950E+07    0.00000E+00    0.00000E+00    0.00000E+00    0.00000E+00    0.00000E+00    0.00000E+00
    0.40000E+07    0.00000E+00    0.00000E+00    0.00000E+00    0.00000E+00    0.00000E+00    0.00000E+00
    0.40050E+07    0.00000E+00    0.00000E+00    0.00000E+00    0.00000E+00    0.00000E+00    0.00000E+00
    0.40100E+07    0.00000E+00    0.00000E+00    0.00000E+00    0.00000E+00    0.00000E+00    0.00000E+00
    0.40150E+07    0.00000E+00    0.00000E+00    0.00000E+00    0.00000E+00    0.00000E+00    0.00000E+00
    0.40200E+07    0.00000E+00    0.00000E+00    0.00000E+00    0.00000E+00    0.00000E+00    0.00000E+00
    0.40250E+07    0.00000E+00    0.00000E+00    0.00000E+00    0.00000E+00    0.00000E+00    0.00000E+00
    0.40300E+07    0.00000E+00    0.00000E+00    0.00000E+00    0.00000E+00    0.00000E+00    0.00000E+00
    0.40350E+07    0.00000E+00    0.00000E+00    0.00000E+00    0.00000E+00    0.00000E+00    0.00000E+00
    0.40400E+07    0.00000E+00    0.00000E+00    0.00000E+00    0.00000E+00    0.00000E+00    0.00000E+00
    0.40450E+07    0.00000E+00    0.00000E+00    0.00000E+00    0.00000E+00    0.00000E+00    0.00000E+00
    0.40500E+07    0.00000E+00    0.00000E+00    0.00000E+00    0.00000E+00    0.00000E+00    0.00000E+00
    0.40550E+07    0.00000E+00    0.00000E+00    0.00000E+00    0.00000E+00    0.00000E+00    0.00000E+00
    0.40600E+07    0.00000E+00    0.00000E+00    0.00000E+00    0.00000E+00    0.00000E+00    0.00000E+00
    0.40650E+07    0.00000E+00    0.00000E+00    0.00000E+00    0.00000E+00    0.00000E+00    0.00000E+00
    0.40700E+07    0.00000E+00    0.00000E+00    0.00000E+00    0.00000E+00    0.00000E+00    0.00000E+00
    0.40750E+07    0.00000E+00    0.00000E+00    0.00000E+00    0.00000E+00    0.00000E+00    0.00000E+00
    0.40800E+07    0.00000E+00    0.00000E+00    0.00000E+00    0.00000E+00    0.00000E+00    0.00000E+00
    0.40850E+07    0.00000E+00    0.00000E+00    0.00000E+00    0.00000E+00    0.00000E+00    0.00000E+00
    0.40900E+07    0.00000E+00    0.00000E+00    0.00000E+00    0.00000E+00    0.00000E+00    0.00000E+00
    0.40950E+07    0.00000E+00    0.00000E+00    0.00000E+00    0.00000E+00    0.00000E+00    0.00000E+00
    0.41000E+07    0.00000E+00    0.00000E+00    0.00000E+00    0.00000E+00    0.00000E+00    0.00000E+00
    0.41050E+07    0.00000E+00    0.00000E+00    0.00000E+00    0.00000E+00    0.00000E+00    0.00000E+00
    0.41100E+07    0.00000E+00    0.00000E+00    0.00000E+00    0.00000E+00    0.00000E+00    0.00000E+00
    0.41150E+07    0.00000E+00    0.00000E+00    0.00000E+00    0.00000E+00    0.00000E+00    0.00000E+00
    0.41200E+07    0.00000E+00    0.00000E+00    0.00000E+00    0.00000E+00    0.00000E+00    0.00000E+00
    0.41250E+07    0.00000E+00    0.00000E+00    0.00000E+00    0.00000E+00    0.00000E+00    0.00000E+00
    0.41300E+07    0.00000E+00    0.00000E+00    0.00000E+00    0.00000E+00    0.00000E+00    0.00000E+00
    0.41350E+07    0.00000E+00    0.00000E+00    0.00000E+00    0.00000E+00    0.00000E+00    0.00000E+00
    0.41400E+07    0.00000E+00    0.00000E+00    0.00000E+00    0.00000E+00    0.00000E+00    0.00000E+00
    0.41450E+07    0.00000E+00    0.00000E+00    0.00000E+00    0.00000E+00    0.00000E+00    0.00000E+00
    0.41500E+07    0.00000E+00    0.00000E+00    0.00000E+00    0.00000E+00    0.00000E+00    0.00000E+00
    0.41550E+07    0.00000E+00    0.00000E+00    0.00000E+00    0.00000E+00    0.00000E+00    0.00000E+00
    0.41600E+07    0.00000E+00    0.00000E+00    0.00000E+00    0.00000E+00    0.00000E+00    0.00000E+00
    0.41650E+07    0.00000E+00    0.00000E+00    0.00000E+00    0.00000E+00    0.00000E+00    0.00000E+00
    0.41700E+07    0.00000E+00    0.00000E+00    0.00000E+00    0.00000E+00    0.00000E+00    0.00000E+00
    0.41750E+07    0.00000E+00    0.00000E+00    0.00000E+00    0.00000E+00    0.00000E+00    0.00000E+00
    0.41800E+07    0.00000E+00    0.00000E+00    0.00000E+00    0.00000E+00    0.00000E+00    0.00000E+00
    0.41850E+07    0.00000E+00    0.00000E+00    0.00000E+00    0.00000E+00    0.00000E+00    0.00000E+00
    0.41900E+07    0.00000E+00    0.00000E+00    0.00000E+00    0.00000E+00    0.00000E+00    0.00000E+00
    0.41950E+07    0.00000E+00    0.00000E+00    0.00000E+00    0.00000E+00    0.00000E+00    0.00000E+00
    0.42000E+07    0.00000E+00    0.00000E+00    0.00000E+00    0.00000E+00    0.00000E+00    0.00000E+00
    0.42050E+07    0.00000E+00    0.00000E+00    0.00000E+00    0.00000E+00    0.00000E+00    0.00000E+00
    0.42100E+07    0.00000E+00    0.00000E+00    0.00000E+00    0.00000E+00    0.00000E+00    0.00000E+00
    0.42150E+07    0.00000E+00    0.00000E+00    0.00000E+00    0.00000E+00    0.00000E+00    0.00000E+00
    0.42200E+07    0.00000E+00    0.00000E+00    0.00000E+00    0.00000E+00    0.00000E+00    0.00000E+00
    0.42250E+07    0.00000E+00    0.00000E+00    0.00000E+00    0.00000E+00    0.00000E+00    0.00000E+00
    0.42300E+07    0.00000E+00    0.00000E+00    0.00000E+00    0.00000E+00    0.00000E+00    0.00000E+00
    0.42350E+07    0.00000E+00    0.00000E+00    0.00000E+00    0.00000E+00    0.00000E+00    0.00000E+00
    0.42400E+07    0.00000E+00    0.00000E+00    0.00000E+00    0.00000E+00    0.00000E+00    0.00000E+00
    0.42450E+07    0.00000E+00    0.00000E+00    0.00000E+00    0.00000E+00    0.00000E+00    0.00000E+00
    0.42500E+07    0.00000E+00    0.00000E+00    0.00000E+00    0.00000E+00    0.00000E+00    0.00000E+00
    0.42550E+07    0.00000E+00    0.00000E+00    0.00000E+00    0.00000E+00    0.00000E+00    0.00000E+00
    0.42600E+07    0.00000E+00    0.00000E+00    0.00000E+00    0.00000E+00    0.00000E+00    0.00000E+00
    0.42650E+07    0.00000E+00    0.00000E+00    0.00000E+00    0.00000E+00    0.00000E+00    0.00000E+00
    0.42700E+07    0.00000E+00    0.00000E+00    0.00000E+00    0.00000E+00    0.00000E+00    0.00000E+00
    0.42750E+07    0.00000E+00    0.00000E+00    0.00000E+00    0.00000E+00    0.00000E+00    0.00000E+00
    0.42800E+07    0.00000E+00    0.00000E+00    0.00000E+00    0.00000E+00    0.00000E+00    0.00000E+00
    0.42850E+07    0.00000E+00    0.00000E+00    0.00000E+00    0.00000E+00    0.00000E+00    0.00000E+00
    0.42900E+07    0.00000E+00    0.00000E+00    0.00000E+00    0.00000E+00    0.00000E+00    0.00000E+00
    0.42950E+07    0.00000E+00    0.00000E+00    0.00000E+00    0.00000E+00    0.00000E+00    0.00000E+00
    0.43000E+07    0.00000E+00    0.00000E+00    0.00000E+00    0.00000E+00    0.00000E+00    0.00000E+00
    0.43050E+07    0.00000E+00    0.00000E+00    0.00000E+00    0.00000E+00    0.00000E+00    0.00000E+00
    0.43100E+07    0.00000E+00    0.00000E+00    0.00000E+00    0.00000E+00    0.00000E+00    0.00000E+00
    0.43150E+07    0.00000E+00    0.00000E+00    0.00000E+00    0.00000E+00    0.00000E+00    0.00000E+00
    0.43200E+07    0.00000E+00    0.00000E+00    0.00000E+00    0.00000E+00    0.00000E+00    0.00000E+00
    0.43250E+07    0.00000E+00    0.00000E+00    0.00000E+00    0.00000E+00    0.00000E+00    0.00000E+00
    0.43300E+07    0.00000E+00    0.00000E+00    0.00000E+00    0.00000E+00    0.00000E+00    0.00000E+00
    0.43350E+07    0.00000E+00    0.00000E+00    0.00000E+00    0.00000E+00    0.00000E+00    0.00000E+00
    0.43400E+07    0.00000E+00    0.00000E+00    0.00000E+00    0.00000E+00    0.00000E+00    0.00000E+00
    0.43450E+07    0.00000E+00    0.00000E+00    0.00000E+00    0.00000E+00    0.00000E+00    0.00000E+00
    0.43500E+07    0.00000E+00    0.00000E+00    0.00000E+00    0.00000E+00    0.00000E+00    0.00000E+00
    0.43550E+07    0.00000E+00    0.00000E+00    0.00000E+00    0.00000E+00    0.00000E+00    0.00000E+00
    0.43600E+07    0.00000E+00    0.00000E+00    0.00000E+00    0.00000E+00    0.00000E+00    0.00000E+00
    0.43650E+07    0.00000E+00    0.00000E+00    0.00000E+00    0.00000E+00    0.00000E+00    0.00000E+00
    0.43700E+07    0.00000E+00    0.00000E+00    0.00000E+00    0.00000E+00    0.00000E+00    0.00000E+00
    0.43750E+07    0.00000E+00    0.00000E+00    0.00000E+00    0.00000E+00    0.00000E+00    0.00000E+00
    0.43800E+07    0.00000E+00    0.00000E+00    0.00000E+00    0.00000E+00    0.00000E+00    0.00000E+00
    0.43850E+07    0.00000E+00    0.00000E+00    0.00000E+00    0.00000E+00    0.00000E+00    0.00000E+00
    0.43900E+07    0.00000E+00    0.00000E+00    0.00000E+00    0.00000E+00    0.00000E+00    0.00000E+00
    0.43950E+07    0.00000E+00    0.00000E+00    0.00000E+00    0.00000E+00    0.00000E+00    0.00000E+00
    0.44000E+07    0.00000E+00    0.00000E+00    0.00000E+00    0.00000E+00    0.00000E+00    0.00000E+00
    0.44050E+07    0.00000E+00    0.00000E+00    0.00000E+00    0.00000E+00    0.00000E+00    0.00000E+00
    0.44100E+07    0.00000E+00    0.00000E+00    0.00000E+00    0.00000E+00    0.00000E+00    0.00000E+00
    0.44150E+07    0.00000E+00    0.00000E+00    0.00000E+00    0.00000E+00    0.00000E+00    0.00000E+00
    0.44200E+07    0.00000E+00    0.00000E+00    0.00000E+00    0.00000E+00    0.00000E+00    0.00000E+00
    0.44250E+07    0.00000E+00    0.00000E+00    0.00000E+00    0.00000E+00    0.00000E+00    0.00000E+00
    0.44300E+07    0.00000E+00    0.00000E+00    0.00000E+00    0.00000E+00    0.00000E+00    0.00000E+00
    0.44350E+07    0.00000E+00    0.00000E+00    0.00000E+00    0.00000E+00    0.00000E+00    0.00000E+00
    0.44400E+07    0.00000E+00    0.00000E+00    0.00000E+00    0.00000E+00    0.00000E+00    0.00000E+00
    0.44450E+07    0.00000E+00    0.00000E+00    0.00000E+00    0.00000E+00    0.00000E+00    0.00000E+00
    0.44500E+07    0.00000E+00    0.00000E+00    0.00000E+00    0.00000E+00    0.00000E+00    0.00000E+00
    0.44550E+07    0.00000E+00    0.00000E+00    0.00000E+00    0.00000E+00    0.00000E+00    0.00000E+00
    0.44600E+07    0.00000E+00    0.00000E+00    0.00000E+00    0.00000E+00    0.00000E+00    0.00000E+00
    0.44650E+07    0.00000E+00    0.00000E+00    0.00000E+00    0.00000E+00    0.00000E+00    0.00000E+00
    0.44700E+07    0.00000E+00    0.00000E+00    0.00000E+00    0.00000E+00    0.00000E+00    0.00000E+00
    0.44750E+07    0.00000E+00    0.00000E+00    0.00000E+00    0.00000E+00    0.00000E+00    0.00000E+00
    0.44800E+07    0.00000E+00    0.00000E+00    0.00000E+00    0.00000E+00    0.00000E+00    0.00000E+00
    0.44850E+07    0.00000E+00    0.00000E+00    0.00000E+00    0.00000E+00    0.00000E+00    0.00000E+00
    0.44900E+07    0.00000E+00    0.00000E+00    0.00000E+00    0.00000E+00    0.00000E+00    0.00000E+00
    0.44950E+07    0.00000E+00    0.00000E+00    0.00000E+00    0.00000E+00    0.00000E+00    0.00000E+00
    0.45000E+07    0.00000E+00    0.00000E+00    0.00000E+00    0.00000E+00    0.00000E+00    0.00000E+00
    0.45050E+07    0.00000E+00    0.00000E+00    0.00000E+00    0.00000E+00    0.00000E+00    0.00000E+00
    0.45100E+07    0.00000E+00    0.00000E+00    0.00000E+00    0.00000E+00    0.00000E+00    0.00000E+00
    0.45150E+07    0.00000E+00    0.00000E+00    0.00000E+00    0.00000E+00    0.00000E+00    0.00000E+00
    0.45200E+07    0.00000E+00    0.00000E+00    0.00000E+00    0.00000E+00    0.00000E+00    0.00000E+00
    0.45250E+07    0.00000E+00    0.00000E+00    0.00000E+00    0.00000E+00    0.00000E+00    0.00000E+00
    0.45300E+07    0.00000E+00    0.00000E+00    0.00000E+00    0.00000E+00    0.00000E+00    0.00000E+00
    0.45350E+07    0.00000E+00    0.00000E+00    0.00000E+00    0.00000E+00    0.00000E+00    0.00000E+00
    0.45400E+07    0.00000E+00    0.00000E+00    0.00000E+00    0.00000E+00    0.00000E+00    0.00000E+00
    0.45450E+07    0.00000E+00    0.00000E+00    0.00000E+00    0.00000E+00    0.00000E+00    0.00000E+00
    0.45500E+07    0.00000E+00    0.00000E+00    0.00000E+00    0.00000E+00    0.00000E+00    0.00000E+00
    0.45550E+07    0.00000E+00    0.00000E+00    0.00000E+00    0.00000E+00    0.00000E+00    0.00000E+00
    0.45600E+07    0.00000E+00    0.00000E+00    0.00000E+00    0.00000E+00    0.00000E+00    0.00000E+00
    0.45650E+07    0.00000E+00    0.00000E+00    0.00000E+00    0.00000E+00    0.00000E+00    0.00000E+00
    0.45700E+07    0.00000E+00    0.00000E+00    0.00000E+00    0.00000E+00    0.00000E+00    0.00000E+00
    0.45750E+07    0.00000E+00    0.00000E+00    0.00000E+00    0.00000E+00    0.00000E+00    0.00000E+00
    0.45800E+07    0.00000E+00    0.00000E+00    0.00000E+00    0.00000E+00    0.00000E+00    0.00000E+00
    0.45850E+07    0.00000E+00    0.00000E+00    0.00000E+00    0.00000E+00    0.00000E+00    0.00000E+00
    0.45900E+07    0.00000E+00    0.00000E+00    0.00000E+00    0.00000E+00    0.00000E+00    0.00000E+00
    0.45950E+07    0.00000E+00    0.00000E+00    0.00000E+00    0.00000E+00    0.00000E+00    0.00000E+00
    0.46000E+07    0.00000E+00    0.00000E+00    0.00000E+00    0.00000E+00    0.00000E+00    0.00000E+00
    0.46050E+07    0.00000E+00    0.00000E+00    0.00000E+00    0.00000E+00    0.00000E+00    0.00000E+00
    0.46100E+07    0.00000E+00    0.00000E+00    0.00000E+00    0.00000E+00    0.00000E+00    0.00000E+00
    0.46150E+07    0.00000E+00    0.00000E+00    0.00000E+00    0.00000E+00    0.00000E+00    0.00000E+00
    0.46200E+07    0.00000E+00    0.00000E+00    0.00000E+00    0.00000E+00    0.00000E+00    0.00000E+00
    0.46250E+07    0.00000E+00    0.00000E+00    0.00000E+00    0.00000E+00    0.00000E+00    0.00000E+00
    0.46300E+07    0.00000E+00    0.00000E+00    0.00000E+00    0.00000E+00    0.00000E+00    0.00000E+00
    0.46350E+07    0.00000E+00    0.00000E+00    0.00000E+00    0.00000E+00    0.00000E+00    0.00000E+00
    0.46400E+07    0.00000E+00    0.00000E+00    0.00000E+00    0.00000E+00    0.00000E+00    0.00000E+00
    0.46450E+07    0.00000E+00    0.00000E+00    0.00000E+00    0.00000E+00    0.00000E+00    0.00000E+00
    0.46500E+07    0.00000E+00    0.00000E+00    0.00000E+00    0.00000E+00    0.00000E+00    0.00000E+00
    0.46550E+07    0.00000E+00    0.00000E+00    0.00000E+00    0.00000E+00    0.00000E+00    0.00000E+00
    0.46600E+07    0.00000E+00    0.00000E+00    0.00000E+00    0.00000E+00    0.00000E+00    0.00000E+00
    0.46650E+07    0.00000E+00    0.00000E+00    0.00000E+00    0.00000E+00    0.00000E+00    0.00000E+00
    0.46700E+07    0.00000E+00    0.00000E+00    0.00000E+00    0.00000E+00    0.00000E+00    0.00000E+00
    0.46750E+07    0.00000E+00    0.00000E+00    0.00000E+00    0.00000E+00    0.00000E+00    0.00000E+00
    0.46800E+07    0.00000E+00    0.00000E+00    0.00000E+00    0.00000E+00    0.00000E+00    0.00000E+00
    0.46850E+07    0.00000E+00    0.00000E+00    0.00000E+00    0.00000E+00    0.00000E+00    0.00000E+00
    0.46900E+07    0.00000E+00    0.00000E+00    0.00000E+00    0.00000E+00    0.00000E+00    0.00000E+00
    0.46950E+07    0.00000E+00    0.00000E+00    0.00000E+00    0.00000E+00    0.00000E+00    0.00000E+00
    0.47000E+07    0.00000E+00    0.00000E+00    0.00000E+00    0.00000E+00    0.00000E+00    0.00000E+00
    0.47050E+07    0.00000E+00    0.00000E+00    0.00000E+00    0.00000E+00    0.00000E+00    0.00000E+00
    0.47100E+07    0.00000E+00    0.00000E+00    0.00000E+00    0.00000E+00    0.00000E+00    0.00000E+00
    0.47150E+07    0.00000E+00    0.00000E+00    0.00000E+00    0.00000E+00    0.00000E+00    0.00000E+00
    0.47200E+07    0.00000E+00    0.00000E+00    0.00000E+00    0.00000E+00    0.00000E+00    0.00000E+00
    0.47250E+07    0.00000E+00    0.00000E+00    0.00000E+00    0.00000E+00    0.00000E+00    0.00000E+00
    0.47300E+07    0.00000E+00    0.00000E+00    0.00000E+00    0.00000E+00    0.00000E+00    0.00000E+00
    0.47350E+07    0.00000E+00    0.00000E+00    0.00000E+00    0.00000E+00    0.00000E+00    0.00000E+00
    0.47400E+07    0.00000E+00    0.00000E+00    0.00000E+00    0.00000E+00    0.00000E+00    0.00000E+00
    0.47450E+07    0.00000E+00    0.00000E+00    0.00000E+00    0.00000E+00    0.00000E+00    0.00000E+00
    0.47500E+07    0.00000E+00    0.00000E+00    0.00000E+00    0.00000E+00    0.00000E+00    0.00000E+00
    0.47550E+07    0.00000E+00    0.00000E+00    0.00000E+00    0.00000E+00    0.00000E+00    0.00000E+00
    0.47600E+07    0.00000E+00    0.00000E+00    0.00000E+00    0.00000E+00    0.00000E+00    0.00000E+00
    0.47650E+07    0.00000E+00    0.00000E+00    0.00000E+00    0.00000E+00    0.00000E+00    0.00000E+00
    0.47700E+07    0.00000E+00    0.00000E+00    0.00000E+00    0.00000E+00    0.00000E+00    0.00000E+00
    0.47750E+07    0.00000E+00    0.00000E+00    0.00000E+00    0.00000E+00    0.00000E+00    0.00000E+00
    0.47800E+07    0.00000E+00    0.00000E+00    0.00000E+00    0.00000E+00    0.00000E+00    0.00000E+00
    0.47850E+07    0.00000E+00    0.00000E+00    0.00000E+00    0.00000E+00    0.00000E+00    0.00000E+00
    0.47900E+07    0.00000E+00    0.00000E+00    0.00000E+00    0.00000E+00    0.00000E+00    0.00000E+00
    0.47950E+07    0.00000E+00    0.00000E+00    0.00000E+00    0.00000E+00    0.00000E+00    0.00000E+00
    0.48000E+07    0.00000E+00    0.00000E+00    0.00000E+00    0.00000E+00    0.00000E+00    0.00000E+00
    0.48050E+07    0.00000E+00    0.00000E+00    0.00000E+00    0.00000E+00    0.00000E+00    0.00000E+00
    0.48100E+07    0.00000E+00    0.00000E+00    0.00000E+00    0.00000E+00    0.00000E+00    0.00000E+00
    0.48150E+07    0.00000E+00    0.00000E+00    0.00000E+00    0.00000E+00    0.00000E+00    0.00000E+00
    0.48200E+07    0.00000E+00    0.00000E+00    0.00000E+00    0.00000E+00    0.00000E+00    0.00000E+00
    0.48250E+07    0.00000E+00    0.00000E+00    0.00000E+00    0.00000E+00    0.00000E+00    0.00000E+00
    0.48300E+07    0.00000E+00    0.00000E+00    0.00000E+00    0.00000E+00    0.00000E+00    0.00000E+00
    0.48350E+07    0.00000E+00    0.00000E+00    0.00000E+00    0.00000E+00    0.00000E+00    0.00000E+00
    0.48400E+07    0.00000E+00    0.00000E+00    0.00000E+00    0.00000E+00    0.00000E+00    0.00000E+00
    0.48450E+07    0.00000E+00    0.00000E+00    0.00000E+00    0.00000E+00    0.00000E+00    0.00000E+00
    0.48500E+07    0.00000E+00    0.00000E+00    0.00000E+00    0.00000E+00    0.00000E+00    0.00000E+00
    0.48550E+07    0.00000E+00    0.00000E+00    0.00000E+00    0.00000E+00    0.00000E+00    0.00000E+00
    0.48600E+07    0.00000E+00    0.00000E+00    0.00000E+00    0.00000E+00    0.00000E+00    0.00000E+00
    0.48650E+07    0.00000E+00    0.00000E+00    0.00000E+00    0.00000E+00    0.00000E+00    0.00000E+00
    0.48700E+07    0.00000E+00    0.00000E+00    0.00000E+00    0.00000E+00    0.00000E+00    0.00000E+00
    0.48750E+07    0.00000E+00    0.00000E+00    0.00000E+00    0.00000E+00    0.00000E+00    0.00000E+00
    0.48800E+07    0.00000E+00    0.00000E+00    0.00000E+00    0.00000E+00    0.00000E+00    0.00000E+00
    0.48850E+07    0.00000E+00    0.00000E+00    0.00000E+00    0.00000E+00    0.00000E+00    0.00000E+00
    0.48900E+07    0.00000E+00    0.00000E+00    0.00000E+00    0.00000E+00    0.00000E+00    0.00000E+00
    0.48950E+07    0.00000E+00    0.00000E+00    0.00000E+00    0.00000E+00    0.00000E+00    0.00000E+00
    0.49000E+07    0.00000E+00    0.00000E+00    0.00000E+00    0.00000E+00    0.00000E+00    0.00000E+00
    0.49050E+07    0.00000E+00    0.00000E+00    0.00000E+00    0.00000E+00    0.00000E+00    0.00000E+00
    0.49100E+07    0.00000E+00    0.00000E+00    0.00000E+00    0.00000E+00    0.00000E+00    0.00000E+00
    0.49150E+07    0.00000E+00    0.00000E+00    0.00000E+00    0.00000E+00    0.00000E+00    0.00000E+00
    0.49200E+07    0.00000E+00    0.00000E+00    0.00000E+00    0.00000E+00    0.00000E+00    0.00000E+00
    0.49250E+07    0.00000E+00    0.00000E+00    0.00000E+00    0.00000E+00    0.00000E+00    0.00000E+00
    0.49300E+07    0.00000E+00    0.00000E+00    0.00000E+00    0.00000E+00    0.00000E+00    0.00000E+00
    0.49350E+07    0.00000E+00    0.00000E+00    0.00000E+00    0.00000E+00    0.00000E+00    0.00000E+00
    0.49400E+07    0.00000E+00    0.00000E+00    0.00000E+00    0.00000E+00    0.00000E+00    0.00000E+00
    0.49450E+07    0.00000E+00    0.00000E+00    0.00000E+00    0.00000E+00    0.00000E+00    0.00000E+00
    0.49500E+07    0.00000E+00    0.00000E+00    0.00000E+00    0.00000E+00    0.00000E+00    0.00000E+00
    0.49550E+07    0.00000E+00    0.00000E+00    0.00000E+00    0.00000E+00    0.00000E+00    0.00000E+00
    0.49600E+07    0.00000E+00    0.00000E+00    0.00000E+00    0.00000E+00    0.00000E+00    0.00000E+00
    0.49650E+07    0.00000E+00    0.00000E+00    0.00000E+00    0.00000E+00    0.00000E+00    0.00000E+00
    0.49700E+07    0.00000E+00    0.00000E+00    0.00000E+00    0.00000E+00    0.00000E+00    0.00000E+00
    0.49750E+07    0.00000E+00    0.00000E+00    0.00000E+00    0.00000E+00    0.00000E+00    0.00000E+00
    0.49800E+07    0.00000E+00    0.00000E+00    0.00000E+00    0.00000E+00    0.00000E+00    0.00000E+00
    0.49850E+07    0.00000E+00    0.00000E+00    0.00000E+00    0.00000E+00    0.00000E+00    0.00000E+00
    0.49900E+07    0.00000E+00    0.00000E+00    0.00000E+00    0.00000E+00    0.00000E+00    0.00000E+00
    0.49950E+07    0.00000E+00    0.00000E+00    0.00000E+00    0.00000E+00    0.00000E+00    0.00000E+00
    0.50000E+07    0.00000E+00    0.00000E+00    0.00000E+00    0.00000E+00    0.00000E+00    0.00000E+00
    0.50050E+07    0.00000E+00    0.00000E+00    0.00000E+00    0.00000E+00    0.00000E+00    0.00000E+00
    0.50100E+07    0.00000E+00    0.00000E+00    0.00000E+00    0.00000E+00    0.00000E+00    0.00000E+00
    0.50150E+07    0.00000E+00    0.00000E+00    0.00000E+00    0.00000E+00    0.00000E+00    0.00000E+00
    0.50200E+07    0.00000E+00    0.00000E+00    0.00000E+00    0.00000E+00    0.00000E+00    0.00000E+00
    0.50250E+07    0.00000E+00    0.00000E+00    0.00000E+00    0.00000E+00    0.00000E+00    0.00000E+00
    0.50300E+07    0.00000E+00    0.00000E+00    0.00000E+00    0.00000E+00    0.00000E+00    0.00000E+00
    0.50350E+07    0.00000E+00    0.00000E+00    0.00000E+00    0.00000E+00    0.00000E+00    0.00000E+00
    0.50400E+07    0.00000E+00    0.00000E+00    0.00000E+00    0.00000E+00    0.00000E+00    0.00000E+00
    0.50450E+07    0.00000E+00    0.00000E+00    0.00000E+00    0.00000E+00    0.00000E+00    0.00000E+00
    0.50500E+07    0.00000E+00    0.00000E+00    0.00000E+00    0.00000E+00    0.00000E+00    0.00000E+00
    0.50550E+07    0.00000E+00    0.00000E+00    0.00000E+00    0.00000E+00    0.00000E+00    0.00000E+00
    0.50600E+07    0.00000E+00    0.00000E+00    0.00000E+00    0.00000E+00    0.00000E+00    0.00000E+00
    0.50650E+07    0.00000E+00    0.00000E+00    0.00000E+00    0.00000E+00    0.00000E+00    0.00000E+00
    0.50700E+07    0.00000E+00    0.00000E+00    0.00000E+00    0.00000E+00    0.00000E+00    0.00000E+00
    0.50750E+07    0.00000E+00    0.00000E+00    0.00000E+00    0.00000E+00    0.00000E+00    0.00000E+00
    0.50800E+07    0.00000E+00    0.00000E+00    0.00000E+00    0.00000E+00    0.00000E+00    0.00000E+00
    0.50850E+07    0.00000E+00    0.00000E+00    0.00000E+00    0.00000E+00    0.00000E+00    0.00000E+00
    0.50900E+07    0.00000E+00    0.00000E+00    0.00000E+00    0.00000E+00    0.00000E+00    0.00000E+00
    0.50950E+07    0.00000E+00    0.00000E+00    0.00000E+00    0.00000E+00    0.00000E+00    0.00000E+00
    0.51000E+07    0.00000E+00    0.00000E+00    0.00000E+00    0.00000E+00    0.00000E+00    0.00000E+00
    0.51050E+07    0.00000E+00    0.00000E+00    0.00000E+00    0.00000E+00    0.00000E+00    0.00000E+00
    0.51100E+07    0.00000E+00    0.00000E+00    0.00000E+00    0.00000E+00    0.00000E+00    0.00000E+00
    0.51150E+07    0.00000E+00    0.00000E+00    0.00000E+00    0.00000E+00    0.00000E+00    0.00000E+00
    0.51200E+07    0.00000E+00    0.00000E+00    0.00000E+00    0.00000E+00    0.00000E+00    0.00000E+00
    0.51250E+07    0.00000E+00    0.00000E+00    0.00000E+00    0.00000E+00    0.00000E+00    0.00000E+00
    0.51300E+07    0.00000E+00    0.00000E+00    0.00000E+00    0.00000E+00    0.00000E+00    0.00000E+00
    0.51350E+07    0.00000E+00    0.00000E+00    0.00000E+00    0.00000E+00    0.00000E+00    0.00000E+00
    0.51400E+07    0.00000E+00    0.00000E+00    0.00000E+00    0.00000E+00    0.00000E+00    0.00000E+00
    0.51450E+07    0.96566E-34    0.15188E-33    0.13436E-33    0.00000E+00    0.00000E+00    0.00000E+00
    0.51500E+07    0.25738E-33    0.40471E-33    0.35785E-33    0.00000E+00    0.00000E+00    0.00000E+00
    0.51550E+07    0.38552E-33    0.60574E-33    0.53547E-33    0.00000E+00    0.00000E+00    0.00000E+00
    0.51600E+07    0.57683E-33    0.90635E-33    0.80067E-33    0.00000E+00    0.00000E+00    0.00000E+00
    0.51650E+07    0.86223E-33    0.13555E-32    0.11964E-32    0.00000E+00    0.00000E+00    0.00000E+00
    0.51700E+07    0.12877E-32    0.20262E-32    0.17863E-32    0.00000E+00    0.00000E+00    0.00000E+00
    0.51750E+07    0.19216E-32    0.30270E-32    0.26654E-32    0.00000E+00    0.00000E+00    0.00000E+00
    0.51800E+07    0.28652E-32    0.45191E-32    0.39741E-32    0.00000E+00    0.00000E+00    0.00000E+00
    0.51850E+07    0.42689E-32    0.67424E-32    0.59212E-32    0.00000E+00    0.00000E+00    0.00000E+00
    0.51900E+07    0.63555E-32    0.10053E-31    0.88160E-32    0.00000E+00    0.00000E+00    0.00000E+00
    0.51950E+07    0.94551E-32    0.14978E-31    0.13117E-31    0.00000E+00    0.00000E+00    0.00000E+00
    0.52000E+07    0.14056E-31    0.22302E-31    0.19501E-31    0.00000E+00    0.00000E+00    0.00000E+00
    0.52050E+07    0.20881E-31    0.33183E-31    0.28973E-31    0.00000E+00    0.00000E+00    0.00000E+00
    0.52100E+07    0.30998E-31    0.49338E-31    0.43015E-31    0.00000E+00    0.00000E+00    0.00000E+00
    0.52150E+07    0.45984E-31    0.73307E-31    0.63817E-31    0.00000E+00    0.00000E+00    0.00000E+00
    0.52200E+07    0.68164E-31    0.10884E-30    0.94610E-31    0.00000E+00    0.00000E+00    0.00000E+00
    0.52250E+07    0.10097E-30    0.16150E-30    0.14016E-30    0.00000E+00    0.00000E+00    0.00000E+00
    0.52300E+07    0.14946E-30    0.23945E-30    0.20750E-30    0.00000E+00    0.00000E+00    0.00000E+00
    0.52350E+07    0.22109E-30    0.35478E-30    0.30697E-30    0.00000E+00    0.00000E+00    0.00000E+00
    0.52400E+07    0.32680E-30    0.52529E-30    0.45380E-30    0.00000E+00    0.00000E+00    0.00000E+00
    0.52450E+07    0.48271E-30    0.77720E-30    0.67037E-30    0.00000E+00    0.00000E+00    0.00000E+00
    0.52500E+07    0.71250E-30    0.11491E-29    0.98961E-30    0.00000E+00    0.00000E+00    0.00000E+00
    0.52550E+07    0.10509E-29    0.16978E-29    0.14598E-29    0.00000E+00    0.00000E+00    0.00000E+00
    0.52600E+07    0.15490E-29    0.25067E-29    0.21519E-29    0.00000E+00    0.00000E+00    0.00000E+00
    0.52650E+07    0.22815E-29    0.36984E-29    0.31699E-29    0.00000E+00    0.00000E+00    0.00000E+00
    0.52700E+07    0.33580E-29    0.54528E-29    0.46662E-29    0.00000E+00    0.00000E+00    0.00000E+00
    0.52750E+07    0.49389E-29    0.80338E-29    0.68637E-29    0.00000E+00    0.00000E+00    0.00000E+00
    0.52800E+07    0.72589E-29    0.11828E-28    0.10089E-28    0.00000E+00    0.00000E+00    0.00000E+00
    0.52850E+07    0.10661E-28    0.17402E-28    0.14819E-28    0.00000E+00    0.00000E+00    0.00000E+00
    0.52900E+07    0.15647E-28    0.25585E-28    0.21752E-28    0.00000E+00    0.00000E+00    0.00000E+00
    0.52950E+07    0.22948E-28    0.37589E-28    0.31905E-28    0.00000E+00    0.00000E+00    0.00000E+00
    0.53000E+07    0.33631E-28    0.55187E-28    0.46764E-28    0.00000E+00    0.00000E+00    0.00000E+00
    0.53050E+07    0.49253E-28    0.80965E-28    0.68494E-28    0.00000E+00    0.00000E+00    0.00000E+00
    0.53100E+07    0.72080E-28    0.11870E-27    0.10025E-27    0.00000E+00    0.00000E+00    0.00000E+00
    0.53150E+07    0.10541E-27    0.17390E-27    0.14663E-27    0.00000E+00    0.00000E+00    0.00000E+00
    0.53200E+07    0.15405E-27    0.25460E-27    0.21430E-27    0.00000E+00    0.00000E+00    0.00000E+00
    0.53250E+07    0.22496E-27    0.37248E-27    0.31298E-27    0.00000E+00    0.00000E+00    0.00000E+00
    0.53300E+07    0.32829E-27    0.54455E-27    0.45679E-27    0.00000E+00    0.00000E+00    0.00000E+00
    0.53350E+07    0.47873E-27    0.79555E-27    0.66619E-27    0.00000E+00    0.00000E+00    0.00000E+00
    0.53400E+07    0.69761E-27    0.11614E-26    0.97088E-27    0.00000E+00    0.00000E+00    0.00000E+00
    0.53450E+07    0.10158E-26    0.16944E-26    0.14139E-26    0.00000E+00    0.00000E+00    0.00000E+00
    0.53500E+07    0.14782E-26    0.24701E-26    0.20577E-26    0.00000E+00    0.00000E+00    0.00000E+00
    0.53550E+07    0.21495E-26    0.35985E-26    0.29924E-26    0.00000E+00    0.00000E+00    0.00000E+00
    0.53600E+07    0.31233E-26    0.52387E-26    0.43486E-26    0.00000E+00    0.00000E+00    0.00000E+00
    0.53650E+07    0.45351E-26    0.76211E-26    0.63149E-26    0.00000E+00    0.00000E+00    0.00000E+00
    0.53700E+07    0.65803E-26    0.11079E-25    0.91637E-26    0.00000E+00    0.00000E+00    0.00000E+00
    0.53750E+07    0.95412E-26    0.16095E-25    0.13288E-25    0.00000E+00    0.00000E+00    0.00000E+00
    0.53800E+07    0.13824E-25    0.23365E-25    0.19255E-25    0.00000E+00    0.00000E+00    0.00000E+00
    0.53850E+07    0.20016E-25    0.33894E-25    0.27882E-25    0.00000E+00    0.00000E+00    0.00000E+00
    0.53900E+07    0.28960E-25    0.49135E-25    0.40345E-25    0.00000E+00    0.00000E+00    0.00000E+00
    0.53950E+07    0.41870E-25    0.71177E-25    0.58337E-25    0.00000E+00    0.00000E+00    0.00000E+00
    0.54000E+07    0.60492E-25    0.10304E-24    0.84291E-25    0.00000E+00    0.00000E+00    0.00000E+00
    0.54050E+07    0.87334E-25    0.14905E-24    0.12171E-24    0.00000E+00    0.00000E+00    0.00000E+00
    0.54100E+07    0.12600E-24    0.21546E-24    0.17560E-24    0.00000E+00    0.00000E+00    0.00000E+00
    0.54150E+07    0.18164E-24    0.31123E-24    0.25318E-24    0.00000E+00    0.00000E+00    0.00000E+00
    0.54200E+07    0.26168E-24    0.44926E-24    0.36477E-24    0.00000E+00    0.00000E+00    0.00000E+00
    0.54250E+07    0.37671E-24    0.64805E-24    0.52517E-24    0.00000E+00    0.00000E+00    0.00000E+00
    0.54300E+07    0.54192E-24    0.93415E-24    0.75556E-24    0.00000E+00    0.00000E+00    0.00000E+00
    0.54350E+07    0.77902E-24    0.13456E-23    0.10862E-23    0.00000E+00    0.00000E+00    0.00000E+00
    0.54400E+07    0.11190E-23    0.19369E-23    0.15605E-23    0.00000E+00    0.00000E+00    0.00000E+00
    0.54450E+07    0.16063E-23    0.27860E-23    0.22402E-23    0.00000E+00    0.00000E+00    0.00000E+00
    0.54500E+07    0.23041E-23    0.40045E-23    0.32137E-23    0.00000E+00    0.00000E+00    0.00000E+00
    0.54550E+07    0.33027E-23    0.57519E-23    0.46069E-23    0.00000E+00    0.00000E+00    0.00000E+00
    0.54600E+07    0.47307E-23    0.82559E-23    0.65993E-23    0.00000E+00    0.00000E+00    0.00000E+00
    0.54650E+07    0.67711E-23    0.11842E-22    0.94465E-23    0.00000E+00    0.00000E+00    0.00000E+00
    0.54700E+07    0.96845E-23    0.16973E-22    0.13512E-22    0.00000E+00    0.00000E+00    0.00000E+00
    0.54750E+07    0.13842E-22    0.24309E-22    0.19314E-22    0.00000E+00    0.00000E+00    0.00000E+00
    0.54800E+07    0.19769E-22    0.34793E-22    0.27587E-22    0.00000E+00    0.00000E+00    0.00000E+00
    0.54850E+07    0.28214E-22    0.49763E-22    0.39375E-22    0.00000E+00    0.00000E+00    0.00000E+00
    0.54900E+07    0.40237E-22    0.71122E-22    0.56160E-22    0.00000E+00    0.00000E+00    0.00000E+00
    0.54950E+07    0.57342E-22    0.10158E-21    0.80041E-22    0.00000E+00    0.00000E+00    0.00000E+00
    0.55000E+07    0.81660E-22    0.14497E-21    0.11399E-21    0.00000E+00    0.00000E+00    0.00000E+00
    0.55050E+07    0.11621E-21    0.20675E-21    0.16223E-21    0.00000E+00    0.00000E+00    0.00000E+00
    0.55100E+07    0.16525E-21    0.29465E-21    0.23072E-21    0.00000E+00    0.00000E+00    0.00000E+00
    0.55150E+07    0.23481E-21    0.41962E-21    0.32787E-21    0.00000E+00    0.00000E+00    0.00000E+00
    0.55200E+07    0.33342E-21    0.59717E-21    0.46560E-21    0.00000E+00    0.00000E+00    0.00000E+00
    0.55250E+07    0.47310E-21    0.84923E-21    0.66069E-21    0.00000E+00    0.00000E+00    0.00000E+00
    0.55300E+07    0.67079E-21    0.12068E-20    0.93686E-21    0.00000E+00    0.00000E+00    0.00000E+00
    0.55350E+07    0.95041E-21    0.17138E-20    0.13275E-20    0.00000E+00    0.00000E+00    0.00000E+00
    0.55400E+07    0.13456E-20    0.24319E-20    0.18796E-20    0.00000E+00    0.00000E+00    0.00000E+00
    0.55450E+07    0.19037E-20    0.34485E-20    0.26595E-20    0.00000E+00    0.00000E+00    0.00000E+00
    0.55500E+07    0.26914E-20    0.48865E-20    0.37601E-20    0.00000E+00    0.00000E+00    0.00000E+00
    0.55550E+07    0.38021E-20    0.69192E-20    0.53123E-20    0.00000E+00    0.00000E+00    0.00000E+00
    0.55600E+07    0.53673E-20    0.97905E-20    0.74997E-20    0.00000E+00    0.00000E+00    0.00000E+00
    0.55650E+07    0.75714E-20    0.13843E-19    0.10580E-19    0.00000E+00    0.00000E+00    0.00000E+00
    0.55700E+07    0.10673E-19    0.19560E-19    0.14915E-19    0.00000E+00    0.00000E+00    0.00000E+00
    0.55750E+07    0.15039E-19    0.27616E-19    0.21003E-19    0.00000E+00    0.00000E+00    0.00000E+00
    0.55800E+07    0.21172E-19    0.38964E-19    0.29552E-19    0.00000E+00    0.00000E+00    0.00000E+00
    0.55800E+07    0.21172E-19    0.38964E-19    0.29552E-19    0.00000E+00    0.00000E+00    0.00000E+00
    0.55850E+07    0.29851E-19    0.54873E-19    0.41552E-19    0.00000E+00    0.00000E+00    0.00000E+00
    0.55900E+07    0.42015E-19    0.77258E-19    0.58364E-19    0.00000E+00    0.00000E+00    0.00000E+00
    0.55950E+07    0.59046E-19    0.10873E-18    0.81896E-19    0.00000E+00    0.00000E+00    0.00000E+00
    0.56000E+07    0.82864E-19    0.15291E-18    0.11480E-18    0.00000E+00    0.00000E+00    0.00000E+00
    0.56050E+07    0.11614E-18    0.21490E-18    0.16075E-18    0.00000E+00    0.00000E+00    0.00000E+00
    0.56100E+07    0.16258E-18    0.30178E-18    0.22487E-18    0.00000E+00    0.00000E+00    0.00000E+00
    0.56150E+07    0.22733E-18    0.42342E-18    0.31424E-18    0.00000E+00    0.00000E+00    0.00000E+00
    0.56200E+07    0.31751E-18    0.59354E-18    0.43867E-18    0.00000E+00    0.00000E+00    0.00000E+00
    0.56250E+07    0.44298E-18    0.83123E-18    0.61173E-18    0.00000E+00    0.00000E+00    0.00000E+00
    0.56300E+07    0.61734E-18    0.11630E-17    0.85216E-18    0.00000E+00    0.00000E+00    0.00000E+00
    0.56350E+07    0.85941E-18    0.16256E-17    0.11859E-17    0.00000E+00    0.00000E+00    0.00000E+00
    0.56400E+07    0.11951E-17    0.22699E-17    0.16485E-17    0.00000E+00    0.00000E+00    0.00000E+00
    0.56450E+07    0.16601E-17    0.31665E-17    0.22891E-17    0.00000E+00    0.00000E+00    0.00000E+00
    0.56500E+07    0.23036E-17    0.44127E-17    0.31754E-17    0.00000E+00    0.00000E+00    0.00000E+00
    0.56550E+07    0.31931E-17    0.61431E-17    0.44001E-17    0.00000E+00    0.00000E+00    0.00000E+00
    0.56600E+07    0.44213E-17    0.85435E-17    0.60905E-17    0.00000E+00    0.00000E+00    0.00000E+00
    0.56650E+07    0.61153E-17    0.11869E-16    0.84214E-17    0.00000E+00    0.00000E+00    0.00000E+00
    0.56700E+07    0.84492E-17    0.16473E-16    0.11632E-16    0.00000E+00    0.00000E+00    0.00000E+00
    0.56750E+07    0.11661E-16    0.22839E-16    0.16048E-16    0.00000E+00    0.00000E+00    0.00000E+00
    0.56800E+07    0.16076E-16    0.31632E-16    0.22117E-16    0.00000E+00    0.00000E+00    0.00000E+00
    0.56850E+07    0.22139E-16    0.43764E-16    0.30449E-16    0.00000E+00    0.00000E+00    0.00000E+00
    0.56900E+07    0.30455E-16    0.60486E-16    0.41872E-16    0.00000E+00    0.00000E+00    0.00000E+00
    0.56950E+07    0.41848E-16    0.83509E-16    0.57518E-16    0.00000E+00    0.00000E+00    0.00000E+00
    0.57000E+07    0.57440E-16    0.11517E-15    0.78921E-16    0.00000E+00    0.00000E+00    0.00000E+00
    0.57050E+07    0.78753E-16    0.15867E-15    0.10817E-15    0.00000E+00    0.00000E+00    0.00000E+00
    0.57100E+07    0.10785E-15    0.21837E-15    0.14809E-15    0.00000E+00    0.00000E+00    0.00000E+00
    0.57149E+07    0.14691E-15    0.29891E-15    0.20165E-15    0.00000E+00    0.00000E+00    0.00000E+00
    0.57199E+07    0.19989E-15    0.40871E-15    0.27428E-15    0.00000E+00    0.00000E+00    0.00000E+00
    0.57199E+07    0.28346E-15    0.34848E-15    0.27732E-15    0.00000E+00    0.00000E+00    0.00000E+00
    0.57200E+07    0.28490E-15    0.35241E-15    0.27925E-15    0.00000E+00    0.00000E+00    0.00000E+00
    0.57250E+07    0.34609E-15    0.51946E-15    0.36109E-15    0.00000E+00    0.00000E+00    0.00000E+00
    0.57300E+07    0.42700E-15    0.74176E-15    0.46924E-15    0.00000E+00    0.00000E+00    0.00000E+00
    0.57350E+07    0.53328E-15    0.10357E-14    0.61127E-15    0.00000E+00    0.00000E+00    0.00000E+00
    0.57400E+07    0.67233E-15    0.14227E-14    0.79702E-15    0.00000E+00    0.00000E+00    0.00000E+00
    0.57450E+07    0.85371E-15    0.19309E-14    0.10393E-14    0.00000E+00    0.00000E+00    0.00000E+00
    0.57500E+07    0.10898E-14    0.25967E-14    0.13545E-14    0.00000E+00    0.00000E+00    0.00000E+00
    0.57550E+07    0.13965E-14    0.34675E-14    0.17640E-14    0.00000E+00    0.00000E+00    0.00000E+00
    0.57600E+07    0.17944E-14    0.46047E-14    0.22952E-14    0.00000E+00    0.00000E+00    0.00000E+00
    0.57650E+07    0.23097E-14    0.60878E-14    0.29833E-14    0.00000E+00    0.00000E+00    0.00000E+00
    0.57700E+07    0.29763E-14    0.80195E-14    0.38734E-14    0.00000E+00    0.00000E+00    0.00000E+00
    0.57750E+07    0.38376E-14    0.10532E-13    0.50232E-14    0.00000E+00    0.00000E+00    0.00000E+00
    0.57800E+07    0.49488E-14    0.13797E-13    0.65069E-14    0.00000E+00    0.00000E+00    0.00000E+00
    0.57850E+07    0.63807E-14    0.18035E-13    0.84188E-14    0.00000E+00    0.00000E+00    0.00000E+00
    0.57900E+07    0.82235E-14    0.23527E-13    0.10880E-13    0.00000E+00    0.00000E+00    0.00000E+00
    0.57950E+07    0.10592E-13    0.30639E-13    0.14043E-13    0.00000E+00    0.00000E+00    0.00000E+00
    0.58000E+07    0.13633E-13    0.39835E-13    0.18103E-13    0.00000E+00    0.00000E+00    0.00000E+00
    0.58050E+07    0.17532E-13    0.51713E-13    0.23310E-13    0.00000E+00    0.00000E+00    0.00000E+00
    0.58100E+07    0.22524E-13    0.67038E-13    0.29978E-13    0.00000E+00    0.00000E+00    0.00000E+00
    0.58150E+07    0.28909E-13    0.86785E-13    0.38505E-13    0.00000E+00    0.00000E+00    0.00000E+00
    0.58200E+07    0.37063E-13    0.11220E-12    0.49397E-13    0.00000E+00    0.00000E+00    0.00000E+00
    0.58250E+07    0.47464E-13    0.14487E-12    0.63290E-13    0.00000E+00    0.00000E+00    0.00000E+00
    0.58300E+07    0.60716E-13    0.18682E-12    0.80991E-13    0.00000E+00    0.00000E+00    0.00000E+00
    0.58350E+07    0.77574E-13    0.24062E-12    0.10351E-12    0.00000E+00    0.00000E+00    0.00000E+00
    0.58400E+07    0.98996E-13    0.30953E-12    0.13213E-12    0.00000E+00    0.00000E+00    0.00000E+00
    0.58450E+07    0.12618E-12    0.39768E-12    0.16844E-12    0.00000E+00    0.00000E+00    0.00000E+00
    0.58500E+07    0.16063E-12    0.51031E-12    0.21446E-12    0.00000E+00    0.00000E+00    0.00000E+00
    0.58550E+07    0.20423E-12    0.65406E-12    0.27271E-12    0.00000E+00    0.00000E+00    0.00000E+00
    0.58600E+07    0.25933E-12    0.83727E-12    0.34632E-12    0.00000E+00    0.00000E+00    0.00000E+00
    0.58636E+07    0.30705E-12    0.99709E-12    0.41008E-12    0.00000E+00    0.00000E+00    0.00000E+00
    0.58636E+07    0.32547E-12    0.97275E-12    0.39827E-12    0.00000E+00    0.00000E+00    0.00000E+00
    0.58668E+07    0.37323E-12    0.11450E-11    0.46040E-12    0.00000E+00    0.00000E+00    0.00000E+00
    0.58700E+07    0.42818E-12    0.13449E-11    0.53184E-12    0.00000E+00    0.00000E+00    0.00000E+00
    0.58750E+07    0.53008E-12    0.17198E-11    0.66420E-12    0.00000E+00    0.00000E+00    0.00000E+00
    0.58800E+07    0.65627E-12    0.21906E-11    0.82800E-12    0.00000E+00    0.00000E+00    0.00000E+00
    0.58850E+07    0.81223E-12    0.27806E-11    0.10302E-11    0.00000E+00    0.00000E+00    0.00000E+00
    0.58900E+07    0.10046E-11    0.35186E-11    0.12794E-11    0.00000E+00    0.00000E+00    0.00000E+00
    0.58950E+07    0.12412E-11    0.44401E-11    0.15858E-11    0.00000E+00    0.00000E+00    0.00000E+00
    0.59000E+07    0.15318E-11    0.55884E-11    0.19616E-11    0.00000E+00    0.00000E+00    0.00000E+00
    0.59050E+07    0.18878E-11    0.70169E-11    0.24216E-11    0.00000E+00    0.00000E+00    0.00000E+00
    0.59100E+07    0.23230E-11    0.87904E-11    0.29833E-11    0.00000E+00    0.00000E+00    0.00000E+00
    0.59150E+07    0.28538E-11    0.10988E-10    0.36677E-11    0.00000E+00    0.00000E+00    0.00000E+00
    0.59200E+07    0.34997E-11    0.13706E-10    0.44996E-11    0.00000E+00    0.00000E+00    0.00000E+00
    0.59250E+07    0.42839E-11    0.17061E-10    0.55085E-11    0.00000E+00    0.00000E+00    0.00000E+00
    0.59300E+07    0.52338E-11    0.21194E-10    0.67291E-11    0.00000E+00    0.00000E+00    0.00000E+00
    0.59350E+07    0.63816E-11    0.26276E-10    0.82021E-11    0.00000E+00    0.00000E+00    0.00000E+00
    0.59400E+07    0.77653E-11    0.32511E-10    0.99753E-11    0.00000E+00    0.00000E+00    0.00000E+00
    0.59450E+07    0.94291E-11    0.40147E-10    0.12105E-10    0.00000E+00    0.00000E+00    0.00000E+00
    0.59500E+07    0.11425E-10    0.49477E-10    0.14655E-10    0.00000E+00    0.00000E+00    0.00000E+00
    0.59529E+07    0.12750E-10    0.55765E-10    0.16346E-10    0.00000E+00    0.00000E+00    0.00000E+00
    0.59558E+07    0.14219E-10    0.62814E-10    0.18219E-10    0.00000E+00    0.00000E+00    0.00000E+00
    0.59558E+07    0.16672E-10    0.58116E-10    0.16508E-10    0.00000E+00    0.00000E+00    0.00000E+00
    0.59600E+07    0.18358E-10    0.70402E-10    0.18515E-10    0.00000E+00    0.00000E+00    0.00000E+00
    0.59650E+07    0.20581E-10    0.87355E-10    0.21173E-10    0.00000E+00    0.00000E+00    0.00000E+00
    0.59700E+07    0.23091E-10    0.10728E-09    0.24139E-10    0.00000E+00    0.00000E+00    0.00000E+00
    0.59750E+07    0.25906E-10    0.13058E-09    0.27426E-10    0.00000E+00    0.00000E+00    0.00000E+00
    0.59800E+07    0.29044E-10    0.15772E-09    0.31040E-10    0.00000E+00    0.00000E+00    0.00000E+00
    0.59850E+07    0.32520E-10    0.18921E-09    0.34985E-10    0.00000E+00    0.00000E+00    0.00000E+00
    0.59900E+07    0.36345E-10    0.22558E-09    0.39256E-10    0.00000E+00    0.00000E+00    0.00000E+00
    0.59950E+07    0.40525E-10    0.26744E-09    0.43840E-10    0.00000E+00    0.00000E+00    0.00000E+00
    0.60000E+07    0.45061E-10    0.31541E-09    0.48712E-10    0.00000E+00    0.00000E+00    0.00000E+00
    0.60050E+07    0.49947E-10    0.37017E-09    0.53839E-10    0.00000E+00    0.00000E+00    0.00000E+00
    0.60100E+07    0.55167E-10    0.43244E-09    0.59167E-10    0.00000E+00    0.00000E+00    0.00000E+00
    0.60150E+07    0.60695E-10    0.50293E-09    0.64633E-10    0.00000E+00    0.00000E+00    0.00000E+00
    0.60200E+07    0.66494E-10    0.58241E-09    0.70148E-10    0.00000E+00    0.00000E+00    0.00000E+00
    0.60250E+07    0.72514E-10    0.67163E-09    0.75609E-10    0.00000E+00    0.00000E+00    0.00000E+00
    0.60300E+07    0.78691E-10    0.77134E-09    0.80888E-10    0.00000E+00    0.00000E+00    0.00000E+00
    0.60350E+07    0.84942E-10    0.88226E-09    0.85835E-10    0.00000E+00    0.00000E+00    0.00000E+00
    0.60400E+07    0.91175E-10    0.10051E-08    0.90275E-10    0.00000E+00    0.00000E+00    0.00000E+00
    0.60450E+07    0.97275E-10    0.11404E-08    0.94014E-10    0.00000E+00    0.00000E+00    0.00000E+00
    0.60500E+07    0.10311E-09    0.12886E-08    0.96826E-10    0.00000E+00    0.00000E+00    0.00000E+00
    0.60550E+07    0.10855E-09    0.14503E-08    0.98477E-10    0.00000E+00    0.00000E+00    0.00000E+00
    0.60600E+07    0.11343E-09    0.16255E-08    0.98702E-10    0.00000E+00    0.00000E+00    0.00000E+00
    0.60650E+07    0.11758E-09    0.18142E-08    0.97233E-10    0.00000E+00    0.00000E+00    0.00000E+00
    0.60700E+07    0.12085E-09    0.20163E-08    0.93810E-10    0.00000E+00    0.00000E+00    0.00000E+00
    0.60738E+07    0.12275E-09    0.21771E-08    0.88315E-10    0.00000E+00    0.00000E+00    0.00000E+00
    0.60788E+07    0.12375E-09    0.24012E-08    0.80423E-10    0.00000E+00    0.00000E+00    0.00000E+00
    0.60838E+07    0.12342E-09    0.26363E-08    0.69821E-10    0.00000E+00    0.00000E+00    0.00000E+00
    0.60888E+07    0.12157E-09    0.28808E-08    0.56287E-10    0.00000E+00    0.00000E+00    0.00000E+00
    0.60938E+07    0.11811E-09    0.31328E-08    0.39646E-10    0.00000E+00    0.00000E+00    0.00000E+00
    0.60988E+07    0.11298E-09    0.33901E-08    0.19809E-10    0.00000E+00    0.00000E+00    0.00000E+00
    0.61038E+07    0.10616E-09    0.36499E-08   -0.32666E-11    0.00000E+00    0.00000E+00    0.00000E+00
    0.61088E+07    0.97720E-10    0.39089E-08   -0.29487E-10    0.00000E+00    0.00000E+00    0.00000E+00
    0.61138E+07    0.87779E-10    0.41635E-08   -0.58693E-10    0.00000E+00    0.00000E+00    0.00000E+00
    0.61188E+07    0.76558E-10    0.44096E-08   -0.90548E-10    0.00000E+00    0.00000E+00    0.00000E+00
    0.61238E+07    0.64369E-10    0.46429E-08   -0.12463E-09    0.00000E+00    0.00000E+00    0.00000E+00
    0.61288E+07    0.51631E-10    0.48587E-08   -0.16030E-09    0.00000E+00    0.00000E+00    0.00000E+00
    0.61338E+07    0.38866E-10    0.50520E-08   -0.19684E-09    0.00000E+00    0.00000E+00    0.00000E+00
    0.61388E+07    0.26707E-10    0.52178E-08   -0.23331E-09    0.00000E+00    0.00000E+00    0.00000E+00
    0.61438E+07    0.15887E-10    0.53512E-08   -0.26868E-09    0.00000E+00    0.00000E+00    0.00000E+00
    0.61488E+07    0.72311E-11    0.54472E-08   -0.30172E-09    0.00000E+00    0.00000E+00    0.00000E+00
    0.61538E+07    0.16378E-11    0.55013E-08   -0.33116E-09    0.00000E+00    0.00000E+00    0.00000E+00
    0.61588E+07    0.59372E-13    0.55096E-08   -0.35560E-09    0.00000E+00    0.00000E+00    0.00000E+00
    0.61638E+07    0.34965E-11    0.54657E-08   -0.37751E-09    0.00000E+00    0.00000E+00    0.00000E+00
    0.61688E+07    0.13077E-10    0.53699E-08   -0.39099E-09    0.00000E+00    0.00000E+00    0.00000E+00
    0.61738E+07    0.29884E-10    0.52202E-08   -0.39478E-09    0.00000E+00    0.00000E+00    0.00000E+00
    0.61788E+07    0.54923E-10    0.50159E-08   -0.38774E-09    0.00000E+00    0.00000E+00    0.00000E+00
    0.61838E+07    0.88996E-10    0.47584E-08   -0.36796E-09    0.00000E+00    0.00000E+00    0.00000E+00
    0.61888E+07    0.13252E-09    0.44513E-08   -0.33404E-09    0.00000E+00    0.00000E+00    0.00000E+00
    0.61938E+07    0.18541E-09    0.40994E-08   -0.28562E-09    0.00000E+00    0.00000E+00    0.00000E+00
    0.61988E+07    0.24699E-09    0.37097E-08   -0.22320E-09    0.00000E+00    0.00000E+00    0.00000E+00
    0.62038E+07    0.31638E-09    0.32868E-08   -0.14835E-09    0.00000E+00    0.00000E+00    0.00000E+00
    0.62088E+07    0.39179E-09    0.28448E-08   -0.63687E-10    0.00000E+00    0.00000E+00    0.00000E+00
    0.62138E+07    0.47063E-09    0.23986E-08    0.27567E-10    0.00000E+00    0.00000E+00    0.00000E+00
    0.62188E+07    0.55070E-09    0.19572E-08    0.12266E-09    0.00000E+00    0.00000E+00    0.00000E+00
    0.62238E+07    0.62925E-09    0.15335E-08    0.21776E-09    0.00000E+00    0.00000E+00    0.00000E+00
    0.62288E+07    0.70346E-09    0.11403E-08    0.30897E-09    0.00000E+00    0.00000E+00    0.00000E+00
    0.62338E+07    0.77053E-09    0.78982E-09    0.39249E-09    0.00000E+00    0.00000E+00    0.00000E+00
    0.62388E+07    0.82777E-09    0.49333E-09    0.46473E-09    0.00000E+00    0.00000E+00    0.00000E+00
    0.62438E+07    0.87255E-09    0.26045E-09    0.52236E-09    0.00000E+00    0.00000E+00    0.00000E+00
    0.62488E+07    0.90262E-09    0.98783E-10    0.56249E-09    0.00000E+00    0.00000E+00    0.00000E+00
    0.62538E+07    0.91640E-09    0.13445E-10    0.58301E-09    0.00000E+00    0.00000E+00    0.00000E+00
    0.62588E+07    0.91304E-09    0.68804E-11    0.58279E-09    0.00000E+00    0.00000E+00    0.00000E+00
    0.62638E+07    0.89238E-09    0.78717E-10    0.56179E-09    0.00000E+00    0.00000E+00    0.00000E+00
    0.62688E+07    0.85525E-09    0.22582E-09    0.52139E-09    0.00000E+00    0.00000E+00    0.00000E+00
    0.62738E+07    0.80393E-09    0.44252E-09    0.46452E-09    0.00000E+00    0.00000E+00    0.00000E+00
    0.62788E+07    0.74145E-09    0.72103E-09    0.39538E-09    0.00000E+00    0.00000E+00    0.00000E+00
    0.62838E+07    0.67180E-09    0.10520E-08    0.31886E-09    0.00000E+00    0.00000E+00    0.00000E+00
    0.62888E+07    0.59878E-09    0.14250E-08    0.23986E-09    0.00000E+00    0.00000E+00    0.00000E+00
    0.62938E+07    0.52580E-09    0.18294E-08    0.16268E-09    0.00000E+00    0.00000E+00    0.00000E+00
    0.62988E+07    0.45559E-09    0.22551E-08    0.90793E-10    0.00000E+00    0.00000E+00    0.00000E+00
    0.63038E+07    0.38843E-09    0.27027E-08    0.24316E-10    0.00000E+00    0.00000E+00    0.00000E+00
    0.63088E+07    0.32753E-09    0.31544E-08   -0.32831E-10    0.00000E+00    0.00000E+00    0.00000E+00
    0.63138E+07    0.27484E-09    0.35880E-08   -0.79573E-10    0.00000E+00    0.00000E+00    0.00000E+00
    0.63188E+07    0.22837E-09    0.40090E-08   -0.12008E-09    0.00000E+00    0.00000E+00    0.00000E+00
    0.63238E+07    0.18857E-09    0.44123E-08   -0.15508E-09    0.00000E+00    0.00000E+00    0.00000E+00
    0.63288E+07    0.15095E-09    0.47916E-08   -0.18875E-09    0.00000E+00    0.00000E+00    0.00000E+00
    0.63313E+07    0.13920E-09    0.50548E-08   -0.87275E-10    0.00000E+00    0.00000E+00    0.00000E+00
    0.63326E+07    0.13437E-09    0.51455E-08   -0.90239E-10    0.00000E+00    0.00000E+00    0.00000E+00
    0.63332E+07    0.13198E-09    0.51906E-08   -0.91659E-10    0.00000E+00    0.00000E+00    0.00000E+00
    0.63344E+07    0.12760E-09    0.52747E-08   -0.94213E-10    0.00000E+00    0.00000E+00    0.00000E+00
    0.63354E+07    0.12361E-09    0.53527E-08   -0.96496E-10    0.00000E+00    0.00000E+00    0.00000E+00
    0.63360E+07    0.12165E-09    0.53915E-08   -0.97594E-10    0.00000E+00    0.00000E+00    0.00000E+00
    0.63379E+07    0.11525E-09    0.55213E-08   -0.10102E-09    0.00000E+00    0.00000E+00    0.00000E+00
    0.63397E+07    0.10915E-09    0.56493E-08   -0.10411E-09    0.00000E+00    0.00000E+00    0.00000E+00
    0.63416E+07    0.10333E-09    0.57753E-08   -0.10692E-09    0.00000E+00    0.00000E+00    0.00000E+00
    0.63434E+07    0.97770E-10    0.58995E-08   -0.10908E-09    0.00000E+00    0.00000E+00    0.00000E+00
    0.63453E+07    0.92485E-10    0.60220E-08   -0.11056E-09    0.00000E+00    0.00000E+00    0.00000E+00
    0.63471E+07    0.87480E-10    0.61421E-08   -0.11225E-09    0.00000E+00    0.00000E+00    0.00000E+00
    0.63508E+07    0.78198E-10    0.63762E-08   -0.11465E-09    0.00000E+00    0.00000E+00    0.00000E+00
    0.63508E+07    0.78198E-10    0.63762E-08   -0.11465E-09    0.00000E+00    0.00000E+00    0.00000E+00
    0.63530E+07    0.73156E-10    0.65109E-08   -0.11543E-09    0.00000E+00    0.00000E+00    0.00000E+00
    0.63552E+07    0.68436E-10    0.66423E-08   -0.11657E-09    0.00000E+00    0.00000E+00    0.00000E+00
    0.63574E+07    0.64033E-10    0.67667E-08   -0.12324E-09    0.00000E+00    0.00000E+00    0.00000E+00
    0.63596E+07    0.59746E-10    0.68862E-08   -0.13269E-09    0.00000E+00    0.00000E+00    0.00000E+00
    0.63596E+07    0.11492E-09    0.53713E-08   -0.13672E-08    0.00000E+00    0.00000E+00    0.00000E+00
    0.63607E+07    0.88575E-10    0.53653E-08   -0.15094E-08    0.00000E+00    0.00000E+00    0.00000E+00
    0.63624E+07    0.50105E-10    0.53363E-08   -0.17182E-08    0.00000E+00    0.00000E+00    0.00000E+00
    0.63640E+07    0.19997E-10    0.52780E-08   -0.19135E-08    0.00000E+00    0.00000E+00    0.00000E+00
    0.63656E+07    0.11988E-11    0.37018E-08   -0.36684E-08    0.00000E+00    0.00000E+00    0.00000E+00
    0.63656E+07    0.25094E-08    0.17171E-09   -0.50785E-08    0.00000E+00    0.00000E+00    0.00000E+00
    0.63658E+07    0.21273E-26    0.17851E-09   -0.54975E-08    0.00000E+00    0.00000E+00    0.00000E+00
    0.63658E+07    0.00000E+00    0.00000E+00    0.00000E+00    0.00000E+00    0.00000E+00    0.00000E+00
    0.63671E+07    0.00000E+00    0.00000E+00    0.00000E+00    0.00000E+00    0.00000E+00    0.00000E+00
    0.63684E+07    0.00000E+00    0.00000E+00    0.00000E+00    0.00000E+00    0.00000E+00    0.00000E+00
    0.63697E+07    0.00000E+00    0.00000E+00    0.00000E+00    0.00000E+00    0.00000E+00    0.00000E+00
    0.63710E+07    0.00000E+00    0.00000E+00    0.00000E+00    0.00000E+00    0.00000E+00    0.00000E+00
