    0.34800E+07    0.00000E+00    0.00000E+00    0.00000E+00    0.00000E+00    0.00000E+00    0.00000E+00
    0.34850E+07    0.00000E+00    0.00000E+00    0.00000E+00    0.00000E+00    0.00000E+00    0.00000E+00
    0.34900E+07    0.00000E+00    0.00000E+00    0.00000E+00    0.00000E+00    0.00000E+00    0.00000E+00
    0.34950E+07    0.00000E+00    0.00000E+00    0.00000E+00    0.00000E+00    0.00000E+00    0.00000E+00
    0.35000E+07    0.00000E+00    0.00000E+00    0.00000E+00    0.00000E+00    0.00000E+00    0.00000E+00
    0.35050E+07    0.00000E+00    0.00000E+00    0.00000E+00    0.00000E+00    0.00000E+00    0.00000E+00
    0.35100E+07    0.00000E+00    0.00000E+00    0.00000E+00    0.00000E+00    0.00000E+00    0.00000E+00
    0.35150E+07    0.00000E+00    0.00000E+00    0.00000E+00    0.00000E+00    0.00000E+00    0.00000E+00
    0.35200E+07    0.00000E+00    0.00000E+00    0.00000E+00    0.00000E+00    0.00000E+00    0.00000E+00
    0.35250E+07    0.00000E+00    0.00000E+00    0.00000E+00    0.00000E+00    0.00000E+00    0.00000E+00
    0.35300E+07    0.00000E+00    0.00000E+00    0.00000E+00    0.00000E+00    0.00000E+00    0.00000E+00
    0.35350E+07    0.00000E+00    0.00000E+00    0.00000E+00    0.00000E+00    0.00000E+00    0.00000E+00
    0.35400E+07    0.00000E+00    0.00000E+00    0.00000E+00    0.00000E+00    0.00000E+00    0.00000E+00
    0.35450E+07    0.00000E+00    0.00000E+00    0.00000E+00    0.00000E+00    0.00000E+00    0.00000E+00
    0.35500E+07    0.00000E+00    0.00000E+00    0.00000E+00    0.00000E+00    0.00000E+00    0.00000E+00
    0.35550E+07    0.00000E+00    0.00000E+00    0.00000E+00    0.00000E+00    0.00000E+00    0.00000E+00
    0.35600E+07    0.00000E+00    0.00000E+00    0.00000E+00    0.00000E+00    0.00000E+00    0.00000E+00
    0.35650E+07    0.00000E+00    0.00000E+00    0.00000E+00    0.00000E+00    0.00000E+00    0.00000E+00
    0.35700E+07    0.00000E+00    0.00000E+00    0.00000E+00    0.00000E+00    0.00000E+00    0.00000E+00
    0.35750E+07    0.00000E+00    0.00000E+00    0.00000E+00    0.00000E+00    0.00000E+00    0.00000E+00
    0.35800E+07    0.00000E+00    0.00000E+00    0.00000E+00    0.00000E+00    0.00000E+00    0.00000E+00
    0.35850E+07    0.00000E+00    0.00000E+00    0.00000E+00    0.00000E+00    0.00000E+00    0.00000E+00
    0.35900E+07    0.00000E+00    0.00000E+00    0.00000E+00    0.00000E+00    0.00000E+00    0.00000E+00
    0.35950E+07    0.00000E+00    0.00000E+00    0.00000E+00    0.00000E+00    0.00000E+00    0.00000E+00
    0.36000E+07    0.00000E+00    0.00000E+00    0.00000E+00    0.00000E+00    0.00000E+00    0.00000E+00
    0.36050E+07    0.00000E+00    0.00000E+00    0.00000E+00    0.00000E+00    0.00000E+00    0.00000E+00
    0.36100E+07    0.00000E+00    0.00000E+00    0.00000E+00    0.00000E+00    0.00000E+00    0.00000E+00
    0.36150E+07    0.00000E+00    0.00000E+00    0.00000E+00    0.00000E+00    0.00000E+00    0.00000E+00
    0.36200E+07    0.00000E+00    0.00000E+00    0.00000E+00    0.00000E+00    0.00000E+00    0.00000E+00
    0.36250E+07    0.00000E+00    0.00000E+00    0.00000E+00    0.00000E+00    0.00000E+00    0.00000E+00
    0.36300E+07    0.00000E+00    0.00000E+00    0.00000E+00    0.00000E+00    0.00000E+00    0.00000E+00
    0.36300E+07    0.00000E+00    0.00000E+00    0.00000E+00    0.00000E+00    0.00000E+00    0.00000E+00
    0.36350E+07    0.00000E+00    0.00000E+00    0.00000E+00    0.00000E+00    0.00000E+00    0.00000E+00
    0.36400E+07    0.00000E+00    0.00000E+00    0.00000E+00    0.00000E+00    0.00000E+00    0.00000E+00
    0.36450E+07    0.00000E+00    0.00000E+00    0.00000E+00    0.00000E+00    0.00000E+00    0.00000E+00
    0.36500E+07    0.00000E+00    0.00000E+00    0.00000E+00    0.00000E+00    0.00000E+00    0.00000E+00
    0.36550E+07    0.00000E+00    0.00000E+00    0.00000E+00    0.00000E+00    0.00000E+00    0.00000E+00
    0.36600E+07    0.00000E+00    0.00000E+00    0.00000E+00    0.00000E+00    0.00000E+00    0.00000E+00
    0.36650E+07    0.00000E+00    0.00000E+00    0.00000E+00    0.00000E+00    0.00000E+00    0.00000E+00
    0.36700E+07    0.00000E+00    0.00000E+00    0.00000E+00    0.00000E+00    0.00000E+00    0.00000E+00
    0.36750E+07    0.00000E+00    0.00000E+00    0.00000E+00    0.00000E+00    0.00000E+00    0.00000E+00
    0.36800E+07    0.00000E+00    0.00000E+00    0.00000E+00    0.00000E+00    0.00000E+00    0.00000E+00
    0.36850E+07    0.00000E+00    0.00000E+00    0.00000E+00    0.00000E+00    0.00000E+00    0.00000E+00
    0.36900E+07    0.00000E+00    0.00000E+00    0.00000E+00    0.00000E+00    0.00000E+00    0.00000E+00
    0.36950E+07    0.00000E+00    0.00000E+00    0.00000E+00    0.00000E+00    0.00000E+00    0.00000E+00
    0.37000E+07    0.00000E+00    0.00000E+00    0.00000E+00    0.00000E+00    0.00000E+00    0.00000E+00
    0.37050E+07    0.00000E+00    0.00000E+00    0.00000E+00    0.00000E+00    0.00000E+00    0.00000E+00
    0.37100E+07    0.00000E+00    0.00000E+00    0.00000E+00    0.00000E+00    0.00000E+00    0.00000E+00
    0.37150E+07    0.00000E+00    0.00000E+00    0.00000E+00    0.00000E+00    0.00000E+00    0.00000E+00
    0.37200E+07    0.00000E+00    0.00000E+00    0.00000E+00    0.00000E+00    0.00000E+00    0.00000E+00
    0.37250E+07    0.00000E+00    0.00000E+00    0.00000E+00    0.00000E+00    0.00000E+00    0.00000E+00
    0.37300E+07    0.00000E+00    0.00000E+00    0.00000E+00    0.00000E+00    0.00000E+00    0.00000E+00
    0.37350E+07    0.00000E+00    0.00000E+00    0.00000E+00    0.00000E+00    0.00000E+00    0.00000E+00
    0.37400E+07    0.00000E+00    0.00000E+00    0.00000E+00    0.00000E+00    0.00000E+00    0.00000E+00
    0.37450E+07    0.00000E+00    0.00000E+00    0.00000E+00    0.00000E+00    0.00000E+00    0.00000E+00
    0.37500E+07    0.00000E+00    0.00000E+00    0.00000E+00    0.00000E+00    0.00000E+00    0.00000E+00
    0.37550E+07    0.00000E+00    0.00000E+00    0.00000E+00    0.00000E+00    0.00000E+00    0.00000E+00
    0.37600E+07    0.00000E+00    0.00000E+00    0.00000E+00    0.00000E+00    0.00000E+00    0.00000E+00
    0.37650E+07    0.00000E+00    0.00000E+00    0.00000E+00    0.00000E+00    0.00000E+00    0.00000E+00
    0.37700E+07    0.00000E+00    0.00000E+00    0.00000E+00    0.00000E+00    0.00000E+00    0.00000E+00
    0.37750E+07    0.00000E+00    0.00000E+00    0.00000E+00    0.00000E+00    0.00000E+00    0.00000E+00
    0.37800E+07    0.00000E+00    0.00000E+00    0.00000E+00    0.00000E+00    0.00000E+00    0.00000E+00
    0.37850E+07    0.00000E+00    0.00000E+00    0.00000E+00    0.00000E+00    0.00000E+00    0.00000E+00
    0.37900E+07    0.00000E+00    0.00000E+00    0.00000E+00    0.00000E+00    0.00000E+00    0.00000E+00
    0.37950E+07    0.00000E+00    0.00000E+00    0.00000E+00    0.00000E+00    0.00000E+00    0.00000E+00
    0.38000E+07    0.00000E+00    0.00000E+00    0.00000E+00    0.00000E+00    0.00000E+00    0.00000E+00
    0.38050E+07    0.00000E+00    0.00000E+00    0.00000E+00    0.00000E+00    0.00000E+00    0.00000E+00
    0.38100E+07    0.00000E+00    0.00000E+00    0.00000E+00    0.00000E+00    0.00000E+00    0.00000E+00
    0.38150E+07    0.00000E+00    0.00000E+00    0.00000E+00    0.00000E+00    0.00000E+00    0.00000E+00
    0.38200E+07    0.00000E+00    0.00000E+00    0.00000E+00    0.00000E+00    0.00000E+00    0.00000E+00
    0.38250E+07    0.00000E+00    0.00000E+00    0.00000E+00    0.00000E+00    0.00000E+00    0.00000E+00
    0.38300E+07    0.00000E+00    0.00000E+00    0.00000E+00    0.00000E+00    0.00000E+00    0.00000E+00
    0.38350E+07    0.00000E+00    0.00000E+00    0.00000E+00    0.00000E+00    0.00000E+00    0.00000E+00
    0.38400E+07    0.00000E+00    0.00000E+00    0.00000E+00    0.00000E+00    0.00000E+00    0.00000E+00
    0.38450E+07    0.00000E+00    0.00000E+00    0.00000E+00    0.00000E+00    0.00000E+00    0.00000E+00
    0.38500E+07    0.00000E+00    0.00000E+00    0.00000E+00    0.00000E+00    0.00000E+00    0.00000E+00
    0.38550E+07    0.00000E+00    0.00000E+00    0.00000E+00    0.00000E+00    0.00000E+00    0.00000E+00
    0.38600E+07    0.00000E+00    0.00000E+00    0.00000E+00    0.00000E+00    0.00000E+00    0.00000E+00
    0.38650E+07    0.00000E+00    0.00000E+00    0.00000E+00    0.00000E+00    0.00000E+00    0.00000E+00
    0.38700E+07    0.00000E+00    0.00000E+00    0.00000E+00    0.00000E+00    0.00000E+00    0.00000E+00
    0.38750E+07    0.00000E+00    0.00000E+00    0.00000E+00    0.00000E+00    0.00000E+00    0.00000E+00
    0.38800E+07    0.00000E+00    0.00000E+00    0.00000E+00    0.00000E+00    0.00000E+00    0.00000E+00
    0.38850E+07    0.00000E+00    0.00000E+00    0.00000E+00    0.00000E+00    0.00000E+00    0.00000E+00
    0.38900E+07    0.00000E+00    0.00000E+00    0.00000E+00    0.00000E+00    0.00000E+00    0.00000E+00
    0.38950E+07    0.00000E+00    0.00000E+00    0.00000E+00    0.00000E+00    0.00000E+00    0.00000E+00
    0.39000E+07    0.00000E+00    0.00000E+00    0.00000E+00    0.00000E+00    0.00000E+00    0.00000E+00
    0.39050E+07    0.00000E+00    0.00000E+00    0.00000E+00    0.00000E+00    0.00000E+00    0.00000E+00
    0.39100E+07    0.00000E+00    0.00000E+00    0.00000E+00    0.00000E+00    0.00000E+00    0.00000E+00
    0.39150E+07    0.00000E+00    0.00000E+00    0.00000E+00    0.00000E+00    0.00000E+00    0.00000E+00
    0.39200E+07    0.00000E+00    0.00000E+00    0.00000E+00    0.00000E+00    0.00000E+00    0.00000E+00
    0.39250E+07    0.00000E+00    0.00000E+00    0.00000E+00    0.00000E+00    0.00000E+00    0.00000E+00
    0.39300E+07    0.00000E+00    0.00000E+00    0.00000E+00    0.00000E+00    0.00000E+00    0.00000E+00
    0.39350E+07    0.00000E+00    0.00000E+00    0.00000E+00    0.00000E+00    0.00000E+00    0.00000E+00
    0.39400E+07    0.00000E+00    0.00000E+00    0.00000E+00    0.00000E+00    0.00000E+00    0.00000E+00
    0.39450E+07    0.00000E+00    0.00000E+00    0.00000E+00    0.00000E+00    0.00000E+00    0.00000E+00
    0.39500E+07    0.00000E+00    0.00000E+00    0.00000E+00    0.00000E+00    0.00000E+00    0.00000E+00
    0.39550E+07    0.00000E+00    0.00000E+00    0.00000E+00    0.00000E+00    0.00000E+00    0.00000E+00
    0.39600E+07    0.00000E+00    0.00000E+00    0.00000E+00    0.00000E+00    0.00000E+00    0.00000E+00
    0.39650E+07    0.00000E+00    0.00000E+00    0.00000E+00    0.00000E+00    0.00000E+00    0.00000E+00
    0.39700E+07    0.00000E+00    0.00000E+00    0.00000E+00    0.00000E+00    0.00000E+00    0.00000E+00
    0.39750E+07    0.00000E+00    0.00000E+00    0.00000E+00    0.00000E+00    0.00000E+00    0.00000E+00
    0.39800E+07    0.00000E+00    0.00000E+00    0.00000E+00    0.00000E+00    0.00000E+00    0.00000E+00
    0.39850E+07    0.00000E+00    0.00000E+00    0.00000E+00    0.00000E+00    0.00000E+00    0.00000E+00
    0.39900E+07    0.00000E+00    0.00000E+00    0.00000E+00    0.00000E+00    0.00000E+00    0.00000E+00
    0.39950E+07    0.00000E+00    0.00000E+00    0.00000E+00    0.00000E+00    0.00000E+00    0.00000E+00
    0.40000E+07    0.00000E+00    0.00000E+00    0.00000E+00    0.00000E+00    0.00000E+00    0.00000E+00
    0.40050E+07    0.00000E+00    0.00000E+00    0.00000E+00    0.00000E+00    0.00000E+00    0.00000E+00
    0.40100E+07    0.00000E+00    0.00000E+00    0.00000E+00    0.00000E+00    0.00000E+00    0.00000E+00
    0.40150E+07    0.00000E+00    0.00000E+00    0.00000E+00    0.00000E+00    0.00000E+00    0.00000E+00
    0.40200E+07    0.00000E+00    0.00000E+00    0.00000E+00    0.00000E+00    0.00000E+00    0.00000E+00
    0.40250E+07    0.00000E+00    0.00000E+00    0.00000E+00    0.00000E+00    0.00000E+00    0.00000E+00
    0.40300E+07    0.00000E+00    0.00000E+00    0.00000E+00    0.00000E+00    0.00000E+00    0.00000E+00
    0.40350E+07    0.00000E+00    0.00000E+00    0.00000E+00    0.00000E+00    0.00000E+00    0.00000E+00
    0.40400E+07    0.00000E+00    0.00000E+00    0.00000E+00    0.00000E+00    0.00000E+00    0.00000E+00
    0.40450E+07    0.00000E+00    0.00000E+00    0.00000E+00    0.00000E+00    0.00000E+00    0.00000E+00
    0.40500E+07    0.00000E+00    0.00000E+00    0.00000E+00    0.00000E+00    0.00000E+00    0.00000E+00
    0.40550E+07    0.00000E+00    0.00000E+00    0.00000E+00    0.00000E+00    0.00000E+00    0.00000E+00
    0.40600E+07    0.00000E+00    0.00000E+00    0.00000E+00    0.00000E+00    0.00000E+00    0.00000E+00
    0.40650E+07    0.00000E+00    0.00000E+00    0.00000E+00    0.00000E+00    0.00000E+00    0.00000E+00
    0.40700E+07    0.00000E+00    0.00000E+00    0.00000E+00    0.00000E+00    0.00000E+00    0.00000E+00
    0.40750E+07    0.00000E+00    0.00000E+00    0.00000E+00    0.00000E+00    0.00000E+00    0.00000E+00
    0.40800E+07    0.00000E+00    0.00000E+00    0.00000E+00    0.00000E+00    0.00000E+00    0.00000E+00
    0.40850E+07    0.00000E+00    0.00000E+00    0.00000E+00    0.00000E+00    0.00000E+00    0.00000E+00
    0.40900E+07    0.00000E+00    0.00000E+00    0.00000E+00    0.00000E+00    0.00000E+00    0.00000E+00
    0.40950E+07    0.00000E+00    0.00000E+00    0.00000E+00    0.00000E+00    0.00000E+00    0.00000E+00
    0.41000E+07    0.00000E+00    0.00000E+00    0.00000E+00    0.00000E+00    0.00000E+00    0.00000E+00
    0.41050E+07    0.00000E+00    0.00000E+00    0.00000E+00    0.00000E+00    0.00000E+00    0.00000E+00
    0.41100E+07    0.00000E+00    0.00000E+00    0.00000E+00    0.00000E+00    0.00000E+00    0.00000E+00
    0.41150E+07    0.00000E+00    0.00000E+00    0.00000E+00    0.00000E+00    0.00000E+00    0.00000E+00
    0.41200E+07    0.00000E+00    0.00000E+00    0.00000E+00    0.00000E+00    0.00000E+00    0.00000E+00
    0.41250E+07    0.00000E+00    0.00000E+00    0.00000E+00    0.00000E+00    0.00000E+00    0.00000E+00
    0.41300E+07    0.00000E+00    0.00000E+00    0.00000E+00    0.00000E+00    0.00000E+00    0.00000E+00
    0.41350E+07    0.00000E+00    0.00000E+00    0.00000E+00    0.00000E+00    0.00000E+00    0.00000E+00
    0.41400E+07    0.00000E+00    0.00000E+00    0.00000E+00    0.00000E+00    0.00000E+00    0.00000E+00
    0.41450E+07    0.00000E+00    0.00000E+00    0.00000E+00    0.00000E+00    0.00000E+00    0.00000E+00
    0.41500E+07    0.00000E+00    0.00000E+00    0.00000E+00    0.00000E+00    0.00000E+00    0.00000E+00
    0.41550E+07    0.00000E+00    0.00000E+00    0.00000E+00    0.00000E+00    0.00000E+00    0.00000E+00
    0.41600E+07    0.00000E+00    0.00000E+00    0.00000E+00    0.00000E+00    0.00000E+00    0.00000E+00
    0.41650E+07    0.00000E+00    0.00000E+00    0.00000E+00    0.00000E+00    0.00000E+00    0.00000E+00
    0.41700E+07    0.00000E+00    0.00000E+00    0.00000E+00    0.00000E+00    0.00000E+00    0.00000E+00
    0.41750E+07    0.00000E+00    0.00000E+00    0.00000E+00    0.00000E+00    0.00000E+00    0.00000E+00
    0.41800E+07    0.00000E+00    0.00000E+00    0.00000E+00    0.00000E+00    0.00000E+00    0.00000E+00
    0.41850E+07    0.00000E+00    0.00000E+00    0.00000E+00    0.00000E+00    0.00000E+00    0.00000E+00
    0.41900E+07    0.00000E+00    0.00000E+00    0.00000E+00    0.00000E+00    0.00000E+00    0.00000E+00
    0.41950E+07    0.00000E+00    0.00000E+00    0.00000E+00    0.00000E+00    0.00000E+00    0.00000E+00
    0.42000E+07    0.00000E+00    0.00000E+00    0.00000E+00    0.00000E+00    0.00000E+00    0.00000E+00
    0.42050E+07    0.00000E+00    0.00000E+00    0.00000E+00    0.00000E+00    0.00000E+00    0.00000E+00
    0.42100E+07    0.00000E+00    0.00000E+00    0.00000E+00    0.00000E+00    0.00000E+00    0.00000E+00
    0.42150E+07    0.00000E+00    0.00000E+00    0.00000E+00    0.00000E+00    0.00000E+00    0.00000E+00
    0.42200E+07    0.00000E+00    0.00000E+00    0.00000E+00    0.00000E+00    0.00000E+00    0.00000E+00
    0.42250E+07    0.00000E+00    0.00000E+00    0.00000E+00    0.00000E+00    0.00000E+00    0.00000E+00
    0.42300E+07    0.00000E+00    0.00000E+00    0.00000E+00    0.00000E+00    0.00000E+00    0.00000E+00
    0.42350E+07    0.00000E+00    0.00000E+00    0.00000E+00    0.00000E+00    0.00000E+00    0.00000E+00
    0.42400E+07    0.00000E+00    0.00000E+00    0.00000E+00    0.00000E+00    0.00000E+00    0.00000E+00
    0.42450E+07    0.00000E+00    0.00000E+00    0.00000E+00    0.00000E+00    0.00000E+00    0.00000E+00
    0.42500E+07    0.00000E+00    0.00000E+00    0.00000E+00    0.00000E+00    0.00000E+00    0.00000E+00
    0.42550E+07    0.00000E+00    0.00000E+00    0.00000E+00    0.00000E+00    0.00000E+00    0.00000E+00
    0.42600E+07    0.00000E+00    0.00000E+00    0.00000E+00    0.00000E+00    0.00000E+00    0.00000E+00
    0.42650E+07    0.00000E+00    0.00000E+00    0.00000E+00    0.00000E+00    0.00000E+00    0.00000E+00
    0.42700E+07    0.00000E+00    0.00000E+00    0.00000E+00    0.00000E+00    0.00000E+00    0.00000E+00
    0.42750E+07    0.00000E+00    0.00000E+00    0.00000E+00    0.00000E+00    0.00000E+00    0.00000E+00
    0.42800E+07    0.00000E+00    0.00000E+00    0.00000E+00    0.00000E+00    0.00000E+00    0.00000E+00
    0.42850E+07    0.00000E+00    0.00000E+00    0.00000E+00    0.00000E+00    0.00000E+00    0.00000E+00
    0.42900E+07    0.00000E+00    0.00000E+00    0.00000E+00    0.00000E+00    0.00000E+00    0.00000E+00
    0.42950E+07    0.00000E+00    0.00000E+00    0.00000E+00    0.00000E+00    0.00000E+00    0.00000E+00
    0.43000E+07    0.00000E+00    0.00000E+00    0.00000E+00    0.00000E+00    0.00000E+00    0.00000E+00
    0.43050E+07    0.00000E+00    0.00000E+00    0.00000E+00    0.00000E+00    0.00000E+00    0.00000E+00
    0.43100E+07    0.00000E+00    0.00000E+00    0.00000E+00    0.00000E+00    0.00000E+00    0.00000E+00
    0.43150E+07    0.00000E+00    0.00000E+00    0.00000E+00    0.00000E+00    0.00000E+00    0.00000E+00
    0.43200E+07    0.00000E+00    0.00000E+00    0.00000E+00    0.00000E+00    0.00000E+00    0.00000E+00
    0.43250E+07    0.00000E+00    0.00000E+00    0.00000E+00    0.00000E+00    0.00000E+00    0.00000E+00
    0.43300E+07    0.00000E+00    0.00000E+00    0.00000E+00    0.00000E+00    0.00000E+00    0.00000E+00
    0.43350E+07    0.00000E+00    0.00000E+00    0.00000E+00    0.00000E+00    0.00000E+00    0.00000E+00
    0.43400E+07    0.00000E+00    0.00000E+00    0.00000E+00    0.00000E+00    0.00000E+00    0.00000E+00
    0.43450E+07    0.00000E+00    0.00000E+00    0.00000E+00    0.00000E+00    0.00000E+00    0.00000E+00
    0.43500E+07    0.00000E+00    0.00000E+00    0.00000E+00    0.00000E+00    0.00000E+00    0.00000E+00
    0.43550E+07    0.00000E+00    0.00000E+00    0.00000E+00    0.00000E+00    0.00000E+00    0.00000E+00
    0.43600E+07    0.00000E+00    0.00000E+00    0.00000E+00    0.00000E+00    0.00000E+00    0.00000E+00
    0.43650E+07    0.00000E+00    0.00000E+00    0.00000E+00    0.00000E+00    0.00000E+00    0.00000E+00
    0.43700E+07    0.00000E+00    0.00000E+00    0.00000E+00    0.00000E+00    0.00000E+00    0.00000E+00
    0.43750E+07    0.00000E+00    0.00000E+00    0.00000E+00    0.00000E+00    0.00000E+00    0.00000E+00
    0.43800E+07    0.00000E+00    0.00000E+00    0.00000E+00    0.00000E+00    0.00000E+00    0.00000E+00
    0.43850E+07    0.00000E+00    0.00000E+00    0.00000E+00    0.00000E+00    0.00000E+00    0.00000E+00
    0.43900E+07    0.00000E+00    0.00000E+00    0.00000E+00    0.00000E+00    0.00000E+00    0.00000E+00
    0.43950E+07    0.00000E+00    0.00000E+00    0.00000E+00    0.00000E+00    0.00000E+00    0.00000E+00
    0.44000E+07    0.00000E+00    0.00000E+00    0.00000E+00    0.00000E+00    0.00000E+00    0.00000E+00
    0.44050E+07    0.00000E+00    0.00000E+00    0.00000E+00    0.00000E+00    0.00000E+00    0.00000E+00
    0.44100E+07    0.00000E+00    0.00000E+00    0.00000E+00    0.00000E+00    0.00000E+00    0.00000E+00
    0.44150E+07    0.00000E+00    0.00000E+00    0.00000E+00    0.00000E+00    0.00000E+00    0.00000E+00
    0.44200E+07    0.00000E+00    0.00000E+00    0.00000E+00    0.00000E+00    0.00000E+00    0.00000E+00
    0.44250E+07    0.00000E+00    0.00000E+00    0.00000E+00    0.00000E+00    0.00000E+00    0.00000E+00
    0.44300E+07    0.00000E+00    0.00000E+00    0.00000E+00    0.00000E+00    0.00000E+00    0.00000E+00
    0.44350E+07    0.00000E+00    0.00000E+00    0.00000E+00    0.00000E+00    0.00000E+00    0.00000E+00
    0.44400E+07    0.00000E+00    0.00000E+00    0.00000E+00    0.00000E+00    0.00000E+00    0.00000E+00
    0.44450E+07    0.00000E+00    0.00000E+00    0.00000E+00    0.00000E+00    0.00000E+00    0.00000E+00
    0.44500E+07    0.00000E+00    0.00000E+00    0.00000E+00    0.00000E+00    0.00000E+00    0.00000E+00
    0.44550E+07    0.00000E+00    0.00000E+00    0.00000E+00    0.00000E+00    0.00000E+00    0.00000E+00
    0.44600E+07    0.00000E+00    0.00000E+00    0.00000E+00    0.00000E+00    0.00000E+00    0.00000E+00
    0.44650E+07    0.00000E+00    0.00000E+00    0.00000E+00    0.00000E+00    0.00000E+00    0.00000E+00
    0.44700E+07    0.00000E+00    0.00000E+00    0.00000E+00    0.00000E+00    0.00000E+00    0.00000E+00
    0.44750E+07    0.00000E+00    0.00000E+00    0.00000E+00    0.00000E+00    0.00000E+00    0.00000E+00
    0.44800E+07    0.00000E+00    0.00000E+00    0.00000E+00    0.00000E+00    0.00000E+00    0.00000E+00
    0.44850E+07    0.00000E+00    0.00000E+00    0.00000E+00    0.00000E+00    0.00000E+00    0.00000E+00
    0.44900E+07    0.00000E+00    0.00000E+00    0.00000E+00    0.00000E+00    0.00000E+00    0.00000E+00
    0.44950E+07    0.00000E+00    0.00000E+00    0.00000E+00    0.00000E+00    0.00000E+00    0.00000E+00
    0.45000E+07    0.00000E+00    0.00000E+00    0.00000E+00    0.00000E+00    0.00000E+00    0.00000E+00
    0.45050E+07    0.00000E+00    0.00000E+00    0.00000E+00    0.00000E+00    0.00000E+00    0.00000E+00
    0.45100E+07    0.00000E+00    0.00000E+00    0.00000E+00    0.00000E+00    0.00000E+00    0.00000E+00
    0.45150E+07    0.00000E+00    0.00000E+00    0.00000E+00    0.00000E+00    0.00000E+00    0.00000E+00
    0.45200E+07    0.00000E+00    0.00000E+00    0.00000E+00    0.00000E+00    0.00000E+00    0.00000E+00
    0.45250E+07    0.00000E+00    0.00000E+00    0.00000E+00    0.00000E+00    0.00000E+00    0.00000E+00
    0.45300E+07    0.00000E+00    0.00000E+00    0.00000E+00    0.00000E+00    0.00000E+00    0.00000E+00
    0.45350E+07    0.00000E+00    0.00000E+00    0.00000E+00    0.00000E+00    0.00000E+00    0.00000E+00
    0.45400E+07    0.00000E+00    0.00000E+00    0.00000E+00    0.00000E+00    0.00000E+00    0.00000E+00
    0.45450E+07    0.00000E+00    0.00000E+00    0.00000E+00    0.00000E+00    0.00000E+00    0.00000E+00
    0.45500E+07    0.00000E+00    0.00000E+00    0.00000E+00    0.00000E+00    0.00000E+00    0.00000E+00
    0.45550E+07    0.00000E+00    0.00000E+00    0.00000E+00    0.00000E+00    0.00000E+00    0.00000E+00
    0.45600E+07    0.00000E+00    0.00000E+00    0.00000E+00    0.00000E+00    0.00000E+00    0.00000E+00
    0.45650E+07    0.00000E+00    0.00000E+00    0.00000E+00    0.00000E+00    0.00000E+00    0.00000E+00
    0.45700E+07    0.00000E+00    0.00000E+00    0.00000E+00    0.00000E+00    0.00000E+00    0.00000E+00
    0.45750E+07    0.00000E+00    0.00000E+00    0.00000E+00    0.00000E+00    0.00000E+00    0.00000E+00
    0.45800E+07    0.00000E+00    0.00000E+00    0.00000E+00    0.00000E+00    0.00000E+00    0.00000E+00
    0.45850E+07    0.00000E+00    0.00000E+00    0.00000E+00    0.00000E+00    0.00000E+00    0.00000E+00
    0.45900E+07    0.00000E+00    0.00000E+00    0.00000E+00    0.00000E+00    0.00000E+00    0.00000E+00
    0.45950E+07    0.00000E+00    0.00000E+00    0.00000E+00    0.00000E+00    0.00000E+00    0.00000E+00
    0.46000E+07    0.00000E+00    0.00000E+00    0.00000E+00    0.00000E+00    0.00000E+00    0.00000E+00
    0.46050E+07    0.00000E+00    0.00000E+00    0.00000E+00    0.00000E+00    0.00000E+00    0.00000E+00
    0.46100E+07    0.00000E+00    0.00000E+00    0.00000E+00    0.00000E+00    0.00000E+00    0.00000E+00
    0.46150E+07    0.00000E+00    0.00000E+00    0.00000E+00    0.00000E+00    0.00000E+00    0.00000E+00
    0.46200E+07    0.00000E+00    0.00000E+00    0.00000E+00    0.00000E+00    0.00000E+00    0.00000E+00
    0.46250E+07    0.00000E+00    0.00000E+00    0.00000E+00    0.00000E+00    0.00000E+00    0.00000E+00
    0.46300E+07    0.00000E+00    0.00000E+00    0.00000E+00    0.00000E+00    0.00000E+00    0.00000E+00
    0.46350E+07    0.00000E+00    0.00000E+00    0.00000E+00    0.00000E+00    0.00000E+00    0.00000E+00
    0.46400E+07    0.00000E+00    0.00000E+00    0.00000E+00    0.00000E+00    0.00000E+00    0.00000E+00
    0.46450E+07    0.00000E+00    0.00000E+00    0.00000E+00    0.00000E+00    0.00000E+00    0.00000E+00
    0.46500E+07    0.00000E+00    0.00000E+00    0.00000E+00    0.00000E+00    0.00000E+00    0.00000E+00
    0.46550E+07    0.00000E+00    0.00000E+00    0.00000E+00    0.00000E+00    0.00000E+00    0.00000E+00
    0.46600E+07    0.00000E+00    0.00000E+00    0.00000E+00    0.00000E+00    0.00000E+00    0.00000E+00
    0.46650E+07    0.00000E+00    0.00000E+00    0.00000E+00    0.00000E+00    0.00000E+00    0.00000E+00
    0.46700E+07    0.00000E+00    0.00000E+00    0.00000E+00    0.00000E+00    0.00000E+00    0.00000E+00
    0.46750E+07    0.00000E+00    0.00000E+00    0.00000E+00    0.00000E+00    0.00000E+00    0.00000E+00
    0.46800E+07    0.00000E+00    0.00000E+00    0.00000E+00    0.00000E+00    0.00000E+00    0.00000E+00
    0.46850E+07    0.00000E+00    0.00000E+00    0.00000E+00    0.00000E+00    0.00000E+00    0.00000E+00
    0.46900E+07    0.00000E+00    0.00000E+00    0.00000E+00    0.00000E+00    0.00000E+00    0.00000E+00
    0.46950E+07    0.00000E+00    0.00000E+00    0.00000E+00    0.00000E+00    0.00000E+00    0.00000E+00
    0.47000E+07    0.00000E+00    0.00000E+00    0.00000E+00    0.00000E+00    0.00000E+00    0.00000E+00
    0.47050E+07    0.00000E+00    0.00000E+00    0.00000E+00    0.00000E+00    0.00000E+00    0.00000E+00
    0.47100E+07    0.00000E+00    0.00000E+00    0.00000E+00    0.00000E+00    0.00000E+00    0.00000E+00
    0.47150E+07    0.00000E+00    0.00000E+00    0.00000E+00    0.00000E+00    0.00000E+00    0.00000E+00
    0.47200E+07    0.00000E+00    0.00000E+00    0.00000E+00    0.00000E+00    0.00000E+00    0.00000E+00
    0.47250E+07    0.00000E+00    0.00000E+00    0.00000E+00    0.00000E+00    0.00000E+00    0.00000E+00
    0.47300E+07    0.00000E+00    0.00000E+00    0.00000E+00    0.00000E+00    0.00000E+00    0.00000E+00
    0.47350E+07    0.00000E+00    0.00000E+00    0.00000E+00    0.00000E+00    0.00000E+00    0.00000E+00
    0.47400E+07    0.00000E+00    0.00000E+00    0.00000E+00    0.00000E+00    0.00000E+00    0.00000E+00
    0.47450E+07    0.00000E+00    0.00000E+00    0.00000E+00    0.00000E+00    0.00000E+00    0.00000E+00
    0.47500E+07    0.00000E+00    0.00000E+00    0.00000E+00    0.00000E+00    0.00000E+00    0.00000E+00
    0.47550E+07    0.00000E+00    0.00000E+00    0.00000E+00    0.00000E+00    0.00000E+00    0.00000E+00
    0.47600E+07    0.00000E+00    0.00000E+00    0.00000E+00    0.00000E+00    0.00000E+00    0.00000E+00
    0.47650E+07    0.00000E+00    0.00000E+00    0.00000E+00    0.00000E+00    0.00000E+00    0.00000E+00
    0.47700E+07    0.00000E+00    0.00000E+00    0.00000E+00    0.00000E+00    0.00000E+00    0.00000E+00
    0.47750E+07    0.00000E+00    0.00000E+00    0.00000E+00    0.00000E+00    0.00000E+00    0.00000E+00
    0.47800E+07    0.00000E+00    0.00000E+00    0.00000E+00    0.00000E+00    0.00000E+00    0.00000E+00
    0.47850E+07    0.00000E+00    0.00000E+00    0.00000E+00    0.00000E+00    0.00000E+00    0.00000E+00
    0.47900E+07    0.00000E+00    0.00000E+00    0.00000E+00    0.00000E+00    0.00000E+00    0.00000E+00
    0.47950E+07    0.00000E+00    0.00000E+00    0.00000E+00    0.00000E+00    0.00000E+00    0.00000E+00
    0.48000E+07    0.00000E+00    0.00000E+00    0.00000E+00    0.00000E+00    0.00000E+00    0.00000E+00
    0.48050E+07    0.00000E+00    0.00000E+00    0.00000E+00    0.00000E+00    0.00000E+00    0.00000E+00
    0.48100E+07    0.00000E+00    0.00000E+00    0.00000E+00    0.00000E+00    0.00000E+00    0.00000E+00
    0.48150E+07    0.00000E+00    0.00000E+00    0.00000E+00    0.00000E+00    0.00000E+00    0.00000E+00
    0.48200E+07    0.00000E+00    0.00000E+00    0.00000E+00    0.00000E+00    0.00000E+00    0.00000E+00
    0.48250E+07    0.00000E+00    0.00000E+00    0.00000E+00    0.00000E+00    0.00000E+00    0.00000E+00
    0.48300E+07    0.00000E+00    0.00000E+00    0.00000E+00    0.00000E+00    0.00000E+00    0.00000E+00
    0.48350E+07    0.00000E+00    0.00000E+00    0.00000E+00    0.00000E+00    0.00000E+00    0.00000E+00
    0.48400E+07    0.00000E+00    0.00000E+00    0.00000E+00    0.00000E+00    0.00000E+00    0.00000E+00
    0.48450E+07    0.00000E+00    0.00000E+00    0.00000E+00    0.00000E+00    0.00000E+00    0.00000E+00
    0.48500E+07    0.00000E+00    0.00000E+00    0.00000E+00    0.00000E+00    0.00000E+00    0.00000E+00
    0.48550E+07    0.00000E+00    0.00000E+00    0.00000E+00    0.00000E+00    0.00000E+00    0.00000E+00
    0.48600E+07    0.00000E+00    0.00000E+00    0.00000E+00    0.00000E+00    0.00000E+00    0.00000E+00
    0.48650E+07    0.00000E+00    0.00000E+00    0.00000E+00    0.00000E+00    0.00000E+00    0.00000E+00
    0.48700E+07    0.00000E+00    0.00000E+00    0.00000E+00    0.00000E+00    0.00000E+00    0.00000E+00
    0.48750E+07    0.00000E+00    0.00000E+00    0.00000E+00    0.00000E+00    0.00000E+00    0.00000E+00
    0.48800E+07    0.00000E+00    0.00000E+00    0.00000E+00    0.00000E+00    0.00000E+00    0.00000E+00
    0.48850E+07    0.00000E+00    0.00000E+00    0.00000E+00    0.00000E+00    0.00000E+00    0.00000E+00
    0.48900E+07    0.00000E+00    0.00000E+00    0.00000E+00    0.00000E+00    0.00000E+00    0.00000E+00
    0.48950E+07    0.00000E+00    0.00000E+00    0.00000E+00    0.00000E+00    0.00000E+00    0.00000E+00
    0.49000E+07    0.00000E+00    0.00000E+00    0.00000E+00    0.00000E+00    0.00000E+00    0.00000E+00
    0.49050E+07    0.00000E+00    0.00000E+00    0.00000E+00    0.00000E+00    0.00000E+00    0.00000E+00
    0.49100E+07    0.00000E+00    0.00000E+00    0.00000E+00    0.00000E+00    0.00000E+00    0.00000E+00
    0.49150E+07    0.00000E+00    0.00000E+00    0.00000E+00    0.00000E+00    0.00000E+00    0.00000E+00
    0.49200E+07    0.00000E+00    0.00000E+00    0.00000E+00    0.00000E+00    0.00000E+00    0.00000E+00
    0.49250E+07    0.00000E+00    0.00000E+00    0.00000E+00    0.00000E+00    0.00000E+00    0.00000E+00
    0.49300E+07    0.00000E+00    0.00000E+00    0.00000E+00    0.00000E+00    0.00000E+00    0.00000E+00
    0.49350E+07    0.00000E+00    0.00000E+00    0.00000E+00    0.00000E+00    0.00000E+00    0.00000E+00
    0.49400E+07    0.00000E+00    0.00000E+00    0.00000E+00    0.00000E+00    0.00000E+00    0.00000E+00
    0.49450E+07    0.00000E+00    0.00000E+00    0.00000E+00    0.00000E+00    0.00000E+00    0.00000E+00
    0.49500E+07    0.00000E+00    0.00000E+00    0.00000E+00    0.00000E+00    0.00000E+00    0.00000E+00
    0.49550E+07    0.00000E+00    0.00000E+00    0.00000E+00    0.00000E+00    0.00000E+00    0.00000E+00
    0.49600E+07    0.00000E+00    0.00000E+00    0.00000E+00    0.00000E+00    0.00000E+00    0.00000E+00
    0.49650E+07    0.00000E+00    0.00000E+00    0.00000E+00    0.00000E+00    0.00000E+00    0.00000E+00
    0.49700E+07    0.00000E+00    0.00000E+00    0.00000E+00    0.00000E+00    0.00000E+00    0.00000E+00
    0.49750E+07    0.00000E+00    0.00000E+00    0.00000E+00    0.00000E+00    0.00000E+00    0.00000E+00
    0.49800E+07    0.00000E+00    0.00000E+00    0.00000E+00    0.00000E+00    0.00000E+00    0.00000E+00
    0.49850E+07    0.00000E+00    0.00000E+00    0.00000E+00    0.00000E+00    0.00000E+00    0.00000E+00
    0.49900E+07    0.00000E+00    0.00000E+00    0.00000E+00    0.00000E+00    0.00000E+00    0.00000E+00
    0.49950E+07    0.00000E+00    0.00000E+00    0.00000E+00    0.00000E+00    0.00000E+00    0.00000E+00
    0.50000E+07    0.00000E+00    0.00000E+00    0.00000E+00    0.00000E+00    0.00000E+00    0.00000E+00
    0.50050E+07    0.00000E+00    0.00000E+00    0.00000E+00    0.00000E+00    0.00000E+00    0.00000E+00
    0.50100E+07    0.00000E+00    0.00000E+00    0.00000E+00    0.00000E+00    0.00000E+00    0.00000E+00
    0.50150E+07    0.00000E+00    0.00000E+00    0.00000E+00    0.00000E+00    0.00000E+00    0.00000E+00
    0.50200E+07    0.00000E+00    0.00000E+00    0.00000E+00    0.00000E+00    0.00000E+00    0.00000E+00
    0.50250E+07    0.00000E+00    0.00000E+00    0.00000E+00    0.00000E+00    0.00000E+00    0.00000E+00
    0.50300E+07    0.00000E+00    0.00000E+00    0.00000E+00    0.00000E+00    0.00000E+00    0.00000E+00
    0.50350E+07    0.00000E+00    0.00000E+00    0.00000E+00    0.00000E+00    0.00000E+00    0.00000E+00
    0.50400E+07    0.00000E+00    0.00000E+00    0.00000E+00    0.00000E+00    0.00000E+00    0.00000E+00
    0.50450E+07    0.00000E+00    0.00000E+00    0.00000E+00    0.00000E+00    0.00000E+00    0.00000E+00
    0.50500E+07    0.00000E+00    0.00000E+00    0.00000E+00    0.00000E+00    0.00000E+00    0.00000E+00
    0.50550E+07    0.00000E+00    0.00000E+00    0.00000E+00    0.00000E+00    0.00000E+00    0.00000E+00
    0.50600E+07    0.00000E+00    0.00000E+00    0.00000E+00    0.00000E+00    0.00000E+00    0.00000E+00
    0.50650E+07    0.00000E+00    0.00000E+00    0.00000E+00    0.00000E+00    0.00000E+00    0.00000E+00
    0.50700E+07    0.00000E+00    0.00000E+00    0.00000E+00    0.00000E+00    0.00000E+00    0.00000E+00
    0.50750E+07    0.00000E+00    0.00000E+00    0.00000E+00    0.00000E+00    0.00000E+00    0.00000E+00
    0.50800E+07    0.00000E+00    0.00000E+00    0.00000E+00    0.00000E+00    0.00000E+00    0.00000E+00
    0.50850E+07    0.00000E+00    0.00000E+00    0.00000E+00    0.00000E+00    0.00000E+00    0.00000E+00
    0.50900E+07    0.00000E+00    0.00000E+00    0.00000E+00    0.00000E+00    0.00000E+00    0.00000E+00
    0.50950E+07    0.00000E+00    0.00000E+00    0.00000E+00    0.00000E+00    0.00000E+00    0.00000E+00
    0.51000E+07    0.00000E+00    0.00000E+00    0.00000E+00    0.00000E+00    0.00000E+00    0.00000E+00
    0.51050E+07    0.00000E+00    0.00000E+00    0.00000E+00    0.00000E+00    0.00000E+00    0.00000E+00
    0.51100E+07    0.00000E+00    0.00000E+00    0.00000E+00    0.00000E+00    0.00000E+00    0.00000E+00
    0.51150E+07    0.00000E+00    0.00000E+00    0.00000E+00    0.00000E+00    0.00000E+00    0.00000E+00
    0.51200E+07    0.00000E+00    0.00000E+00    0.00000E+00    0.00000E+00    0.00000E+00    0.00000E+00
    0.51250E+07    0.00000E+00    0.00000E+00    0.00000E+00    0.00000E+00    0.00000E+00    0.00000E+00
    0.51300E+07    0.00000E+00    0.00000E+00    0.00000E+00    0.00000E+00    0.00000E+00    0.00000E+00
    0.51350E+07    0.00000E+00    0.00000E+00    0.00000E+00    0.00000E+00    0.00000E+00    0.00000E+00
    0.51400E+07    0.00000E+00    0.00000E+00    0.00000E+00    0.00000E+00    0.00000E+00    0.00000E+00
    0.51450E+07    0.00000E+00    0.00000E+00    0.00000E+00    0.00000E+00    0.00000E+00    0.00000E+00
    0.51500E+07    0.00000E+00    0.00000E+00    0.00000E+00    0.00000E+00    0.00000E+00    0.00000E+00
    0.51550E+07    0.00000E+00    0.00000E+00    0.00000E+00    0.00000E+00    0.00000E+00    0.00000E+00
    0.51600E+07    0.00000E+00    0.00000E+00    0.00000E+00    0.00000E+00    0.00000E+00    0.00000E+00
    0.51650E+07    0.00000E+00    0.00000E+00    0.00000E+00    0.00000E+00    0.00000E+00    0.00000E+00
    0.51700E+07    0.00000E+00    0.00000E+00    0.00000E+00    0.00000E+00    0.00000E+00    0.00000E+00
    0.51750E+07    0.00000E+00    0.00000E+00    0.00000E+00    0.00000E+00    0.00000E+00    0.00000E+00
    0.51800E+07    0.00000E+00    0.00000E+00    0.00000E+00    0.00000E+00    0.00000E+00    0.00000E+00
    0.51850E+07    0.00000E+00    0.00000E+00    0.00000E+00    0.00000E+00    0.00000E+00    0.00000E+00
    0.51900E+07    0.00000E+00    0.00000E+00    0.00000E+00    0.00000E+00    0.00000E+00    0.00000E+00
    0.51950E+07    0.00000E+00    0.00000E+00    0.00000E+00    0.00000E+00    0.00000E+00    0.00000E+00
    0.52000E+07    0.00000E+00    0.00000E+00    0.00000E+00    0.00000E+00    0.00000E+00    0.00000E+00
    0.52050E+07    0.00000E+00    0.00000E+00    0.00000E+00    0.00000E+00    0.00000E+00    0.00000E+00
    0.52100E+07    0.00000E+00    0.00000E+00    0.00000E+00    0.00000E+00    0.00000E+00    0.00000E+00
    0.52150E+07    0.00000E+00    0.00000E+00    0.00000E+00    0.00000E+00    0.00000E+00    0.00000E+00
    0.52200E+07    0.00000E+00    0.00000E+00    0.00000E+00    0.00000E+00    0.00000E+00    0.00000E+00
    0.52250E+07    0.00000E+00    0.00000E+00    0.00000E+00    0.00000E+00    0.00000E+00    0.00000E+00
    0.52300E+07    0.00000E+00    0.00000E+00    0.00000E+00    0.00000E+00    0.00000E+00    0.00000E+00
    0.52350E+07    0.00000E+00    0.00000E+00    0.00000E+00    0.00000E+00    0.00000E+00    0.00000E+00
    0.52400E+07    0.00000E+00    0.00000E+00    0.00000E+00    0.00000E+00    0.00000E+00    0.00000E+00
    0.52450E+07    0.00000E+00    0.00000E+00    0.00000E+00    0.00000E+00    0.00000E+00    0.00000E+00
    0.52500E+07    0.00000E+00    0.00000E+00    0.00000E+00    0.00000E+00    0.00000E+00    0.00000E+00
    0.52550E+07    0.00000E+00    0.00000E+00    0.00000E+00    0.00000E+00    0.00000E+00    0.00000E+00
    0.52600E+07    0.00000E+00    0.00000E+00    0.00000E+00    0.00000E+00    0.00000E+00    0.00000E+00
    0.52650E+07    0.00000E+00    0.00000E+00    0.00000E+00    0.00000E+00    0.00000E+00    0.00000E+00
    0.52700E+07    0.00000E+00    0.00000E+00    0.00000E+00    0.00000E+00    0.00000E+00    0.00000E+00
    0.52750E+07    0.00000E+00    0.00000E+00    0.00000E+00    0.00000E+00    0.00000E+00    0.00000E+00
    0.52800E+07    0.00000E+00    0.00000E+00    0.00000E+00    0.00000E+00    0.00000E+00    0.00000E+00
    0.52850E+07    0.00000E+00    0.00000E+00    0.00000E+00    0.00000E+00    0.00000E+00    0.00000E+00
    0.52900E+07    0.00000E+00    0.00000E+00    0.00000E+00    0.00000E+00    0.00000E+00    0.00000E+00
    0.52950E+07    0.00000E+00    0.00000E+00    0.00000E+00    0.00000E+00    0.00000E+00    0.00000E+00
    0.53000E+07    0.00000E+00    0.00000E+00    0.00000E+00    0.00000E+00    0.00000E+00    0.00000E+00
    0.53050E+07    0.00000E+00    0.00000E+00    0.00000E+00    0.00000E+00    0.00000E+00    0.00000E+00
    0.53100E+07    0.00000E+00    0.00000E+00    0.00000E+00    0.00000E+00    0.00000E+00    0.00000E+00
    0.53150E+07    0.00000E+00    0.00000E+00    0.00000E+00    0.00000E+00    0.00000E+00    0.00000E+00
    0.53200E+07    0.00000E+00    0.00000E+00    0.00000E+00    0.00000E+00    0.00000E+00    0.00000E+00
    0.53250E+07    0.00000E+00    0.00000E+00    0.00000E+00    0.00000E+00    0.00000E+00    0.00000E+00
    0.53300E+07    0.00000E+00    0.00000E+00    0.00000E+00    0.00000E+00    0.00000E+00    0.00000E+00
    0.53350E+07    0.00000E+00    0.00000E+00    0.00000E+00    0.00000E+00    0.00000E+00    0.00000E+00
    0.53400E+07    0.00000E+00    0.00000E+00    0.00000E+00    0.00000E+00    0.00000E+00    0.00000E+00
    0.53450E+07    0.00000E+00    0.00000E+00    0.00000E+00    0.00000E+00    0.00000E+00    0.00000E+00
    0.53500E+07    0.00000E+00    0.00000E+00    0.00000E+00    0.00000E+00    0.00000E+00    0.00000E+00
    0.53550E+07    0.00000E+00    0.00000E+00    0.00000E+00    0.00000E+00    0.00000E+00    0.00000E+00
    0.53600E+07    0.00000E+00    0.00000E+00    0.00000E+00    0.00000E+00    0.00000E+00    0.00000E+00
    0.53650E+07    0.00000E+00    0.00000E+00    0.00000E+00    0.00000E+00    0.00000E+00    0.00000E+00
    0.53700E+07    0.00000E+00    0.00000E+00    0.00000E+00    0.00000E+00    0.00000E+00    0.00000E+00
    0.53750E+07    0.00000E+00    0.00000E+00    0.00000E+00    0.00000E+00    0.00000E+00    0.00000E+00
    0.53800E+07    0.00000E+00    0.00000E+00    0.00000E+00    0.00000E+00    0.00000E+00    0.00000E+00
    0.53850E+07    0.00000E+00    0.00000E+00    0.00000E+00    0.00000E+00    0.00000E+00    0.00000E+00
    0.53900E+07    0.00000E+00    0.00000E+00    0.00000E+00    0.00000E+00    0.00000E+00    0.00000E+00
    0.53950E+07    0.00000E+00    0.00000E+00    0.00000E+00    0.00000E+00    0.00000E+00    0.00000E+00
    0.54000E+07    0.00000E+00    0.00000E+00    0.00000E+00    0.00000E+00    0.00000E+00    0.00000E+00
    0.54050E+07    0.00000E+00    0.00000E+00    0.00000E+00    0.00000E+00    0.00000E+00    0.00000E+00
    0.54100E+07    0.00000E+00    0.00000E+00    0.00000E+00    0.00000E+00    0.00000E+00    0.00000E+00
    0.54150E+07    0.00000E+00    0.00000E+00    0.00000E+00    0.00000E+00    0.00000E+00    0.00000E+00
    0.54200E+07    0.00000E+00    0.00000E+00    0.00000E+00    0.00000E+00    0.00000E+00    0.00000E+00
    0.54250E+07    0.00000E+00    0.00000E+00    0.00000E+00    0.00000E+00    0.00000E+00    0.00000E+00
    0.54300E+07    0.00000E+00    0.00000E+00    0.00000E+00    0.00000E+00    0.00000E+00    0.00000E+00
    0.54350E+07    0.00000E+00    0.00000E+00    0.00000E+00    0.00000E+00    0.00000E+00    0.00000E+00
    0.54400E+07    0.00000E+00    0.00000E+00    0.00000E+00    0.00000E+00    0.00000E+00    0.00000E+00
    0.54450E+07    0.00000E+00    0.00000E+00    0.00000E+00    0.00000E+00    0.00000E+00    0.00000E+00
    0.54500E+07    0.00000E+00    0.00000E+00    0.00000E+00    0.00000E+00    0.00000E+00    0.00000E+00
    0.54550E+07    0.00000E+00    0.00000E+00    0.00000E+00    0.00000E+00    0.00000E+00    0.00000E+00
    0.54600E+07    0.00000E+00    0.00000E+00    0.00000E+00    0.00000E+00    0.00000E+00    0.00000E+00
    0.54650E+07    0.00000E+00    0.00000E+00    0.00000E+00    0.00000E+00    0.00000E+00    0.00000E+00
    0.54700E+07    0.00000E+00    0.00000E+00    0.00000E+00    0.00000E+00    0.00000E+00    0.00000E+00
    0.54750E+07    0.00000E+00    0.00000E+00    0.00000E+00    0.00000E+00    0.00000E+00    0.00000E+00
    0.54800E+07    0.00000E+00    0.00000E+00    0.00000E+00    0.00000E+00    0.00000E+00    0.00000E+00
    0.54850E+07    0.00000E+00    0.00000E+00    0.00000E+00    0.00000E+00    0.00000E+00    0.00000E+00
    0.54900E+07    0.00000E+00    0.00000E+00    0.00000E+00    0.00000E+00    0.00000E+00    0.00000E+00
    0.54950E+07    0.00000E+00    0.00000E+00    0.00000E+00    0.00000E+00    0.00000E+00    0.00000E+00
    0.55000E+07    0.00000E+00    0.00000E+00    0.00000E+00    0.00000E+00    0.00000E+00    0.00000E+00
    0.55050E+07    0.18013E-33    0.30658E-33    0.25241E-33    0.00000E+00    0.00000E+00    0.00000E+00
    0.55100E+07    0.33904E-33    0.57637E-33    0.47438E-33    0.00000E+00    0.00000E+00    0.00000E+00
    0.55150E+07    0.63688E-33    0.10830E-32    0.89047E-33    0.00000E+00    0.00000E+00    0.00000E+00
    0.55200E+07    0.11945E-32    0.20335E-32    0.16695E-32    0.00000E+00    0.00000E+00    0.00000E+00
    0.55250E+07    0.22370E-32    0.38142E-32    0.31262E-32    0.00000E+00    0.00000E+00    0.00000E+00
    0.55300E+07    0.41839E-32    0.71465E-32    0.58468E-32    0.00000E+00    0.00000E+00    0.00000E+00
    0.55350E+07    0.78153E-32    0.13375E-31    0.10922E-31    0.00000E+00    0.00000E+00    0.00000E+00
    0.55400E+07    0.14580E-31    0.25001E-31    0.20377E-31    0.00000E+00    0.00000E+00    0.00000E+00
    0.55450E+07    0.27168E-31    0.46678E-31    0.37972E-31    0.00000E+00    0.00000E+00    0.00000E+00
    0.55500E+07    0.50559E-31    0.87048E-31    0.70673E-31    0.00000E+00    0.00000E+00    0.00000E+00
    0.55550E+07    0.93977E-31    0.16213E-30    0.13137E-30    0.00000E+00    0.00000E+00    0.00000E+00
    0.55600E+07    0.17447E-30    0.30162E-30    0.24392E-30    0.00000E+00    0.00000E+00    0.00000E+00
    0.55650E+07    0.32350E-30    0.56045E-30    0.45231E-30    0.00000E+00    0.00000E+00    0.00000E+00
    0.55700E+07    0.59910E-30    0.10401E-29    0.83773E-30    0.00000E+00    0.00000E+00    0.00000E+00
    0.55750E+07    0.11085E-29    0.19279E-29    0.15492E-29    0.00000E+00    0.00000E+00    0.00000E+00
    0.55800E+07    0.20480E-29    0.35695E-29    0.28609E-29    0.00000E+00    0.00000E+00    0.00000E+00
    0.55800E+07    0.20480E-29    0.35695E-29    0.28609E-29    0.00000E+00    0.00000E+00    0.00000E+00
    0.55850E+07    0.37863E-29    0.65943E-29    0.52769E-29    0.00000E+00    0.00000E+00    0.00000E+00
    0.55900E+07    0.69818E-29    0.12174E-28    0.97171E-29    0.00000E+00    0.00000E+00    0.00000E+00
    0.55950E+07    0.12846E-28    0.22451E-28    0.17864E-28    0.00000E+00    0.00000E+00    0.00000E+00
    0.56000E+07    0.23589E-28    0.41347E-28    0.32785E-28    0.00000E+00    0.00000E+00    0.00000E+00
    0.56050E+07    0.43238E-28    0.76033E-28    0.60070E-28    0.00000E+00    0.00000E+00    0.00000E+00
    0.56100E+07    0.79116E-28    0.13960E-27    0.10988E-27    0.00000E+00    0.00000E+00    0.00000E+00
    0.56150E+07    0.14451E-27    0.25589E-27    0.20065E-27    0.00000E+00    0.00000E+00    0.00000E+00
    0.56200E+07    0.26351E-27    0.46831E-27    0.36577E-27    0.00000E+00    0.00000E+00    0.00000E+00
    0.56250E+07    0.47968E-27    0.85564E-27    0.66567E-27    0.00000E+00    0.00000E+00    0.00000E+00
    0.56300E+07    0.87170E-27    0.15607E-26    0.12094E-26    0.00000E+00    0.00000E+00    0.00000E+00
    0.56350E+07    0.15814E-26    0.28421E-26    0.21935E-26    0.00000E+00    0.00000E+00    0.00000E+00
    0.56400E+07    0.28639E-26    0.51667E-26    0.39715E-26    0.00000E+00    0.00000E+00    0.00000E+00
    0.56450E+07    0.51777E-26    0.93770E-26    0.71783E-26    0.00000E+00    0.00000E+00    0.00000E+00
    0.56500E+07    0.93446E-26    0.16990E-25    0.12952E-25    0.00000E+00    0.00000E+00    0.00000E+00
    0.56550E+07    0.16836E-25    0.30730E-25    0.23330E-25    0.00000E+00    0.00000E+00    0.00000E+00
    0.56600E+07    0.30280E-25    0.55489E-25    0.41950E-25    0.00000E+00    0.00000E+00    0.00000E+00
    0.56650E+07    0.54365E-25    0.10003E-24    0.75299E-25    0.00000E+00    0.00000E+00    0.00000E+00
    0.56700E+07    0.97436E-25    0.18000E-24    0.13492E-24    0.00000E+00    0.00000E+00    0.00000E+00
    0.56750E+07    0.17432E-24    0.32336E-24    0.24133E-24    0.00000E+00    0.00000E+00    0.00000E+00
    0.56800E+07    0.31134E-24    0.57989E-24    0.43091E-24    0.00000E+00    0.00000E+00    0.00000E+00
    0.56850E+07    0.55506E-24    0.10381E-23    0.76804E-24    0.00000E+00    0.00000E+00    0.00000E+00
    0.56900E+07    0.98780E-24    0.18553E-23    0.13665E-23    0.00000E+00    0.00000E+00    0.00000E+00
    0.56950E+07    0.17548E-23    0.33099E-23    0.24269E-23    0.00000E+00    0.00000E+00    0.00000E+00
    0.57000E+07    0.31118E-23    0.58947E-23    0.43026E-23    0.00000E+00    0.00000E+00    0.00000E+00
    0.57050E+07    0.55083E-23    0.10480E-22    0.76141E-23    0.00000E+00    0.00000E+00    0.00000E+00
    0.57100E+07    0.97326E-23    0.18598E-22    0.13450E-22    0.00000E+00    0.00000E+00    0.00000E+00
    0.57149E+07    0.17034E-22    0.32691E-22    0.23534E-22    0.00000E+00    0.00000E+00    0.00000E+00
    0.57199E+07    0.29757E-22    0.57360E-22    0.41101E-22    0.00000E+00    0.00000E+00    0.00000E+00
    0.57199E+07    0.42197E-22    0.48908E-22    0.41974E-22    0.00000E+00    0.00000E+00    0.00000E+00
    0.57200E+07    0.42604E-22    0.49900E-22    0.42521E-22    0.00000E+00    0.00000E+00    0.00000E+00
    0.57250E+07    0.62278E-22    0.98022E-22    0.68957E-22    0.00000E+00    0.00000E+00    0.00000E+00
    0.57300E+07    0.95091E-22    0.17871E-21    0.11304E-21    0.00000E+00    0.00000E+00    0.00000E+00
    0.57350E+07    0.14928E-21    0.31267E-21    0.18583E-21    0.00000E+00    0.00000E+00    0.00000E+00
    0.57400E+07    0.23832E-21    0.53401E-21    0.30547E-21    0.00000E+00    0.00000E+00    0.00000E+00
    0.57450E+07    0.38423E-21    0.89865E-21    0.50151E-21    0.00000E+00    0.00000E+00    0.00000E+00
    0.57500E+07    0.62276E-21    0.14981E-20    0.82205E-21    0.00000E+00    0.00000E+00    0.00000E+00
    0.57550E+07    0.10119E-20    0.24814E-20    0.13451E-20    0.00000E+00    0.00000E+00    0.00000E+00
    0.57600E+07    0.16456E-20    0.40916E-20    0.21970E-20    0.00000E+00    0.00000E+00    0.00000E+00
    0.57650E+07    0.26756E-20    0.67235E-20    0.35820E-20    0.00000E+00    0.00000E+00    0.00000E+00
    0.57700E+07    0.43464E-20    0.11017E-19    0.58291E-20    0.00000E+00    0.00000E+00    0.00000E+00
    0.57750E+07    0.70517E-20    0.18010E-19    0.94684E-20    0.00000E+00    0.00000E+00    0.00000E+00
    0.57800E+07    0.11424E-19    0.29376E-19    0.15351E-19    0.00000E+00    0.00000E+00    0.00000E+00
    0.57850E+07    0.18476E-19    0.47817E-19    0.24843E-19    0.00000E+00    0.00000E+00    0.00000E+00
    0.57900E+07    0.29831E-19    0.77684E-19    0.40127E-19    0.00000E+00    0.00000E+00    0.00000E+00
    0.57950E+07    0.48076E-19    0.12596E-18    0.64693E-19    0.00000E+00    0.00000E+00    0.00000E+00
    0.58000E+07    0.77339E-19    0.20386E-18    0.10410E-18    0.00000E+00    0.00000E+00    0.00000E+00
    0.58050E+07    0.12418E-18    0.32932E-18    0.16720E-18    0.00000E+00    0.00000E+00    0.00000E+00
    0.58100E+07    0.19902E-18    0.53100E-18    0.26803E-18    0.00000E+00    0.00000E+00    0.00000E+00
    0.58150E+07    0.31836E-18    0.85459E-18    0.42885E-18    0.00000E+00    0.00000E+00    0.00000E+00
    0.58200E+07    0.50828E-18    0.13728E-17    0.68484E-18    0.00000E+00    0.00000E+00    0.00000E+00
    0.58250E+07    0.80994E-18    0.22012E-17    0.10915E-17    0.00000E+00    0.00000E+00    0.00000E+00
    0.58300E+07    0.12882E-17    0.35227E-17    0.17364E-17    0.00000E+00    0.00000E+00    0.00000E+00
    0.58350E+07    0.20447E-17    0.56271E-17    0.27569E-17    0.00000E+00    0.00000E+00    0.00000E+00
    0.58400E+07    0.32394E-17    0.89717E-17    0.43685E-17    0.00000E+00    0.00000E+00    0.00000E+00
    0.58450E+07    0.51220E-17    0.14277E-16    0.69087E-17    0.00000E+00    0.00000E+00    0.00000E+00
    0.58500E+07    0.80828E-17    0.22677E-16    0.10905E-16    0.00000E+00    0.00000E+00    0.00000E+00
    0.58550E+07    0.12730E-16    0.35950E-16    0.17178E-16    0.00000E+00    0.00000E+00    0.00000E+00
    0.58600E+07    0.20009E-16    0.56883E-16    0.27006E-16    0.00000E+00    0.00000E+00    0.00000E+00
    0.58636E+07    0.27557E-16    0.78713E-16    0.37199E-16    0.00000E+00    0.00000E+00    0.00000E+00
    0.58636E+07    0.29210E-16    0.76791E-16    0.36381E-16    0.00000E+00    0.00000E+00    0.00000E+00
    0.58668E+07    0.38020E-16    0.10395E-15    0.48077E-16    0.00000E+00    0.00000E+00    0.00000E+00
    0.58700E+07    0.49619E-16    0.13996E-15    0.63472E-16    0.00000E+00    0.00000E+00    0.00000E+00
    0.58750E+07    0.75222E-16    0.22016E-15    0.97449E-16    0.00000E+00    0.00000E+00    0.00000E+00
    0.58800E+07    0.11423E-15    0.34369E-15    0.14921E-15    0.00000E+00    0.00000E+00    0.00000E+00
    0.58850E+07    0.17350E-15    0.53344E-15    0.22783E-15    0.00000E+00    0.00000E+00    0.00000E+00
    0.58900E+07    0.26326E-15    0.82406E-15    0.34689E-15    0.00000E+00    0.00000E+00    0.00000E+00
    0.58950E+07    0.39880E-15    0.12679E-14    0.52665E-15    0.00000E+00    0.00000E+00    0.00000E+00
    0.59000E+07    0.60285E-15    0.19440E-14    0.79722E-15    0.00000E+00    0.00000E+00    0.00000E+00
    0.59050E+07    0.90911E-15    0.29706E-14    0.12033E-14    0.00000E+00    0.00000E+00    0.00000E+00
    0.59100E+07    0.13674E-14    0.45254E-14    0.18107E-14    0.00000E+00    0.00000E+00    0.00000E+00
    0.59150E+07    0.20509E-14    0.68731E-14    0.27166E-14    0.00000E+00    0.00000E+00    0.00000E+00
    0.59200E+07    0.30673E-14    0.10408E-13    0.40635E-14    0.00000E+00    0.00000E+00    0.00000E+00
    0.59250E+07    0.45740E-14    0.15714E-13    0.60596E-14    0.00000E+00    0.00000E+00    0.00000E+00
    0.59300E+07    0.68001E-14    0.23656E-13    0.90082E-14    0.00000E+00    0.00000E+00    0.00000E+00
    0.59350E+07    0.10079E-13    0.35509E-13    0.13350E-13    0.00000E+00    0.00000E+00    0.00000E+00
    0.59400E+07    0.14892E-13    0.53143E-13    0.19722E-13    0.00000E+00    0.00000E+00    0.00000E+00
    0.59450E+07    0.21934E-13    0.79299E-13    0.29042E-13    0.00000E+00    0.00000E+00    0.00000E+00
    0.59500E+07    0.32203E-13    0.11798E-12    0.42630E-13    0.00000E+00    0.00000E+00    0.00000E+00
    0.59529E+07    0.40129E-13    0.14816E-12    0.53114E-13    0.00000E+00    0.00000E+00    0.00000E+00
    0.59558E+07    0.49955E-13    0.18589E-12    0.66110E-13    0.00000E+00    0.00000E+00    0.00000E+00
    0.59558E+07    0.58575E-13    0.17199E-12    0.61947E-13    0.00000E+00    0.00000E+00    0.00000E+00
    0.59600E+07    0.73077E-13    0.24672E-12    0.80658E-13    0.00000E+00    0.00000E+00    0.00000E+00
    0.59650E+07    0.95890E-13    0.36762E-12    0.11013E-12    0.00000E+00    0.00000E+00    0.00000E+00
    0.59700E+07    0.12684E-12    0.53585E-12    0.14996E-12    0.00000E+00    0.00000E+00    0.00000E+00
    0.59750E+07    0.16853E-12    0.76846E-12    0.20338E-12    0.00000E+00    0.00000E+00    0.00000E+00
    0.59800E+07    0.22432E-12    0.10883E-11    0.27460E-12    0.00000E+00    0.00000E+00    0.00000E+00
    0.59850E+07    0.29854E-12    0.15259E-11    0.36896E-12    0.00000E+00    0.00000E+00    0.00000E+00
    0.59900E+07    0.39669E-12    0.21215E-11    0.49323E-12    0.00000E+00    0.00000E+00    0.00000E+00
    0.59950E+07    0.52570E-12    0.29281E-11    0.65588E-12    0.00000E+00    0.00000E+00    0.00000E+00
    0.60000E+07    0.69423E-12    0.40152E-11    0.86744E-12    0.00000E+00    0.00000E+00    0.00000E+00
    0.60050E+07    0.91304E-12    0.54728E-11    0.11409E-11    0.00000E+00    0.00000E+00    0.00000E+00
    0.60100E+07    0.11953E-11    0.74173E-11    0.14918E-11    0.00000E+00    0.00000E+00    0.00000E+00
    0.60150E+07    0.15570E-11    0.99981E-11    0.19393E-11    0.00000E+00    0.00000E+00    0.00000E+00
    0.60200E+07    0.20174E-11    0.13405E-10    0.25056E-11    0.00000E+00    0.00000E+00    0.00000E+00
    0.60250E+07    0.25993E-11    0.17879E-10    0.32171E-11    0.00000E+00    0.00000E+00    0.00000E+00
    0.60300E+07    0.33294E-11    0.23721E-10    0.41040E-11    0.00000E+00    0.00000E+00    0.00000E+00
    0.60350E+07    0.42384E-11    0.31307E-10    0.52005E-11    0.00000E+00    0.00000E+00    0.00000E+00
    0.60400E+07    0.53615E-11    0.41101E-10    0.65445E-11    0.00000E+00    0.00000E+00    0.00000E+00
    0.60450E+07    0.67372E-11    0.53671E-10    0.81768E-11    0.00000E+00    0.00000E+00    0.00000E+00
    0.60500E+07    0.84082E-11    0.69707E-10    0.10140E-10    0.00000E+00    0.00000E+00    0.00000E+00
    0.60550E+07    0.10419E-10    0.90038E-10    0.12477E-10    0.00000E+00    0.00000E+00    0.00000E+00
    0.60600E+07    0.12816E-10    0.11565E-09    0.15228E-10    0.00000E+00    0.00000E+00    0.00000E+00
    0.60650E+07    0.15642E-10    0.14769E-09    0.18427E-10    0.00000E+00    0.00000E+00    0.00000E+00
    0.60700E+07    0.18944E-10    0.18752E-09    0.22102E-10    0.00000E+00    0.00000E+00    0.00000E+00
    0.60738E+07    0.21805E-10    0.22379E-09    0.25074E-10    0.00000E+00    0.00000E+00    0.00000E+00
    0.60788E+07    0.25943E-10    0.28116E-09    0.29504E-10    0.00000E+00    0.00000E+00    0.00000E+00
    0.60838E+07    0.30601E-10    0.35096E-09    0.34349E-10    0.00000E+00    0.00000E+00    0.00000E+00
    0.60888E+07    0.35751E-10    0.43521E-09    0.39527E-10    0.00000E+00    0.00000E+00    0.00000E+00
    0.60938E+07    0.41352E-10    0.53607E-09    0.44916E-10    0.00000E+00    0.00000E+00    0.00000E+00
    0.60988E+07    0.47322E-10    0.65580E-09    0.50341E-10    0.00000E+00    0.00000E+00    0.00000E+00
    0.61038E+07    0.53541E-10    0.79665E-09    0.55562E-10    0.00000E+00    0.00000E+00    0.00000E+00
    0.61088E+07    0.59845E-10    0.96077E-09    0.60277E-10    0.00000E+00    0.00000E+00    0.00000E+00
    0.61138E+07    0.66021E-10    0.11501E-08    0.64109E-10    0.00000E+00    0.00000E+00    0.00000E+00
    0.61188E+07    0.71807E-10    0.13662E-08    0.66623E-10    0.00000E+00    0.00000E+00    0.00000E+00
    0.61238E+07    0.76901E-10    0.16101E-08    0.67308E-10    0.00000E+00    0.00000E+00    0.00000E+00
    0.61288E+07    0.80964E-10    0.18821E-08    0.65628E-10    0.00000E+00    0.00000E+00    0.00000E+00
    0.61338E+07    0.83643E-10    0.21812E-08    0.61007E-10    0.00000E+00    0.00000E+00    0.00000E+00
    0.61388E+07    0.84587E-10    0.25057E-08    0.52903E-10    0.00000E+00    0.00000E+00    0.00000E+00
    0.61438E+07    0.83484E-10    0.28519E-08    0.40811E-10    0.00000E+00    0.00000E+00    0.00000E+00
    0.61488E+07    0.80094E-10    0.32148E-08    0.24367E-10    0.00000E+00    0.00000E+00    0.00000E+00
    0.61538E+07    0.74289E-10    0.35873E-08    0.33467E-11    0.00000E+00    0.00000E+00    0.00000E+00
    0.61588E+07    0.66149E-10    0.39608E-08   -0.22164E-10    0.00000E+00    0.00000E+00    0.00000E+00
    0.61638E+07    0.55799E-10    0.43221E-08   -0.55013E-10    0.00000E+00    0.00000E+00    0.00000E+00
    0.61688E+07    0.43485E-10    0.46600E-08   -0.91692E-10    0.00000E+00    0.00000E+00    0.00000E+00
    0.61738E+07    0.30251E-10    0.49590E-08   -0.13101E-09    0.00000E+00    0.00000E+00    0.00000E+00
    0.61788E+07    0.17456E-10    0.52024E-08   -0.17132E-09    0.00000E+00    0.00000E+00    0.00000E+00
    0.61838E+07    0.68917E-11    0.53739E-08   -0.20936E-09    0.00000E+00    0.00000E+00    0.00000E+00
    0.61888E+07    0.72616E-12    0.54584E-08   -0.24119E-09    0.00000E+00    0.00000E+00    0.00000E+00
    0.61938E+07    0.12500E-11    0.54431E-08   -0.26305E-09    0.00000E+00    0.00000E+00    0.00000E+00
    0.61988E+07    0.10555E-10    0.53194E-08   -0.27138E-09    0.00000E+00    0.00000E+00    0.00000E+00
    0.62038E+07    0.30248E-10    0.50781E-08   -0.26440E-09    0.00000E+00    0.00000E+00    0.00000E+00
    0.62088E+07    0.61252E-10    0.47279E-08   -0.24112E-09    0.00000E+00    0.00000E+00    0.00000E+00
    0.62138E+07    0.10356E-09    0.42842E-08   -0.20107E-09    0.00000E+00    0.00000E+00    0.00000E+00
    0.62188E+07    0.15622E-09    0.37586E-08   -0.14513E-09    0.00000E+00    0.00000E+00    0.00000E+00
    0.62238E+07    0.21719E-09    0.31741E-08   -0.76151E-10    0.00000E+00    0.00000E+00    0.00000E+00
    0.62288E+07    0.28353E-09    0.25593E-08    0.18337E-11    0.00000E+00    0.00000E+00    0.00000E+00
    0.62338E+07    0.35160E-09    0.19463E-08    0.83962E-10    0.00000E+00    0.00000E+00    0.00000E+00
    0.62388E+07    0.41722E-09    0.13690E-08    0.16473E-09    0.00000E+00    0.00000E+00    0.00000E+00
    0.62438E+07    0.47591E-09    0.86045E-09    0.23838E-09    0.00000E+00    0.00000E+00    0.00000E+00
    0.62488E+07    0.52327E-09    0.45073E-09    0.29913E-09    0.00000E+00    0.00000E+00    0.00000E+00
    0.62538E+07    0.55560E-09    0.16422E-09    0.34194E-09    0.00000E+00    0.00000E+00    0.00000E+00
    0.62588E+07    0.57031E-09    0.17808E-10    0.36322E-09    0.00000E+00    0.00000E+00    0.00000E+00
    0.62638E+07    0.56618E-09    0.19497E-10    0.36135E-09    0.00000E+00    0.00000E+00    0.00000E+00
    0.62688E+07    0.54381E-09    0.16783E-09    0.33724E-09    0.00000E+00    0.00000E+00    0.00000E+00
    0.62738E+07    0.50591E-09    0.45245E-09    0.29458E-09    0.00000E+00    0.00000E+00    0.00000E+00
    0.62788E+07    0.45666E-09    0.85570E-09    0.23932E-09    0.00000E+00    0.00000E+00    0.00000E+00
    0.62838E+07    0.40123E-09    0.13550E-08    0.17858E-09    0.00000E+00    0.00000E+00    0.00000E+00
    0.62888E+07    0.34450E-09    0.19257E-08    0.11922E-09    0.00000E+00    0.00000E+00    0.00000E+00
    0.62938E+07    0.29050E-09    0.25441E-08    0.66930E-10    0.00000E+00    0.00000E+00    0.00000E+00
    0.62988E+07    0.24205E-09    0.31892E-08    0.25599E-10    0.00000E+00    0.00000E+00    0.00000E+00
    0.63038E+07    0.19982E-09    0.38591E-08   -0.40198E-11    0.00000E+00    0.00000E+00    0.00000E+00
    0.63088E+07    0.16532E-09    0.45294E-08   -0.20473E-10    0.00000E+00    0.00000E+00    0.00000E+00
    0.63138E+07    0.13897E-09    0.51719E-08   -0.25171E-10    0.00000E+00    0.00000E+00    0.00000E+00
    0.63188E+07    0.11854E-09    0.58010E-08   -0.23230E-10    0.00000E+00    0.00000E+00    0.00000E+00
    0.63238E+07    0.10443E-09    0.64181E-08   -0.16353E-10    0.00000E+00    0.00000E+00    0.00000E+00
    0.63288E+07    0.89451E-10    0.70197E-08   -0.11495E-10    0.00000E+00    0.00000E+00    0.00000E+00
    0.63313E+07    0.90871E-10    0.74395E-08    0.16375E-09    0.00000E+00    0.00000E+00    0.00000E+00
    0.63326E+07    0.93814E-10    0.75960E-08    0.17314E-09    0.00000E+00    0.00000E+00    0.00000E+00
    0.63332E+07    0.95320E-10    0.76758E-08    0.17795E-09    0.00000E+00    0.00000E+00    0.00000E+00
    0.63344E+07    0.98327E-10    0.78285E-08    0.18721E-09    0.00000E+00    0.00000E+00    0.00000E+00
    0.63354E+07    0.10133E-09    0.79748E-08    0.19613E-09    0.00000E+00    0.00000E+00    0.00000E+00
    0.63360E+07    0.10290E-09    0.80493E-08    0.20069E-09    0.00000E+00    0.00000E+00    0.00000E+00
    0.63379E+07    0.10857E-09    0.83077E-08    0.21667E-09    0.00000E+00    0.00000E+00    0.00000E+00
    0.63397E+07    0.11483E-09    0.85772E-08    0.23354E-09    0.00000E+00    0.00000E+00    0.00000E+00
    0.63416E+07    0.12172E-09    0.88585E-08    0.25129E-09    0.00000E+00    0.00000E+00    0.00000E+00
    0.63434E+07    0.12928E-09    0.91531E-08    0.27056E-09    0.00000E+00    0.00000E+00    0.00000E+00
    0.63453E+07    0.13758E-09    0.94618E-08    0.29154E-09    0.00000E+00    0.00000E+00    0.00000E+00
    0.63471E+07    0.14672E-09    0.97848E-08    0.31292E-09    0.00000E+00    0.00000E+00    0.00000E+00
    0.63508E+07    0.16756E-09    0.10480E-07    0.35992E-09    0.00000E+00    0.00000E+00    0.00000E+00
    0.63508E+07    0.16756E-09    0.10480E-07    0.35992E-09    0.00000E+00    0.00000E+00    0.00000E+00
    0.63530E+07    0.18162E-09    0.10924E-07    0.39058E-09    0.00000E+00    0.00000E+00    0.00000E+00
    0.63552E+07    0.19719E-09    0.11395E-07    0.42232E-09    0.00000E+00    0.00000E+00    0.00000E+00
    0.63574E+07    0.21440E-09    0.11889E-07    0.44616E-09    0.00000E+00    0.00000E+00    0.00000E+00
    0.63596E+07    0.23268E-09    0.12411E-07    0.46624E-09    0.00000E+00    0.00000E+00    0.00000E+00
    0.63596E+07    0.44755E-09    0.96805E-08   -0.16924E-08    0.00000E+00    0.00000E+00    0.00000E+00
    0.63607E+07    0.35438E-09    0.98670E-08   -0.20158E-08    0.00000E+00    0.00000E+00    0.00000E+00
    0.63624E+07    0.20950E-09    0.10065E-07   -0.25027E-08    0.00000E+00    0.00000E+00    0.00000E+00
    0.63640E+07    0.90381E-10    0.10134E-07   -0.29549E-08    0.00000E+00    0.00000E+00    0.00000E+00
    0.63656E+07    0.64336E-11    0.71795E-08   -0.64137E-08    0.00000E+00    0.00000E+00    0.00000E+00
    0.63656E+07    0.13467E-07    0.33302E-09   -0.84335E-08    0.00000E+00    0.00000E+00    0.00000E+00
    0.63658E+07    0.76945E-29    0.37216E-09   -0.10680E-07    0.00000E+00    0.00000E+00    0.00000E+00
    0.63658E+07    0.00000E+00    0.00000E+00    0.00000E+00    0.00000E+00    0.00000E+00    0.00000E+00
    0.63671E+07    0.00000E+00    0.00000E+00    0.00000E+00    0.00000E+00    0.00000E+00    0.00000E+00
    0.63684E+07    0.00000E+00    0.00000E+00    0.00000E+00    0.00000E+00    0.00000E+00    0.00000E+00
    0.63697E+07    0.00000E+00    0.00000E+00    0.00000E+00    0.00000E+00    0.00000E+00    0.00000E+00
    0.63710E+07    0.00000E+00    0.00000E+00    0.00000E+00    0.00000E+00    0.00000E+00    0.00000E+00
