    0.34800E+07    0.27363E-31    0.22527E-14    0.97692E-15    0.00000E+00    0.00000E+00    0.00000E+00
    0.34850E+07    0.13681E-17    0.22602E-14    0.98013E-15    0.00000E+00    0.00000E+00    0.00000E+00
    0.34900E+07    0.54539E-17    0.22719E-14    0.98688E-15    0.00000E+00    0.00000E+00    0.00000E+00
    0.34950E+07    0.12237E-16    0.22877E-14    0.99716E-15    0.00000E+00    0.00000E+00    0.00000E+00
    0.35000E+07    0.21707E-16    0.23076E-14    0.10110E-14    0.00000E+00    0.00000E+00    0.00000E+00
    0.35050E+07    0.33864E-16    0.23318E-14    0.10284E-14    0.00000E+00    0.00000E+00    0.00000E+00
    0.35100E+07    0.48715E-16    0.23602E-14    0.10493E-14    0.00000E+00    0.00000E+00    0.00000E+00
    0.35150E+07    0.66279E-16    0.23929E-14    0.10739E-14    0.00000E+00    0.00000E+00    0.00000E+00
    0.35200E+07    0.86583E-16    0.24301E-14    0.11021E-14    0.00000E+00    0.00000E+00    0.00000E+00
    0.35250E+07    0.10966E-15    0.24718E-14    0.11341E-14    0.00000E+00    0.00000E+00    0.00000E+00
    0.35300E+07    0.13557E-15    0.25181E-14    0.11698E-14    0.00000E+00    0.00000E+00    0.00000E+00
    0.35350E+07    0.16434E-15    0.25692E-14    0.12095E-14    0.00000E+00    0.00000E+00    0.00000E+00
    0.35400E+07    0.19606E-15    0.26251E-14    0.12531E-14    0.00000E+00    0.00000E+00    0.00000E+00
    0.35450E+07    0.23079E-15    0.26861E-14    0.13009E-14    0.00000E+00    0.00000E+00    0.00000E+00
    0.35500E+07    0.26861E-15    0.27524E-14    0.13529E-14    0.00000E+00    0.00000E+00    0.00000E+00
    0.35550E+07    0.30961E-15    0.28241E-14    0.14092E-14    0.00000E+00    0.00000E+00    0.00000E+00
    0.35600E+07    0.35390E-15    0.29014E-14    0.14701E-14    0.00000E+00    0.00000E+00    0.00000E+00
    0.35650E+07    0.40158E-15    0.29846E-14    0.15356E-14    0.00000E+00    0.00000E+00    0.00000E+00
    0.35700E+07    0.45277E-15    0.30739E-14    0.16060E-14    0.00000E+00    0.00000E+00    0.00000E+00
    0.35750E+07    0.50760E-15    0.31695E-14    0.16814E-14    0.00000E+00    0.00000E+00    0.00000E+00
    0.35800E+07    0.56621E-15    0.32717E-14    0.17621E-14    0.00000E+00    0.00000E+00    0.00000E+00
    0.35850E+07    0.62875E-15    0.33809E-14    0.18482E-14    0.00000E+00    0.00000E+00    0.00000E+00
    0.35900E+07    0.69538E-15    0.34973E-14    0.19400E-14    0.00000E+00    0.00000E+00    0.00000E+00
    0.35950E+07    0.76627E-15    0.36213E-14    0.20378E-14    0.00000E+00    0.00000E+00    0.00000E+00
    0.36000E+07    0.84159E-15    0.37532E-14    0.21417E-14    0.00000E+00    0.00000E+00    0.00000E+00
    0.36050E+07    0.92156E-15    0.38934E-14    0.22522E-14    0.00000E+00    0.00000E+00    0.00000E+00
    0.36100E+07    0.10064E-14    0.40423E-14    0.23694E-14    0.00000E+00    0.00000E+00    0.00000E+00
    0.36150E+07    0.10962E-14    0.42004E-14    0.24937E-14    0.00000E+00    0.00000E+00    0.00000E+00
    0.36200E+07    0.11914E-14    0.43680E-14    0.26254E-14    0.00000E+00    0.00000E+00    0.00000E+00
    0.36250E+07    0.12921E-14    0.45456E-14    0.27649E-14    0.00000E+00    0.00000E+00    0.00000E+00
    0.36300E+07    0.13986E-14    0.47338E-14    0.29125E-14    0.00000E+00    0.00000E+00    0.00000E+00
    0.36300E+07    0.13986E-14    0.47338E-14    0.29125E-14    0.00000E+00    0.00000E+00    0.00000E+00
    0.36350E+07    0.15125E-14    0.49315E-14    0.30672E-14    0.00000E+00    0.00000E+00    0.00000E+00
    0.36400E+07    0.16329E-14    0.51409E-14    0.32308E-14    0.00000E+00    0.00000E+00    0.00000E+00
    0.36450E+07    0.17600E-14    0.53625E-14    0.34036E-14    0.00000E+00    0.00000E+00    0.00000E+00
    0.36500E+07    0.18942E-14    0.55968E-14    0.35860E-14    0.00000E+00    0.00000E+00    0.00000E+00
    0.36550E+07    0.20358E-14    0.58447E-14    0.37787E-14    0.00000E+00    0.00000E+00    0.00000E+00
    0.36600E+07    0.21852E-14    0.61067E-14    0.39820E-14    0.00000E+00    0.00000E+00    0.00000E+00
    0.36650E+07    0.23427E-14    0.63836E-14    0.41965E-14    0.00000E+00    0.00000E+00    0.00000E+00
    0.36700E+07    0.25087E-14    0.66761E-14    0.44226E-14    0.00000E+00    0.00000E+00    0.00000E+00
    0.36750E+07    0.26836E-14    0.69850E-14    0.46610E-14    0.00000E+00    0.00000E+00    0.00000E+00
    0.36800E+07    0.28679E-14    0.73111E-14    0.49123E-14    0.00000E+00    0.00000E+00    0.00000E+00
    0.36850E+07    0.30620E-14    0.76554E-14    0.51770E-14    0.00000E+00    0.00000E+00    0.00000E+00
    0.36900E+07    0.32664E-14    0.80188E-14    0.54558E-14    0.00000E+00    0.00000E+00    0.00000E+00
    0.36950E+07    0.34815E-14    0.84022E-14    0.57495E-14    0.00000E+00    0.00000E+00    0.00000E+00
    0.37000E+07    0.37080E-14    0.88066E-14    0.60586E-14    0.00000E+00    0.00000E+00    0.00000E+00
    0.37050E+07    0.39462E-14    0.92331E-14    0.63841E-14    0.00000E+00    0.00000E+00    0.00000E+00
    0.37100E+07    0.41969E-14    0.96828E-14    0.67265E-14    0.00000E+00    0.00000E+00    0.00000E+00
    0.37150E+07    0.44606E-14    0.10157E-13    0.70869E-14    0.00000E+00    0.00000E+00    0.00000E+00
    0.37200E+07    0.47379E-14    0.10657E-13    0.74659E-14    0.00000E+00    0.00000E+00    0.00000E+00
    0.37250E+07    0.50294E-14    0.11184E-13    0.78646E-14    0.00000E+00    0.00000E+00    0.00000E+00
    0.37300E+07    0.53360E-14    0.11739E-13    0.82838E-14    0.00000E+00    0.00000E+00    0.00000E+00
    0.37350E+07    0.56581E-14    0.12323E-13    0.87246E-14    0.00000E+00    0.00000E+00    0.00000E+00
    0.37400E+07    0.59967E-14    0.12939E-13    0.91880E-14    0.00000E+00    0.00000E+00    0.00000E+00
    0.37450E+07    0.63525E-14    0.13588E-13    0.96750E-14    0.00000E+00    0.00000E+00    0.00000E+00
    0.37500E+07    0.67264E-14    0.14271E-13    0.10187E-13    0.00000E+00    0.00000E+00    0.00000E+00
    0.37550E+07    0.71190E-14    0.14991E-13    0.10724E-13    0.00000E+00    0.00000E+00    0.00000E+00
    0.37600E+07    0.75314E-14    0.15748E-13    0.11289E-13    0.00000E+00    0.00000E+00    0.00000E+00
    0.37650E+07    0.79645E-14    0.16545E-13    0.11883E-13    0.00000E+00    0.00000E+00    0.00000E+00
    0.37700E+07    0.84193E-14    0.17384E-13    0.12506E-13    0.00000E+00    0.00000E+00    0.00000E+00
    0.37750E+07    0.88967E-14    0.18266E-13    0.13160E-13    0.00000E+00    0.00000E+00    0.00000E+00
    0.37800E+07    0.93978E-14    0.19195E-13    0.13847E-13    0.00000E+00    0.00000E+00    0.00000E+00
    0.37850E+07    0.99237E-14    0.20172E-13    0.14568E-13    0.00000E+00    0.00000E+00    0.00000E+00
    0.37900E+07    0.10476E-13    0.21200E-13    0.15325E-13    0.00000E+00    0.00000E+00    0.00000E+00
    0.37950E+07    0.11055E-13    0.22281E-13    0.16119E-13    0.00000E+00    0.00000E+00    0.00000E+00
    0.38000E+07    0.11662E-13    0.23418E-13    0.16953E-13    0.00000E+00    0.00000E+00    0.00000E+00
    0.38050E+07    0.12300E-13    0.24613E-13    0.17827E-13    0.00000E+00    0.00000E+00    0.00000E+00
    0.38100E+07    0.12968E-13    0.25870E-13    0.18744E-13    0.00000E+00    0.00000E+00    0.00000E+00
    0.38150E+07    0.13669E-13    0.27191E-13    0.19706E-13    0.00000E+00    0.00000E+00    0.00000E+00
    0.38200E+07    0.14404E-13    0.28579E-13    0.20715E-13    0.00000E+00    0.00000E+00    0.00000E+00
    0.38250E+07    0.15175E-13    0.30038E-13    0.21772E-13    0.00000E+00    0.00000E+00    0.00000E+00
    0.38300E+07    0.15982E-13    0.31571E-13    0.22881E-13    0.00000E+00    0.00000E+00    0.00000E+00
    0.38350E+07    0.16829E-13    0.33182E-13    0.24043E-13    0.00000E+00    0.00000E+00    0.00000E+00
    0.38400E+07    0.17716E-13    0.34874E-13    0.25262E-13    0.00000E+00    0.00000E+00    0.00000E+00
    0.38450E+07    0.18646E-13    0.36651E-13    0.26538E-13    0.00000E+00    0.00000E+00    0.00000E+00
    0.38500E+07    0.19620E-13    0.38518E-13    0.27876E-13    0.00000E+00    0.00000E+00    0.00000E+00
    0.38550E+07    0.20640E-13    0.40478E-13    0.29277E-13    0.00000E+00    0.00000E+00    0.00000E+00
    0.38600E+07    0.21709E-13    0.42536E-13    0.30746E-13    0.00000E+00    0.00000E+00    0.00000E+00
    0.38650E+07    0.22828E-13    0.44697E-13    0.32283E-13    0.00000E+00    0.00000E+00    0.00000E+00
    0.38700E+07    0.24000E-13    0.46966E-13    0.33893E-13    0.00000E+00    0.00000E+00    0.00000E+00
    0.38750E+07    0.25228E-13    0.49347E-13    0.35580E-13    0.00000E+00    0.00000E+00    0.00000E+00
    0.38800E+07    0.26512E-13    0.51845E-13    0.37345E-13    0.00000E+00    0.00000E+00    0.00000E+00
    0.38850E+07    0.27857E-13    0.54467E-13    0.39193E-13    0.00000E+00    0.00000E+00    0.00000E+00
    0.38900E+07    0.29265E-13    0.57218E-13    0.41127E-13    0.00000E+00    0.00000E+00    0.00000E+00
    0.38950E+07    0.30738E-13    0.60105E-13    0.43152E-13    0.00000E+00    0.00000E+00    0.00000E+00
    0.39000E+07    0.32279E-13    0.63132E-13    0.45270E-13    0.00000E+00    0.00000E+00    0.00000E+00
    0.39050E+07    0.33891E-13    0.66307E-13    0.47486E-13    0.00000E+00    0.00000E+00    0.00000E+00
    0.39100E+07    0.35578E-13    0.69638E-13    0.49804E-13    0.00000E+00    0.00000E+00    0.00000E+00
    0.39150E+07    0.37342E-13    0.73129E-13    0.52229E-13    0.00000E+00    0.00000E+00    0.00000E+00
    0.39200E+07    0.39187E-13    0.76790E-13    0.54766E-13    0.00000E+00    0.00000E+00    0.00000E+00
    0.39250E+07    0.41116E-13    0.80629E-13    0.57418E-13    0.00000E+00    0.00000E+00    0.00000E+00
    0.39300E+07    0.43132E-13    0.84652E-13    0.60191E-13    0.00000E+00    0.00000E+00    0.00000E+00
    0.39350E+07    0.45241E-13    0.88868E-13    0.63090E-13    0.00000E+00    0.00000E+00    0.00000E+00
    0.39400E+07    0.47445E-13    0.93287E-13    0.66120E-13    0.00000E+00    0.00000E+00    0.00000E+00
    0.39450E+07    0.49748E-13    0.97917E-13    0.69287E-13    0.00000E+00    0.00000E+00    0.00000E+00
    0.39500E+07    0.52155E-13    0.10277E-12    0.72596E-13    0.00000E+00    0.00000E+00    0.00000E+00
    0.39550E+07    0.54669E-13    0.10785E-12    0.76054E-13    0.00000E+00    0.00000E+00    0.00000E+00
    0.39600E+07    0.57296E-13    0.11317E-12    0.79667E-13    0.00000E+00    0.00000E+00    0.00000E+00
    0.39650E+07    0.60040E-13    0.11875E-12    0.83441E-13    0.00000E+00    0.00000E+00    0.00000E+00
    0.39700E+07    0.62906E-13    0.12459E-12    0.87383E-13    0.00000E+00    0.00000E+00    0.00000E+00
    0.39750E+07    0.65899E-13    0.13070E-12    0.91499E-13    0.00000E+00    0.00000E+00    0.00000E+00
    0.39800E+07    0.69024E-13    0.13710E-12    0.95797E-13    0.00000E+00    0.00000E+00    0.00000E+00
    0.39850E+07    0.72287E-13    0.14380E-12    0.10028E-12    0.00000E+00    0.00000E+00    0.00000E+00
    0.39900E+07    0.75693E-13    0.15081E-12    0.10497E-12    0.00000E+00    0.00000E+00    0.00000E+00
    0.39950E+07    0.79248E-13    0.15815E-12    0.10986E-12    0.00000E+00    0.00000E+00    0.00000E+00
    0.40000E+07    0.82958E-13    0.16583E-12    0.11496E-12    0.00000E+00    0.00000E+00    0.00000E+00
    0.40050E+07    0.86829E-13    0.17387E-12    0.12028E-12    0.00000E+00    0.00000E+00    0.00000E+00
    0.40100E+07    0.90868E-13    0.18228E-12    0.12584E-12    0.00000E+00    0.00000E+00    0.00000E+00
    0.40150E+07    0.95081E-13    0.19107E-12    0.13163E-12    0.00000E+00    0.00000E+00    0.00000E+00
    0.40200E+07    0.99476E-13    0.20027E-12    0.13768E-12    0.00000E+00    0.00000E+00    0.00000E+00
    0.40250E+07    0.10406E-12    0.20989E-12    0.14398E-12    0.00000E+00    0.00000E+00    0.00000E+00
    0.40300E+07    0.10884E-12    0.21995E-12    0.15056E-12    0.00000E+00    0.00000E+00    0.00000E+00
    0.40350E+07    0.11382E-12    0.23047E-12    0.15741E-12    0.00000E+00    0.00000E+00    0.00000E+00
    0.40400E+07    0.11902E-12    0.24147E-12    0.16455E-12    0.00000E+00    0.00000E+00    0.00000E+00
    0.40450E+07    0.12443E-12    0.25297E-12    0.17200E-12    0.00000E+00    0.00000E+00    0.00000E+00
    0.40500E+07    0.13008E-12    0.26499E-12    0.17976E-12    0.00000E+00    0.00000E+00    0.00000E+00
    0.40550E+07    0.13596E-12    0.27755E-12    0.18785E-12    0.00000E+00    0.00000E+00    0.00000E+00
    0.40600E+07    0.14209E-12    0.29067E-12    0.19628E-12    0.00000E+00    0.00000E+00    0.00000E+00
    0.40650E+07    0.14847E-12    0.30438E-12    0.20506E-12    0.00000E+00    0.00000E+00    0.00000E+00
    0.40700E+07    0.15512E-12    0.31871E-12    0.21421E-12    0.00000E+00    0.00000E+00    0.00000E+00
    0.40750E+07    0.16205E-12    0.33368E-12    0.22373E-12    0.00000E+00    0.00000E+00    0.00000E+00
    0.40800E+07    0.16926E-12    0.34931E-12    0.23365E-12    0.00000E+00    0.00000E+00    0.00000E+00
    0.40850E+07    0.17678E-12    0.36563E-12    0.24398E-12    0.00000E+00    0.00000E+00    0.00000E+00
    0.40900E+07    0.18460E-12    0.38268E-12    0.25474E-12    0.00000E+00    0.00000E+00    0.00000E+00
    0.40950E+07    0.19274E-12    0.40048E-12    0.26593E-12    0.00000E+00    0.00000E+00    0.00000E+00
    0.41000E+07    0.20121E-12    0.41906E-12    0.27758E-12    0.00000E+00    0.00000E+00    0.00000E+00
    0.41050E+07    0.21003E-12    0.43846E-12    0.28971E-12    0.00000E+00    0.00000E+00    0.00000E+00
    0.41100E+07    0.21921E-12    0.45871E-12    0.30233E-12    0.00000E+00    0.00000E+00    0.00000E+00
    0.41150E+07    0.22876E-12    0.47984E-12    0.31545E-12    0.00000E+00    0.00000E+00    0.00000E+00
    0.41200E+07    0.23870E-12    0.50189E-12    0.32911E-12    0.00000E+00    0.00000E+00    0.00000E+00
    0.41250E+07    0.24903E-12    0.52489E-12    0.34331E-12    0.00000E+00    0.00000E+00    0.00000E+00
    0.41300E+07    0.25978E-12    0.54890E-12    0.35808E-12    0.00000E+00    0.00000E+00    0.00000E+00
    0.41350E+07    0.27095E-12    0.57393E-12    0.37344E-12    0.00000E+00    0.00000E+00    0.00000E+00
    0.41400E+07    0.28257E-12    0.60005E-12    0.38941E-12    0.00000E+00    0.00000E+00    0.00000E+00
    0.41450E+07    0.29465E-12    0.62728E-12    0.40601E-12    0.00000E+00    0.00000E+00    0.00000E+00
    0.41500E+07    0.30721E-12    0.65569E-12    0.42326E-12    0.00000E+00    0.00000E+00    0.00000E+00
    0.41550E+07    0.32026E-12    0.68530E-12    0.44120E-12    0.00000E+00    0.00000E+00    0.00000E+00
    0.41600E+07    0.33382E-12    0.71617E-12    0.45983E-12    0.00000E+00    0.00000E+00    0.00000E+00
    0.41650E+07    0.34792E-12    0.74835E-12    0.47919E-12    0.00000E+00    0.00000E+00    0.00000E+00
    0.41700E+07    0.36256E-12    0.78189E-12    0.49930E-12    0.00000E+00    0.00000E+00    0.00000E+00
    0.41750E+07    0.37777E-12    0.81685E-12    0.52019E-12    0.00000E+00    0.00000E+00    0.00000E+00
    0.41800E+07    0.39357E-12    0.85328E-12    0.54189E-12    0.00000E+00    0.00000E+00    0.00000E+00
    0.41850E+07    0.40997E-12    0.89123E-12    0.56442E-12    0.00000E+00    0.00000E+00    0.00000E+00
    0.41900E+07    0.42701E-12    0.93077E-12    0.58781E-12    0.00000E+00    0.00000E+00    0.00000E+00
    0.41950E+07    0.44470E-12    0.97196E-12    0.61209E-12    0.00000E+00    0.00000E+00    0.00000E+00
    0.42000E+07    0.46306E-12    0.10149E-11    0.63729E-12    0.00000E+00    0.00000E+00    0.00000E+00
    0.42050E+07    0.48212E-12    0.10595E-11    0.66345E-12    0.00000E+00    0.00000E+00    0.00000E+00
    0.42100E+07    0.50189E-12    0.11061E-11    0.69060E-12    0.00000E+00    0.00000E+00    0.00000E+00
    0.42150E+07    0.52242E-12    0.11545E-11    0.71876E-12    0.00000E+00    0.00000E+00    0.00000E+00
    0.42200E+07    0.54371E-12    0.12049E-11    0.74798E-12    0.00000E+00    0.00000E+00    0.00000E+00
    0.42250E+07    0.56580E-12    0.12574E-11    0.77829E-12    0.00000E+00    0.00000E+00    0.00000E+00
    0.42300E+07    0.58871E-12    0.13121E-11    0.80972E-12    0.00000E+00    0.00000E+00    0.00000E+00
    0.42350E+07    0.61247E-12    0.13689E-11    0.84232E-12    0.00000E+00    0.00000E+00    0.00000E+00
    0.42400E+07    0.63712E-12    0.14281E-11    0.87611E-12    0.00000E+00    0.00000E+00    0.00000E+00
    0.42450E+07    0.66267E-12    0.14897E-11    0.91114E-12    0.00000E+00    0.00000E+00    0.00000E+00
    0.42500E+07    0.68915E-12    0.15537E-11    0.94746E-12    0.00000E+00    0.00000E+00    0.00000E+00
    0.42550E+07    0.71661E-12    0.16204E-11    0.98509E-12    0.00000E+00    0.00000E+00    0.00000E+00
    0.42600E+07    0.74506E-12    0.16897E-11    0.10241E-11    0.00000E+00    0.00000E+00    0.00000E+00
    0.42650E+07    0.77454E-12    0.17618E-11    0.10645E-11    0.00000E+00    0.00000E+00    0.00000E+00
    0.42700E+07    0.80510E-12    0.18367E-11    0.11064E-11    0.00000E+00    0.00000E+00    0.00000E+00
    0.42750E+07    0.83674E-12    0.19146E-11    0.11497E-11    0.00000E+00    0.00000E+00    0.00000E+00
    0.42800E+07    0.86953E-12    0.19957E-11    0.11946E-11    0.00000E+00    0.00000E+00    0.00000E+00
    0.42850E+07    0.90348E-12    0.20799E-11    0.12411E-11    0.00000E+00    0.00000E+00    0.00000E+00
    0.42900E+07    0.93864E-12    0.21674E-11    0.12893E-11    0.00000E+00    0.00000E+00    0.00000E+00
    0.42950E+07    0.97505E-12    0.22584E-11    0.13391E-11    0.00000E+00    0.00000E+00    0.00000E+00
    0.43000E+07    0.10127E-11    0.23529E-11    0.13907E-11    0.00000E+00    0.00000E+00    0.00000E+00
    0.43050E+07    0.10517E-11    0.24511E-11    0.14441E-11    0.00000E+00    0.00000E+00    0.00000E+00
    0.43100E+07    0.10921E-11    0.25532E-11    0.14993E-11    0.00000E+00    0.00000E+00    0.00000E+00
    0.43150E+07    0.11339E-11    0.26592E-11    0.15565E-11    0.00000E+00    0.00000E+00    0.00000E+00
    0.43200E+07    0.11771E-11    0.27692E-11    0.16156E-11    0.00000E+00    0.00000E+00    0.00000E+00
    0.43250E+07    0.12219E-11    0.28836E-11    0.16767E-11    0.00000E+00    0.00000E+00    0.00000E+00
    0.43300E+07    0.12681E-11    0.30023E-11    0.17400E-11    0.00000E+00    0.00000E+00    0.00000E+00
    0.43350E+07    0.13160E-11    0.31256E-11    0.18054E-11    0.00000E+00    0.00000E+00    0.00000E+00
    0.43400E+07    0.13654E-11    0.32536E-11    0.18730E-11    0.00000E+00    0.00000E+00    0.00000E+00
    0.43450E+07    0.14166E-11    0.33864E-11    0.19429E-11    0.00000E+00    0.00000E+00    0.00000E+00
    0.43500E+07    0.14695E-11    0.35243E-11    0.20151E-11    0.00000E+00    0.00000E+00    0.00000E+00
    0.43550E+07    0.15241E-11    0.36674E-11    0.20897E-11    0.00000E+00    0.00000E+00    0.00000E+00
    0.43600E+07    0.15806E-11    0.38159E-11    0.21669E-11    0.00000E+00    0.00000E+00    0.00000E+00
    0.43650E+07    0.16390E-11    0.39699E-11    0.22465E-11    0.00000E+00    0.00000E+00    0.00000E+00
    0.43700E+07    0.16994E-11    0.41298E-11    0.23288E-11    0.00000E+00    0.00000E+00    0.00000E+00
    0.43750E+07    0.17617E-11    0.42956E-11    0.24138E-11    0.00000E+00    0.00000E+00    0.00000E+00
    0.43800E+07    0.18260E-11    0.44676E-11    0.25016E-11    0.00000E+00    0.00000E+00    0.00000E+00
    0.43850E+07    0.18925E-11    0.46459E-11    0.25922E-11    0.00000E+00    0.00000E+00    0.00000E+00
    0.43900E+07    0.19612E-11    0.48308E-11    0.26858E-11    0.00000E+00    0.00000E+00    0.00000E+00
    0.43950E+07    0.20320E-11    0.50226E-11    0.27824E-11    0.00000E+00    0.00000E+00    0.00000E+00
    0.44000E+07    0.21052E-11    0.52214E-11    0.28820E-11    0.00000E+00    0.00000E+00    0.00000E+00
    0.44050E+07    0.21807E-11    0.54274E-11    0.29848E-11    0.00000E+00    0.00000E+00    0.00000E+00
    0.44100E+07    0.22587E-11    0.56410E-11    0.30909E-11    0.00000E+00    0.00000E+00    0.00000E+00
    0.44150E+07    0.23391E-11    0.58623E-11    0.32003E-11    0.00000E+00    0.00000E+00    0.00000E+00
    0.44200E+07    0.24221E-11    0.60917E-11    0.33132E-11    0.00000E+00    0.00000E+00    0.00000E+00
    0.44250E+07    0.25077E-11    0.63293E-11    0.34296E-11    0.00000E+00    0.00000E+00    0.00000E+00
    0.44300E+07    0.25959E-11    0.65755E-11    0.35496E-11    0.00000E+00    0.00000E+00    0.00000E+00
    0.44350E+07    0.26870E-11    0.68305E-11    0.36733E-11    0.00000E+00    0.00000E+00    0.00000E+00
    0.44400E+07    0.27809E-11    0.70946E-11    0.38008E-11    0.00000E+00    0.00000E+00    0.00000E+00
    0.44450E+07    0.28777E-11    0.73681E-11    0.39322E-11    0.00000E+00    0.00000E+00    0.00000E+00
    0.44500E+07    0.29774E-11    0.76514E-11    0.40676E-11    0.00000E+00    0.00000E+00    0.00000E+00
    0.44550E+07    0.30802E-11    0.79446E-11    0.42071E-11    0.00000E+00    0.00000E+00    0.00000E+00
    0.44600E+07    0.31862E-11    0.82482E-11    0.43508E-11    0.00000E+00    0.00000E+00    0.00000E+00
    0.44650E+07    0.32954E-11    0.85624E-11    0.44988E-11    0.00000E+00    0.00000E+00    0.00000E+00
    0.44700E+07    0.34078E-11    0.88876E-11    0.46512E-11    0.00000E+00    0.00000E+00    0.00000E+00
    0.44750E+07    0.35237E-11    0.92242E-11    0.48081E-11    0.00000E+00    0.00000E+00    0.00000E+00
    0.44800E+07    0.36430E-11    0.95725E-11    0.49696E-11    0.00000E+00    0.00000E+00    0.00000E+00
    0.44850E+07    0.37658E-11    0.99328E-11    0.51359E-11    0.00000E+00    0.00000E+00    0.00000E+00
    0.44900E+07    0.38923E-11    0.10306E-10    0.53069E-11    0.00000E+00    0.00000E+00    0.00000E+00
    0.44950E+07    0.40225E-11    0.10691E-10    0.54830E-11    0.00000E+00    0.00000E+00    0.00000E+00
    0.45000E+07    0.41565E-11    0.11090E-10    0.56640E-11    0.00000E+00    0.00000E+00    0.00000E+00
    0.45050E+07    0.42944E-11    0.11502E-10    0.58503E-11    0.00000E+00    0.00000E+00    0.00000E+00
    0.45100E+07    0.44363E-11    0.11929E-10    0.60419E-11    0.00000E+00    0.00000E+00    0.00000E+00
    0.45150E+07    0.45823E-11    0.12370E-10    0.62388E-11    0.00000E+00    0.00000E+00    0.00000E+00
    0.45200E+07    0.47324E-11    0.12825E-10    0.64413E-11    0.00000E+00    0.00000E+00    0.00000E+00
    0.45250E+07    0.48868E-11    0.13296E-10    0.66494E-11    0.00000E+00    0.00000E+00    0.00000E+00
    0.45300E+07    0.50456E-11    0.13783E-10    0.68633E-11    0.00000E+00    0.00000E+00    0.00000E+00
    0.45350E+07    0.52088E-11    0.14286E-10    0.70831E-11    0.00000E+00    0.00000E+00    0.00000E+00
    0.45400E+07    0.53766E-11    0.14806E-10    0.73089E-11    0.00000E+00    0.00000E+00    0.00000E+00
    0.45450E+07    0.55491E-11    0.15343E-10    0.75408E-11    0.00000E+00    0.00000E+00    0.00000E+00
    0.45500E+07    0.57263E-11    0.15898E-10    0.77790E-11    0.00000E+00    0.00000E+00    0.00000E+00
    0.45550E+07    0.59084E-11    0.16471E-10    0.80236E-11    0.00000E+00    0.00000E+00    0.00000E+00
    0.45600E+07    0.60955E-11    0.17063E-10    0.82747E-11    0.00000E+00    0.00000E+00    0.00000E+00
    0.45650E+07    0.62876E-11    0.17674E-10    0.85324E-11    0.00000E+00    0.00000E+00    0.00000E+00
    0.45700E+07    0.64849E-11    0.18305E-10    0.87969E-11    0.00000E+00    0.00000E+00    0.00000E+00
    0.45750E+07    0.66875E-11    0.18957E-10    0.90684E-11    0.00000E+00    0.00000E+00    0.00000E+00
    0.45800E+07    0.68955E-11    0.19629E-10    0.93468E-11    0.00000E+00    0.00000E+00    0.00000E+00
    0.45850E+07    0.71090E-11    0.20323E-10    0.96324E-11    0.00000E+00    0.00000E+00    0.00000E+00
    0.45900E+07    0.73281E-11    0.21039E-10    0.99253E-11    0.00000E+00    0.00000E+00    0.00000E+00
    0.45950E+07    0.75529E-11    0.21778E-10    0.10226E-10    0.00000E+00    0.00000E+00    0.00000E+00
    0.46000E+07    0.77836E-11    0.22541E-10    0.10534E-10    0.00000E+00    0.00000E+00    0.00000E+00
    0.46050E+07    0.80202E-11    0.23328E-10    0.10849E-10    0.00000E+00    0.00000E+00    0.00000E+00
    0.46100E+07    0.82628E-11    0.24139E-10    0.11172E-10    0.00000E+00    0.00000E+00    0.00000E+00
    0.46150E+07    0.85116E-11    0.24976E-10    0.11504E-10    0.00000E+00    0.00000E+00    0.00000E+00
    0.46200E+07    0.87667E-11    0.25839E-10    0.11843E-10    0.00000E+00    0.00000E+00    0.00000E+00
    0.46250E+07    0.90281E-11    0.26729E-10    0.12191E-10    0.00000E+00    0.00000E+00    0.00000E+00
    0.46300E+07    0.92961E-11    0.27647E-10    0.12547E-10    0.00000E+00    0.00000E+00    0.00000E+00
    0.46350E+07    0.95707E-11    0.28592E-10    0.12911E-10    0.00000E+00    0.00000E+00    0.00000E+00
    0.46400E+07    0.98520E-11    0.29567E-10    0.13284E-10    0.00000E+00    0.00000E+00    0.00000E+00
    0.46450E+07    0.10140E-10    0.30572E-10    0.13666E-10    0.00000E+00    0.00000E+00    0.00000E+00
    0.46500E+07    0.10435E-10    0.31607E-10    0.14057E-10    0.00000E+00    0.00000E+00    0.00000E+00
    0.46550E+07    0.10737E-10    0.32674E-10    0.14456E-10    0.00000E+00    0.00000E+00    0.00000E+00
    0.46600E+07    0.11047E-10    0.33773E-10    0.14865E-10    0.00000E+00    0.00000E+00    0.00000E+00
    0.46650E+07    0.11364E-10    0.34905E-10    0.15283E-10    0.00000E+00    0.00000E+00    0.00000E+00
    0.46700E+07    0.11688E-10    0.36071E-10    0.15710E-10    0.00000E+00    0.00000E+00    0.00000E+00
    0.46750E+07    0.12019E-10    0.37272E-10    0.16147E-10    0.00000E+00    0.00000E+00    0.00000E+00
    0.46800E+07    0.12359E-10    0.38509E-10    0.16593E-10    0.00000E+00    0.00000E+00    0.00000E+00
    0.46850E+07    0.12706E-10    0.39782E-10    0.17049E-10    0.00000E+00    0.00000E+00    0.00000E+00
    0.46900E+07    0.13061E-10    0.41092E-10    0.17515E-10    0.00000E+00    0.00000E+00    0.00000E+00
    0.46950E+07    0.13423E-10    0.42441E-10    0.17991E-10    0.00000E+00    0.00000E+00    0.00000E+00
    0.47000E+07    0.13794E-10    0.43830E-10    0.18477E-10    0.00000E+00    0.00000E+00    0.00000E+00
    0.47050E+07    0.14174E-10    0.45258E-10    0.18972E-10    0.00000E+00    0.00000E+00    0.00000E+00
    0.47100E+07    0.14561E-10    0.46728E-10    0.19478E-10    0.00000E+00    0.00000E+00    0.00000E+00
    0.47150E+07    0.14957E-10    0.48240E-10    0.19995E-10    0.00000E+00    0.00000E+00    0.00000E+00
    0.47200E+07    0.15361E-10    0.49796E-10    0.20522E-10    0.00000E+00    0.00000E+00    0.00000E+00
    0.47250E+07    0.15774E-10    0.51396E-10    0.21059E-10    0.00000E+00    0.00000E+00    0.00000E+00
    0.47300E+07    0.16196E-10    0.53041E-10    0.21607E-10    0.00000E+00    0.00000E+00    0.00000E+00
    0.47350E+07    0.16626E-10    0.54733E-10    0.22165E-10    0.00000E+00    0.00000E+00    0.00000E+00
    0.47400E+07    0.17066E-10    0.56473E-10    0.22735E-10    0.00000E+00    0.00000E+00    0.00000E+00
    0.47450E+07    0.17514E-10    0.58261E-10    0.23315E-10    0.00000E+00    0.00000E+00    0.00000E+00
    0.47500E+07    0.17971E-10    0.60099E-10    0.23905E-10    0.00000E+00    0.00000E+00    0.00000E+00
    0.47550E+07    0.18438E-10    0.61988E-10    0.24507E-10    0.00000E+00    0.00000E+00    0.00000E+00
    0.47600E+07    0.18914E-10    0.63929E-10    0.25120E-10    0.00000E+00    0.00000E+00    0.00000E+00
    0.47650E+07    0.19399E-10    0.65923E-10    0.25744E-10    0.00000E+00    0.00000E+00    0.00000E+00
    0.47700E+07    0.19894E-10    0.67972E-10    0.26379E-10    0.00000E+00    0.00000E+00    0.00000E+00
    0.47750E+07    0.20398E-10    0.70077E-10    0.27024E-10    0.00000E+00    0.00000E+00    0.00000E+00
    0.47800E+07    0.20912E-10    0.72238E-10    0.27681E-10    0.00000E+00    0.00000E+00    0.00000E+00
    0.47850E+07    0.21435E-10    0.74458E-10    0.28349E-10    0.00000E+00    0.00000E+00    0.00000E+00
    0.47900E+07    0.21968E-10    0.76737E-10    0.29029E-10    0.00000E+00    0.00000E+00    0.00000E+00
    0.47950E+07    0.22511E-10    0.79077E-10    0.29719E-10    0.00000E+00    0.00000E+00    0.00000E+00
    0.48000E+07    0.23064E-10    0.81479E-10    0.30420E-10    0.00000E+00    0.00000E+00    0.00000E+00
    0.48050E+07    0.23627E-10    0.83944E-10    0.31133E-10    0.00000E+00    0.00000E+00    0.00000E+00
    0.48100E+07    0.24199E-10    0.86474E-10    0.31856E-10    0.00000E+00    0.00000E+00    0.00000E+00
    0.48150E+07    0.24782E-10    0.89070E-10    0.32591E-10    0.00000E+00    0.00000E+00    0.00000E+00
    0.48200E+07    0.25374E-10    0.91733E-10    0.33336E-10    0.00000E+00    0.00000E+00    0.00000E+00
    0.48250E+07    0.25977E-10    0.94465E-10    0.34093E-10    0.00000E+00    0.00000E+00    0.00000E+00
    0.48300E+07    0.26589E-10    0.97267E-10    0.34860E-10    0.00000E+00    0.00000E+00    0.00000E+00
    0.48350E+07    0.27212E-10    0.10014E-09    0.35638E-10    0.00000E+00    0.00000E+00    0.00000E+00
    0.48400E+07    0.27844E-10    0.10309E-09    0.36427E-10    0.00000E+00    0.00000E+00    0.00000E+00
    0.48450E+07    0.28487E-10    0.10611E-09    0.37226E-10    0.00000E+00    0.00000E+00    0.00000E+00
    0.48500E+07    0.29140E-10    0.10920E-09    0.38036E-10    0.00000E+00    0.00000E+00    0.00000E+00
    0.48550E+07    0.29803E-10    0.11238E-09    0.38855E-10    0.00000E+00    0.00000E+00    0.00000E+00
    0.48600E+07    0.30476E-10    0.11563E-09    0.39686E-10    0.00000E+00    0.00000E+00    0.00000E+00
    0.48650E+07    0.31160E-10    0.11897E-09    0.40526E-10    0.00000E+00    0.00000E+00    0.00000E+00
    0.48700E+07    0.31853E-10    0.12238E-09    0.41376E-10    0.00000E+00    0.00000E+00    0.00000E+00
    0.48750E+07    0.32556E-10    0.12588E-09    0.42235E-10    0.00000E+00    0.00000E+00    0.00000E+00
    0.48800E+07    0.33269E-10    0.12946E-09    0.43104E-10    0.00000E+00    0.00000E+00    0.00000E+00
    0.48850E+07    0.33992E-10    0.13313E-09    0.43982E-10    0.00000E+00    0.00000E+00    0.00000E+00
    0.48900E+07    0.34725E-10    0.13689E-09    0.44869E-10    0.00000E+00    0.00000E+00    0.00000E+00
    0.48950E+07    0.35468E-10    0.14074E-09    0.45765E-10    0.00000E+00    0.00000E+00    0.00000E+00
    0.49000E+07    0.36220E-10    0.14467E-09    0.46669E-10    0.00000E+00    0.00000E+00    0.00000E+00
    0.49050E+07    0.36982E-10    0.14871E-09    0.47582E-10    0.00000E+00    0.00000E+00    0.00000E+00
    0.49100E+07    0.37754E-10    0.15283E-09    0.48502E-10    0.00000E+00    0.00000E+00    0.00000E+00
    0.49150E+07    0.38534E-10    0.15705E-09    0.49430E-10    0.00000E+00    0.00000E+00    0.00000E+00
    0.49200E+07    0.39325E-10    0.16137E-09    0.50365E-10    0.00000E+00    0.00000E+00    0.00000E+00
    0.49250E+07    0.40124E-10    0.16579E-09    0.51306E-10    0.00000E+00    0.00000E+00    0.00000E+00
    0.49300E+07    0.40932E-10    0.17031E-09    0.52255E-10    0.00000E+00    0.00000E+00    0.00000E+00
    0.49350E+07    0.41750E-10    0.17493E-09    0.53209E-10    0.00000E+00    0.00000E+00    0.00000E+00
    0.49400E+07    0.42575E-10    0.17965E-09    0.54169E-10    0.00000E+00    0.00000E+00    0.00000E+00
    0.49450E+07    0.43410E-10    0.18448E-09    0.55134E-10    0.00000E+00    0.00000E+00    0.00000E+00
    0.49500E+07    0.44252E-10    0.18942E-09    0.56104E-10    0.00000E+00    0.00000E+00    0.00000E+00
    0.49550E+07    0.45103E-10    0.19446E-09    0.57078E-10    0.00000E+00    0.00000E+00    0.00000E+00
    0.49600E+07    0.45962E-10    0.19962E-09    0.58056E-10    0.00000E+00    0.00000E+00    0.00000E+00
    0.49650E+07    0.46829E-10    0.20489E-09    0.59037E-10    0.00000E+00    0.00000E+00    0.00000E+00
    0.49700E+07    0.47703E-10    0.21027E-09    0.60020E-10    0.00000E+00    0.00000E+00    0.00000E+00
    0.49750E+07    0.48584E-10    0.21576E-09    0.61006E-10    0.00000E+00    0.00000E+00    0.00000E+00
    0.49800E+07    0.49472E-10    0.22138E-09    0.61994E-10    0.00000E+00    0.00000E+00    0.00000E+00
    0.49850E+07    0.50367E-10    0.22711E-09    0.62981E-10    0.00000E+00    0.00000E+00    0.00000E+00
    0.49900E+07    0.51268E-10    0.23296E-09    0.63970E-10    0.00000E+00    0.00000E+00    0.00000E+00
    0.49950E+07    0.52176E-10    0.23894E-09    0.64958E-10    0.00000E+00    0.00000E+00    0.00000E+00
    0.50000E+07    0.53089E-10    0.24503E-09    0.65944E-10    0.00000E+00    0.00000E+00    0.00000E+00
    0.50050E+07    0.54008E-10    0.25126E-09    0.66929E-10    0.00000E+00    0.00000E+00    0.00000E+00
    0.50100E+07    0.54932E-10    0.25760E-09    0.67911E-10    0.00000E+00    0.00000E+00    0.00000E+00
    0.50150E+07    0.55861E-10    0.26408E-09    0.68889E-10    0.00000E+00    0.00000E+00    0.00000E+00
    0.50200E+07    0.56794E-10    0.27069E-09    0.69864E-10    0.00000E+00    0.00000E+00    0.00000E+00
    0.50250E+07    0.57731E-10    0.27742E-09    0.70834E-10    0.00000E+00    0.00000E+00    0.00000E+00
    0.50300E+07    0.58671E-10    0.28429E-09    0.71797E-10    0.00000E+00    0.00000E+00    0.00000E+00
    0.50350E+07    0.59615E-10    0.29129E-09    0.72754E-10    0.00000E+00    0.00000E+00    0.00000E+00
    0.50400E+07    0.60562E-10    0.29843E-09    0.73703E-10    0.00000E+00    0.00000E+00    0.00000E+00
    0.50450E+07    0.61511E-10    0.30571E-09    0.74643E-10    0.00000E+00    0.00000E+00    0.00000E+00
    0.50500E+07    0.62462E-10    0.31312E-09    0.75575E-10    0.00000E+00    0.00000E+00    0.00000E+00
    0.50550E+07    0.63415E-10    0.32067E-09    0.76495E-10    0.00000E+00    0.00000E+00    0.00000E+00
    0.50600E+07    0.64368E-10    0.32837E-09    0.77404E-10    0.00000E+00    0.00000E+00    0.00000E+00
    0.50650E+07    0.65321E-10    0.33620E-09    0.78300E-10    0.00000E+00    0.00000E+00    0.00000E+00
    0.50700E+07    0.66275E-10    0.34418E-09    0.79182E-10    0.00000E+00    0.00000E+00    0.00000E+00
    0.50750E+07    0.67228E-10    0.35230E-09    0.80050E-10    0.00000E+00    0.00000E+00    0.00000E+00
    0.50800E+07    0.68179E-10    0.36057E-09    0.80902E-10    0.00000E+00    0.00000E+00    0.00000E+00
    0.50850E+07    0.69129E-10    0.36899E-09    0.81736E-10    0.00000E+00    0.00000E+00    0.00000E+00
    0.50900E+07    0.70076E-10    0.37756E-09    0.82553E-10    0.00000E+00    0.00000E+00    0.00000E+00
    0.50950E+07    0.71022E-10    0.38627E-09    0.83349E-10    0.00000E+00    0.00000E+00    0.00000E+00
    0.51000E+07    0.71962E-10    0.39514E-09    0.84125E-10    0.00000E+00    0.00000E+00    0.00000E+00
    0.51050E+07    0.72899E-10    0.40415E-09    0.84878E-10    0.00000E+00    0.00000E+00    0.00000E+00
    0.51100E+07    0.73831E-10    0.41332E-09    0.85610E-10    0.00000E+00    0.00000E+00    0.00000E+00
    0.51150E+07    0.74758E-10    0.42264E-09    0.86315E-10    0.00000E+00    0.00000E+00    0.00000E+00
    0.51200E+07    0.75677E-10    0.43212E-09    0.86996E-10    0.00000E+00    0.00000E+00    0.00000E+00
    0.51250E+07    0.76591E-10    0.44175E-09    0.87648E-10    0.00000E+00    0.00000E+00    0.00000E+00
    0.51300E+07    0.77497E-10    0.45154E-09    0.88272E-10    0.00000E+00    0.00000E+00    0.00000E+00
    0.51350E+07    0.78394E-10    0.46148E-09    0.88866E-10    0.00000E+00    0.00000E+00    0.00000E+00
    0.51400E+07    0.79283E-10    0.47158E-09    0.89428E-10    0.00000E+00    0.00000E+00    0.00000E+00
    0.51450E+07    0.80162E-10    0.48184E-09    0.89957E-10    0.00000E+00    0.00000E+00    0.00000E+00
    0.51500E+07    0.81030E-10    0.49226E-09    0.90451E-10    0.00000E+00    0.00000E+00    0.00000E+00
    0.51550E+07    0.81887E-10    0.50283E-09    0.90910E-10    0.00000E+00    0.00000E+00    0.00000E+00
    0.51600E+07    0.82732E-10    0.51357E-09    0.91330E-10    0.00000E+00    0.00000E+00    0.00000E+00
    0.51650E+07    0.83564E-10    0.52446E-09    0.91710E-10    0.00000E+00    0.00000E+00    0.00000E+00
    0.51700E+07    0.84383E-10    0.53551E-09    0.92052E-10    0.00000E+00    0.00000E+00    0.00000E+00
    0.51750E+07    0.85187E-10    0.54673E-09    0.92349E-10    0.00000E+00    0.00000E+00    0.00000E+00
    0.51800E+07    0.85975E-10    0.55810E-09    0.92603E-10    0.00000E+00    0.00000E+00    0.00000E+00
    0.51850E+07    0.86749E-10    0.56963E-09    0.92810E-10    0.00000E+00    0.00000E+00    0.00000E+00
    0.51900E+07    0.87504E-10    0.58132E-09    0.92971E-10    0.00000E+00    0.00000E+00    0.00000E+00
    0.51950E+07    0.88242E-10    0.59317E-09    0.93083E-10    0.00000E+00    0.00000E+00    0.00000E+00
    0.52000E+07    0.88961E-10    0.60518E-09    0.93143E-10    0.00000E+00    0.00000E+00    0.00000E+00
    0.52050E+07    0.89661E-10    0.61735E-09    0.93150E-10    0.00000E+00    0.00000E+00    0.00000E+00
    0.52100E+07    0.90340E-10    0.62968E-09    0.93104E-10    0.00000E+00    0.00000E+00    0.00000E+00
    0.52150E+07    0.90998E-10    0.64216E-09    0.93001E-10    0.00000E+00    0.00000E+00    0.00000E+00
    0.52200E+07    0.91634E-10    0.65480E-09    0.92841E-10    0.00000E+00    0.00000E+00    0.00000E+00
    0.52250E+07    0.92248E-10    0.66760E-09    0.92620E-10    0.00000E+00    0.00000E+00    0.00000E+00
    0.52300E+07    0.92836E-10    0.68056E-09    0.92340E-10    0.00000E+00    0.00000E+00    0.00000E+00
    0.52350E+07    0.93401E-10    0.69366E-09    0.91995E-10    0.00000E+00    0.00000E+00    0.00000E+00
    0.52400E+07    0.93939E-10    0.70692E-09    0.91586E-10    0.00000E+00    0.00000E+00    0.00000E+00
    0.52450E+07    0.94451E-10    0.72034E-09    0.91109E-10    0.00000E+00    0.00000E+00    0.00000E+00
    0.52500E+07    0.94935E-10    0.73390E-09    0.90565E-10    0.00000E+00    0.00000E+00    0.00000E+00
    0.52550E+07    0.95391E-10    0.74761E-09    0.89950E-10    0.00000E+00    0.00000E+00    0.00000E+00
    0.52600E+07    0.95818E-10    0.76148E-09    0.89263E-10    0.00000E+00    0.00000E+00    0.00000E+00
    0.52650E+07    0.96216E-10    0.77548E-09    0.88501E-10    0.00000E+00    0.00000E+00    0.00000E+00
    0.52700E+07    0.96581E-10    0.78963E-09    0.87665E-10    0.00000E+00    0.00000E+00    0.00000E+00
    0.52750E+07    0.96915E-10    0.80393E-09    0.86749E-10    0.00000E+00    0.00000E+00    0.00000E+00
    0.52800E+07    0.97216E-10    0.81836E-09    0.85756E-10    0.00000E+00    0.00000E+00    0.00000E+00
    0.52850E+07    0.97484E-10    0.83294E-09    0.84682E-10    0.00000E+00    0.00000E+00    0.00000E+00
    0.52900E+07    0.97717E-10    0.84765E-09    0.83525E-10    0.00000E+00    0.00000E+00    0.00000E+00
    0.52950E+07    0.97915E-10    0.86249E-09    0.82283E-10    0.00000E+00    0.00000E+00    0.00000E+00
    0.53000E+07    0.98077E-10    0.87746E-09    0.80956E-10    0.00000E+00    0.00000E+00    0.00000E+00
    0.53050E+07    0.98202E-10    0.89256E-09    0.79540E-10    0.00000E+00    0.00000E+00    0.00000E+00
    0.53100E+07    0.98290E-10    0.90779E-09    0.78035E-10    0.00000E+00    0.00000E+00    0.00000E+00
    0.53150E+07    0.98339E-10    0.92314E-09    0.76439E-10    0.00000E+00    0.00000E+00    0.00000E+00
    0.53200E+07    0.98348E-10    0.93861E-09    0.74751E-10    0.00000E+00    0.00000E+00    0.00000E+00
    0.53250E+07    0.98319E-10    0.95419E-09    0.72965E-10    0.00000E+00    0.00000E+00    0.00000E+00
    0.53300E+07    0.98248E-10    0.96989E-09    0.71087E-10    0.00000E+00    0.00000E+00    0.00000E+00
    0.53350E+07    0.98137E-10    0.98569E-09    0.69109E-10    0.00000E+00    0.00000E+00    0.00000E+00
    0.53400E+07    0.97983E-10    0.10016E-08    0.67036E-10    0.00000E+00    0.00000E+00    0.00000E+00
    0.53450E+07    0.97787E-10    0.10176E-08    0.64860E-10    0.00000E+00    0.00000E+00    0.00000E+00
    0.53500E+07    0.97548E-10    0.10337E-08    0.62583E-10    0.00000E+00    0.00000E+00    0.00000E+00
    0.53550E+07    0.97266E-10    0.10499E-08    0.60204E-10    0.00000E+00    0.00000E+00    0.00000E+00
    0.53600E+07    0.96939E-10    0.10662E-08    0.57719E-10    0.00000E+00    0.00000E+00    0.00000E+00
    0.53650E+07    0.96568E-10    0.10826E-08    0.55129E-10    0.00000E+00    0.00000E+00    0.00000E+00
    0.53700E+07    0.96151E-10    0.10991E-08    0.52433E-10    0.00000E+00    0.00000E+00    0.00000E+00
    0.53750E+07    0.95690E-10    0.11156E-08    0.49627E-10    0.00000E+00    0.00000E+00    0.00000E+00
    0.53800E+07    0.95182E-10    0.11322E-08    0.46716E-10    0.00000E+00    0.00000E+00    0.00000E+00
    0.53850E+07    0.94628E-10    0.11489E-08    0.43693E-10    0.00000E+00    0.00000E+00    0.00000E+00
    0.53900E+07    0.94028E-10    0.11656E-08    0.40561E-10    0.00000E+00    0.00000E+00    0.00000E+00
    0.53950E+07    0.93381E-10    0.11824E-08    0.37314E-10    0.00000E+00    0.00000E+00    0.00000E+00
    0.54000E+07    0.92687E-10    0.11992E-08    0.33960E-10    0.00000E+00    0.00000E+00    0.00000E+00
    0.54050E+07    0.91947E-10    0.12160E-08    0.30490E-10    0.00000E+00    0.00000E+00    0.00000E+00
    0.54100E+07    0.91159E-10    0.12330E-08    0.26908E-10    0.00000E+00    0.00000E+00    0.00000E+00
    0.54150E+07    0.90324E-10    0.12499E-08    0.23212E-10    0.00000E+00    0.00000E+00    0.00000E+00
    0.54200E+07    0.89443E-10    0.12668E-08    0.19401E-10    0.00000E+00    0.00000E+00    0.00000E+00
    0.54250E+07    0.88515E-10    0.12838E-08    0.15476E-10    0.00000E+00    0.00000E+00    0.00000E+00
    0.54300E+07    0.87539E-10    0.13008E-08    0.11437E-10    0.00000E+00    0.00000E+00    0.00000E+00
    0.54350E+07    0.86518E-10    0.13178E-08    0.72802E-11    0.00000E+00    0.00000E+00    0.00000E+00
    0.54400E+07    0.85449E-10    0.13348E-08    0.30138E-11    0.00000E+00    0.00000E+00    0.00000E+00
    0.54450E+07    0.84336E-10    0.13518E-08   -0.13705E-11    0.00000E+00    0.00000E+00    0.00000E+00
    0.54500E+07    0.83176E-10    0.13687E-08   -0.58670E-11    0.00000E+00    0.00000E+00    0.00000E+00
    0.54550E+07    0.81973E-10    0.13857E-08   -0.10481E-10    0.00000E+00    0.00000E+00    0.00000E+00
    0.54600E+07    0.80724E-10    0.14026E-08   -0.15206E-10    0.00000E+00    0.00000E+00    0.00000E+00
    0.54650E+07    0.79433E-10    0.14194E-08   -0.20044E-10    0.00000E+00    0.00000E+00    0.00000E+00
    0.54700E+07    0.78098E-10    0.14363E-08   -0.24993E-10    0.00000E+00    0.00000E+00    0.00000E+00
    0.54750E+07    0.76721E-10    0.14530E-08   -0.30056E-10    0.00000E+00    0.00000E+00    0.00000E+00
    0.54800E+07    0.75303E-10    0.14697E-08   -0.35227E-10    0.00000E+00    0.00000E+00    0.00000E+00
    0.54850E+07    0.73845E-10    0.14864E-08   -0.40507E-10    0.00000E+00    0.00000E+00    0.00000E+00
    0.54900E+07    0.72348E-10    0.15029E-08   -0.45896E-10    0.00000E+00    0.00000E+00    0.00000E+00
    0.54950E+07    0.70813E-10    0.15194E-08   -0.51392E-10    0.00000E+00    0.00000E+00    0.00000E+00
    0.55000E+07    0.69241E-10    0.15357E-08   -0.56990E-10    0.00000E+00    0.00000E+00    0.00000E+00
    0.55050E+07    0.67634E-10    0.15520E-08   -0.62691E-10    0.00000E+00    0.00000E+00    0.00000E+00
    0.55100E+07    0.65993E-10    0.15681E-08   -0.68495E-10    0.00000E+00    0.00000E+00    0.00000E+00
    0.55150E+07    0.64320E-10    0.15842E-08   -0.74401E-10    0.00000E+00    0.00000E+00    0.00000E+00
    0.55200E+07    0.62616E-10    0.16000E-08   -0.80398E-10    0.00000E+00    0.00000E+00    0.00000E+00
    0.55250E+07    0.60884E-10    0.16158E-08   -0.86493E-10    0.00000E+00    0.00000E+00    0.00000E+00
    0.55300E+07    0.59123E-10    0.16314E-08   -0.92673E-10    0.00000E+00    0.00000E+00    0.00000E+00
    0.55350E+07    0.57338E-10    0.16468E-08   -0.98947E-10    0.00000E+00    0.00000E+00    0.00000E+00
    0.55400E+07    0.55530E-10    0.16621E-08   -0.10531E-09    0.00000E+00    0.00000E+00    0.00000E+00
    0.55450E+07    0.53701E-10    0.16771E-08   -0.11175E-09    0.00000E+00    0.00000E+00    0.00000E+00
    0.55500E+07    0.51853E-10    0.16920E-08   -0.11828E-09    0.00000E+00    0.00000E+00    0.00000E+00
    0.55550E+07    0.49989E-10    0.17067E-08   -0.12487E-09    0.00000E+00    0.00000E+00    0.00000E+00
    0.55600E+07    0.48111E-10    0.17212E-08   -0.13154E-09    0.00000E+00    0.00000E+00    0.00000E+00
    0.55650E+07    0.46222E-10    0.17354E-08   -0.13829E-09    0.00000E+00    0.00000E+00    0.00000E+00
    0.55700E+07    0.44324E-10    0.17495E-08   -0.14509E-09    0.00000E+00    0.00000E+00    0.00000E+00
    0.55750E+07    0.42437E-10    0.17632E-08   -0.15246E-09    0.00000E+00    0.00000E+00    0.00000E+00
    0.55800E+07    0.40540E-10    0.17766E-08   -0.15990E-09    0.00000E+00    0.00000E+00    0.00000E+00
    0.55800E+07    0.40540E-10    0.17766E-08   -0.15990E-09    0.00000E+00    0.00000E+00    0.00000E+00
    0.55850E+07    0.38742E-10    0.17871E-08   -0.16910E-09    0.00000E+00    0.00000E+00    0.00000E+00
    0.55900E+07    0.36914E-10    0.17974E-08   -0.17841E-09    0.00000E+00    0.00000E+00    0.00000E+00
    0.55950E+07    0.35062E-10    0.18073E-08   -0.18782E-09    0.00000E+00    0.00000E+00    0.00000E+00
    0.56000E+07    0.33191E-10    0.18169E-08   -0.19730E-09    0.00000E+00    0.00000E+00    0.00000E+00
    0.56050E+07    0.31306E-10    0.18262E-08   -0.20687E-09    0.00000E+00    0.00000E+00    0.00000E+00
    0.56100E+07    0.29412E-10    0.18352E-08   -0.21651E-09    0.00000E+00    0.00000E+00    0.00000E+00
    0.56150E+07    0.27516E-10    0.18438E-08   -0.22621E-09    0.00000E+00    0.00000E+00    0.00000E+00
    0.56200E+07    0.25623E-10    0.18520E-08   -0.23596E-09    0.00000E+00    0.00000E+00    0.00000E+00
    0.56250E+07    0.23741E-10    0.18599E-08   -0.24576E-09    0.00000E+00    0.00000E+00    0.00000E+00
    0.56300E+07    0.21876E-10    0.18674E-08   -0.25558E-09    0.00000E+00    0.00000E+00    0.00000E+00
    0.56350E+07    0.20034E-10    0.18744E-08   -0.26543E-09    0.00000E+00    0.00000E+00    0.00000E+00
    0.56400E+07    0.18224E-10    0.18810E-08   -0.27528E-09    0.00000E+00    0.00000E+00    0.00000E+00
    0.56450E+07    0.16452E-10    0.18872E-08   -0.28512E-09    0.00000E+00    0.00000E+00    0.00000E+00
    0.56500E+07    0.14728E-10    0.18930E-08   -0.29496E-09    0.00000E+00    0.00000E+00    0.00000E+00
    0.56550E+07    0.13058E-10    0.18983E-08   -0.30476E-09    0.00000E+00    0.00000E+00    0.00000E+00
    0.56600E+07    0.11452E-10    0.19031E-08   -0.31452E-09    0.00000E+00    0.00000E+00    0.00000E+00
    0.56650E+07    0.99185E-11    0.19074E-08   -0.32423E-09    0.00000E+00    0.00000E+00    0.00000E+00
    0.56700E+07    0.84664E-11    0.19112E-08   -0.33386E-09    0.00000E+00    0.00000E+00    0.00000E+00
    0.56750E+07    0.71052E-11    0.19145E-08   -0.34341E-09    0.00000E+00    0.00000E+00    0.00000E+00
    0.56800E+07    0.58445E-11    0.19172E-08   -0.35285E-09    0.00000E+00    0.00000E+00    0.00000E+00
    0.56850E+07    0.46943E-11    0.19195E-08   -0.36218E-09    0.00000E+00    0.00000E+00    0.00000E+00
    0.56900E+07    0.36646E-11    0.19211E-08   -0.37138E-09    0.00000E+00    0.00000E+00    0.00000E+00
    0.56950E+07    0.27660E-11    0.19222E-08   -0.38044E-09    0.00000E+00    0.00000E+00    0.00000E+00
    0.57000E+07    0.20091E-11    0.19227E-08   -0.38933E-09    0.00000E+00    0.00000E+00    0.00000E+00
    0.57050E+07    0.14049E-11    0.19227E-08   -0.39803E-09    0.00000E+00    0.00000E+00    0.00000E+00
    0.57100E+07    0.96450E-12    0.19220E-08   -0.40654E-09    0.00000E+00    0.00000E+00    0.00000E+00
    0.57149E+07    0.70167E-12    0.19207E-08   -0.41471E-09    0.00000E+00    0.00000E+00    0.00000E+00
    0.57199E+07    0.62041E-12    0.19188E-08   -0.42266E-09    0.00000E+00    0.00000E+00    0.00000E+00
    0.57199E+07    0.87978E-12    0.16361E-08   -0.65333E-09    0.00000E+00    0.00000E+00    0.00000E+00
    0.57200E+07    0.88025E-12    0.16361E-08   -0.65351E-09    0.00000E+00    0.00000E+00    0.00000E+00
    0.57250E+07    0.12033E-11    0.16348E-08   -0.65939E-09    0.00000E+00    0.00000E+00    0.00000E+00
    0.57300E+07    0.21328E-11    0.16326E-08   -0.66446E-09    0.00000E+00    0.00000E+00    0.00000E+00
    0.57350E+07    0.36838E-11    0.16293E-08   -0.66871E-09    0.00000E+00    0.00000E+00    0.00000E+00
    0.57400E+07    0.58707E-11    0.16250E-08   -0.67211E-09    0.00000E+00    0.00000E+00    0.00000E+00
    0.57450E+07    0.87074E-11    0.16198E-08   -0.67463E-09    0.00000E+00    0.00000E+00    0.00000E+00
    0.57500E+07    0.12207E-10    0.16134E-08   -0.67625E-09    0.00000E+00    0.00000E+00    0.00000E+00
    0.57550E+07    0.16382E-10    0.16061E-08   -0.67696E-09    0.00000E+00    0.00000E+00    0.00000E+00
    0.57600E+07    0.21243E-10    0.15978E-08   -0.67673E-09    0.00000E+00    0.00000E+00    0.00000E+00
    0.57650E+07    0.26802E-10    0.15884E-08   -0.67555E-09    0.00000E+00    0.00000E+00    0.00000E+00
    0.57700E+07    0.33069E-10    0.15780E-08   -0.67338E-09    0.00000E+00    0.00000E+00    0.00000E+00
    0.57750E+07    0.40051E-10    0.15667E-08   -0.67023E-09    0.00000E+00    0.00000E+00    0.00000E+00
    0.57800E+07    0.47758E-10    0.15543E-08   -0.66607E-09    0.00000E+00    0.00000E+00    0.00000E+00
    0.57850E+07    0.56196E-10    0.15410E-08   -0.66089E-09    0.00000E+00    0.00000E+00    0.00000E+00
    0.57900E+07    0.65371E-10    0.15267E-08   -0.65467E-09    0.00000E+00    0.00000E+00    0.00000E+00
    0.57950E+07    0.75287E-10    0.15114E-08   -0.64742E-09    0.00000E+00    0.00000E+00    0.00000E+00
    0.58000E+07    0.85949E-10    0.14952E-08   -0.63910E-09    0.00000E+00    0.00000E+00    0.00000E+00
    0.58050E+07    0.97359E-10    0.14780E-08   -0.62973E-09    0.00000E+00    0.00000E+00    0.00000E+00
    0.58100E+07    0.10952E-09    0.14599E-08   -0.61929E-09    0.00000E+00    0.00000E+00    0.00000E+00
    0.58150E+07    0.12242E-09    0.14410E-08   -0.60777E-09    0.00000E+00    0.00000E+00    0.00000E+00
    0.58200E+07    0.13608E-09    0.14211E-08   -0.59518E-09    0.00000E+00    0.00000E+00    0.00000E+00
    0.58250E+07    0.15048E-09    0.14005E-08   -0.58151E-09    0.00000E+00    0.00000E+00    0.00000E+00
    0.58300E+07    0.16562E-09    0.13789E-08   -0.56677E-09    0.00000E+00    0.00000E+00    0.00000E+00
    0.58350E+07    0.18149E-09    0.13566E-08   -0.55096E-09    0.00000E+00    0.00000E+00    0.00000E+00
    0.58400E+07    0.19809E-09    0.13335E-08   -0.53408E-09    0.00000E+00    0.00000E+00    0.00000E+00
    0.58450E+07    0.21541E-09    0.13096E-08   -0.51615E-09    0.00000E+00    0.00000E+00    0.00000E+00
    0.58500E+07    0.23344E-09    0.12851E-08   -0.49716E-09    0.00000E+00    0.00000E+00    0.00000E+00
    0.58550E+07    0.25217E-09    0.12598E-08   -0.47714E-09    0.00000E+00    0.00000E+00    0.00000E+00
    0.58600E+07    0.27158E-09    0.12338E-08   -0.45609E-09    0.00000E+00    0.00000E+00    0.00000E+00
    0.58636E+07    0.28578E-09    0.12150E-08   -0.44053E-09    0.00000E+00    0.00000E+00    0.00000E+00
    0.58636E+07    0.30293E-09    0.11854E-08   -0.45797E-09    0.00000E+00    0.00000E+00    0.00000E+00
    0.58668E+07    0.31791E-09    0.11668E-08   -0.44217E-09    0.00000E+00    0.00000E+00    0.00000E+00
    0.58700E+07    0.33326E-09    0.11479E-08   -0.42585E-09    0.00000E+00    0.00000E+00    0.00000E+00
    0.58750E+07    0.35777E-09    0.11183E-08   -0.39952E-09    0.00000E+00    0.00000E+00    0.00000E+00
    0.58800E+07    0.38311E-09    0.10880E-08   -0.37198E-09    0.00000E+00    0.00000E+00    0.00000E+00
    0.58850E+07    0.40928E-09    0.10573E-08   -0.34324E-09    0.00000E+00    0.00000E+00    0.00000E+00
    0.58900E+07    0.43624E-09    0.10262E-08   -0.31333E-09    0.00000E+00    0.00000E+00    0.00000E+00
    0.58950E+07    0.46398E-09    0.99464E-09   -0.28229E-09    0.00000E+00    0.00000E+00    0.00000E+00
    0.59000E+07    0.49246E-09    0.96273E-09   -0.25014E-09    0.00000E+00    0.00000E+00    0.00000E+00
    0.59050E+07    0.52166E-09    0.93053E-09   -0.21693E-09    0.00000E+00    0.00000E+00    0.00000E+00
    0.59100E+07    0.55155E-09    0.89806E-09   -0.18270E-09    0.00000E+00    0.00000E+00    0.00000E+00
    0.59150E+07    0.58210E-09    0.86538E-09   -0.14749E-09    0.00000E+00    0.00000E+00    0.00000E+00
    0.59200E+07    0.61325E-09    0.83255E-09   -0.11135E-09    0.00000E+00    0.00000E+00    0.00000E+00
    0.59250E+07    0.64498E-09    0.79962E-09   -0.74340E-10    0.00000E+00    0.00000E+00    0.00000E+00
    0.59300E+07    0.67725E-09    0.76664E-09   -0.36507E-10    0.00000E+00    0.00000E+00    0.00000E+00
    0.59350E+07    0.71000E-09    0.73366E-09    0.20844E-11    0.00000E+00    0.00000E+00    0.00000E+00
    0.59400E+07    0.74319E-09    0.70074E-09    0.41368E-10    0.00000E+00    0.00000E+00    0.00000E+00
    0.59450E+07    0.77678E-09    0.66794E-09    0.81282E-10    0.00000E+00    0.00000E+00    0.00000E+00
    0.59500E+07    0.81070E-09    0.63530E-09    0.12175E-09    0.00000E+00    0.00000E+00    0.00000E+00
    0.59529E+07    0.83041E-09    0.61658E-09    0.14532E-09    0.00000E+00    0.00000E+00    0.00000E+00
    0.59558E+07    0.85019E-09    0.59794E-09    0.16904E-09    0.00000E+00    0.00000E+00    0.00000E+00
    0.59558E+07    0.99690E-09    0.55322E-09    0.23432E-09    0.00000E+00    0.00000E+00    0.00000E+00
    0.59600E+07    0.10329E-08    0.52529E-09    0.27641E-09    0.00000E+00    0.00000E+00    0.00000E+00
    0.59650E+07    0.10747E-08    0.49281E-09    0.32614E-09    0.00000E+00    0.00000E+00    0.00000E+00
    0.59700E+07    0.11165E-08    0.46082E-09    0.37591E-09    0.00000E+00    0.00000E+00    0.00000E+00
    0.59750E+07    0.11583E-08    0.42937E-09    0.42557E-09    0.00000E+00    0.00000E+00    0.00000E+00
    0.59800E+07    0.11999E-08    0.39855E-09    0.47502E-09    0.00000E+00    0.00000E+00    0.00000E+00
    0.59850E+07    0.12412E-08    0.36842E-09    0.52411E-09    0.00000E+00    0.00000E+00    0.00000E+00
    0.59900E+07    0.12823E-08    0.33904E-09    0.57271E-09    0.00000E+00    0.00000E+00    0.00000E+00
    0.59950E+07    0.13228E-08    0.31049E-09    0.62067E-09    0.00000E+00    0.00000E+00    0.00000E+00
    0.60000E+07    0.13628E-08    0.28282E-09    0.66786E-09    0.00000E+00    0.00000E+00    0.00000E+00
    0.60050E+07    0.14021E-08    0.25611E-09    0.71413E-09    0.00000E+00    0.00000E+00    0.00000E+00
    0.60100E+07    0.14406E-08    0.23043E-09    0.75933E-09    0.00000E+00    0.00000E+00    0.00000E+00
    0.60150E+07    0.14783E-08    0.20582E-09    0.80331E-09    0.00000E+00    0.00000E+00    0.00000E+00
    0.60200E+07    0.15149E-08    0.18235E-09    0.84594E-09    0.00000E+00    0.00000E+00    0.00000E+00
    0.60250E+07    0.15505E-08    0.16009E-09    0.88706E-09    0.00000E+00    0.00000E+00    0.00000E+00
    0.60300E+07    0.15848E-08    0.13908E-09    0.92652E-09    0.00000E+00    0.00000E+00    0.00000E+00
    0.60350E+07    0.16178E-08    0.11938E-09    0.96417E-09    0.00000E+00    0.00000E+00    0.00000E+00
    0.60400E+07    0.16494E-08    0.10103E-09    0.99988E-09    0.00000E+00    0.00000E+00    0.00000E+00
    0.60450E+07    0.16794E-08    0.84097E-10    0.10335E-08    0.00000E+00    0.00000E+00    0.00000E+00
    0.60500E+07    0.17078E-08    0.68614E-10    0.10648E-08    0.00000E+00    0.00000E+00    0.00000E+00
    0.60550E+07    0.17344E-08    0.54626E-10    0.10938E-08    0.00000E+00    0.00000E+00    0.00000E+00
    0.60600E+07    0.17591E-08    0.42171E-10    0.11203E-08    0.00000E+00    0.00000E+00    0.00000E+00
    0.60650E+07    0.17819E-08    0.31283E-10    0.11441E-08    0.00000E+00    0.00000E+00    0.00000E+00
    0.60700E+07    0.18026E-08    0.21995E-10    0.11651E-08    0.00000E+00    0.00000E+00    0.00000E+00
    0.60738E+07    0.18200E-08    0.16006E-10    0.11809E-08    0.00000E+00    0.00000E+00    0.00000E+00
    0.60788E+07    0.18369E-08    0.95927E-11    0.11968E-08    0.00000E+00    0.00000E+00    0.00000E+00
    0.60838E+07    0.18514E-08    0.48466E-11    0.12095E-08    0.00000E+00    0.00000E+00    0.00000E+00
    0.60888E+07    0.18635E-08    0.17826E-11    0.12190E-08    0.00000E+00    0.00000E+00    0.00000E+00
    0.60938E+07    0.18731E-08    0.41186E-12    0.12252E-08    0.00000E+00    0.00000E+00    0.00000E+00
    0.60988E+07    0.18801E-08    0.74071E-12    0.12280E-08    0.00000E+00    0.00000E+00    0.00000E+00
    0.61038E+07    0.18845E-08    0.27708E-11    0.12272E-08    0.00000E+00    0.00000E+00    0.00000E+00
    0.61088E+07    0.18862E-08    0.64988E-11    0.12229E-08    0.00000E+00    0.00000E+00    0.00000E+00
    0.61138E+07    0.18851E-08    0.11917E-10    0.12149E-08    0.00000E+00    0.00000E+00    0.00000E+00
    0.61188E+07    0.18813E-08    0.19011E-10    0.12033E-08    0.00000E+00    0.00000E+00    0.00000E+00
    0.61238E+07    0.18746E-08    0.27763E-10    0.11878E-08    0.00000E+00    0.00000E+00    0.00000E+00
    0.61288E+07    0.18650E-08    0.38150E-10    0.11686E-08    0.00000E+00    0.00000E+00    0.00000E+00
    0.61338E+07    0.18525E-08    0.50143E-10    0.11456E-08    0.00000E+00    0.00000E+00    0.00000E+00
    0.61388E+07    0.18371E-08    0.63708E-10    0.11188E-08    0.00000E+00    0.00000E+00    0.00000E+00
    0.61438E+07    0.18188E-08    0.78805E-10    0.10882E-08    0.00000E+00    0.00000E+00    0.00000E+00
    0.61488E+07    0.17976E-08    0.95391E-10    0.10538E-08    0.00000E+00    0.00000E+00    0.00000E+00
    0.61538E+07    0.17736E-08    0.11342E-09    0.10157E-08    0.00000E+00    0.00000E+00    0.00000E+00
    0.61588E+07    0.17466E-08    0.13282E-09    0.97380E-09    0.00000E+00    0.00000E+00    0.00000E+00
    0.61638E+07    0.17197E-08    0.15348E-09    0.92938E-09    0.00000E+00    0.00000E+00    0.00000E+00
    0.61688E+07    0.16897E-08    0.17542E-09    0.88115E-09    0.00000E+00    0.00000E+00    0.00000E+00
    0.61738E+07    0.16569E-08    0.19854E-09    0.82932E-09    0.00000E+00    0.00000E+00    0.00000E+00
    0.61788E+07    0.16215E-08    0.22278E-09    0.77403E-09    0.00000E+00    0.00000E+00    0.00000E+00
    0.61838E+07    0.15831E-08    0.24807E-09    0.71522E-09    0.00000E+00    0.00000E+00    0.00000E+00
    0.61888E+07    0.15413E-08    0.27438E-09    0.65283E-09    0.00000E+00    0.00000E+00    0.00000E+00
    0.61938E+07    0.14959E-08    0.30162E-09    0.58697E-09    0.00000E+00    0.00000E+00    0.00000E+00
    0.61988E+07    0.14469E-08    0.32974E-09    0.51781E-09    0.00000E+00    0.00000E+00    0.00000E+00
    0.62038E+07    0.13965E-08    0.35826E-09    0.44765E-09    0.00000E+00    0.00000E+00    0.00000E+00
    0.62088E+07    0.13435E-08    0.38739E-09    0.37485E-09    0.00000E+00    0.00000E+00    0.00000E+00
    0.62138E+07    0.12867E-08    0.41751E-09    0.29779E-09    0.00000E+00    0.00000E+00    0.00000E+00
    0.62188E+07    0.12276E-08    0.44812E-09    0.21874E-09    0.00000E+00    0.00000E+00    0.00000E+00
    0.62238E+07    0.11668E-08    0.47909E-09    0.13812E-09    0.00000E+00    0.00000E+00    0.00000E+00
    0.62288E+07    0.11048E-08    0.51031E-09    0.56336E-10    0.00000E+00    0.00000E+00    0.00000E+00
    0.62338E+07    0.10418E-08    0.54166E-09   -0.26259E-10    0.00000E+00    0.00000E+00    0.00000E+00
    0.62388E+07    0.97834E-09    0.57303E-09   -0.10930E-09    0.00000E+00    0.00000E+00    0.00000E+00
    0.62438E+07    0.91439E-09    0.60437E-09   -0.19245E-09    0.00000E+00    0.00000E+00    0.00000E+00
    0.62488E+07    0.85016E-09    0.63561E-09   -0.27533E-09    0.00000E+00    0.00000E+00    0.00000E+00
    0.62538E+07    0.78593E-09    0.66669E-09   -0.35748E-09    0.00000E+00    0.00000E+00    0.00000E+00
    0.62588E+07    0.72203E-09    0.69756E-09   -0.43845E-09    0.00000E+00    0.00000E+00    0.00000E+00
    0.62638E+07    0.65863E-09    0.72825E-09   -0.51771E-09    0.00000E+00    0.00000E+00    0.00000E+00
    0.62688E+07    0.59600E-09    0.75878E-09   -0.59468E-09    0.00000E+00    0.00000E+00    0.00000E+00
    0.62738E+07    0.53474E-09    0.78912E-09   -0.66875E-09    0.00000E+00    0.00000E+00    0.00000E+00
    0.62788E+07    0.47539E-09    0.81922E-09   -0.73932E-09    0.00000E+00    0.00000E+00    0.00000E+00
    0.62838E+07    0.41872E-09    0.84889E-09   -0.80594E-09    0.00000E+00    0.00000E+00    0.00000E+00
    0.62888E+07    0.36528E-09    0.87795E-09   -0.86830E-09    0.00000E+00    0.00000E+00    0.00000E+00
    0.62938E+07    0.31550E-09    0.90621E-09   -0.92621E-09    0.00000E+00    0.00000E+00    0.00000E+00
    0.62988E+07    0.26963E-09    0.93347E-09   -0.97961E-09    0.00000E+00    0.00000E+00    0.00000E+00
    0.63038E+07    0.22678E-09    0.96349E-09   -0.10298E-08    0.00000E+00    0.00000E+00    0.00000E+00
    0.63088E+07    0.18816E-09    0.99221E-09   -0.10753E-08    0.00000E+00    0.00000E+00    0.00000E+00
    0.63138E+07    0.15448E-09    0.10150E-08   -0.11156E-08    0.00000E+00    0.00000E+00    0.00000E+00
    0.63188E+07    0.12469E-09    0.10357E-08   -0.11524E-08    0.00000E+00    0.00000E+00    0.00000E+00
    0.63238E+07    0.98578E-10    0.10543E-08   -0.11860E-08    0.00000E+00    0.00000E+00    0.00000E+00
    0.63288E+07    0.75772E-10    0.10707E-08   -0.12166E-08    0.00000E+00    0.00000E+00    0.00000E+00
    0.63313E+07    0.66209E-10    0.10961E-08   -0.12057E-08    0.00000E+00    0.00000E+00    0.00000E+00
    0.63326E+07    0.61466E-10    0.10997E-08   -0.12123E-08    0.00000E+00    0.00000E+00    0.00000E+00
    0.63332E+07    0.59162E-10    0.11015E-08   -0.12154E-08    0.00000E+00    0.00000E+00    0.00000E+00
    0.63344E+07    0.54958E-10    0.11047E-08   -0.12213E-08    0.00000E+00    0.00000E+00    0.00000E+00
    0.63354E+07    0.51170E-10    0.11077E-08   -0.12266E-08    0.00000E+00    0.00000E+00    0.00000E+00
    0.63360E+07    0.49328E-10    0.11091E-08   -0.12292E-08    0.00000E+00    0.00000E+00    0.00000E+00
    0.63379E+07    0.43373E-10    0.11139E-08   -0.12376E-08    0.00000E+00    0.00000E+00    0.00000E+00
    0.63397E+07    0.37815E-10    0.11184E-08   -0.12456E-08    0.00000E+00    0.00000E+00    0.00000E+00
    0.63416E+07    0.32651E-10    0.11227E-08   -0.12531E-08    0.00000E+00    0.00000E+00    0.00000E+00
    0.63434E+07    0.27875E-10    0.11268E-08   -0.12600E-08    0.00000E+00    0.00000E+00    0.00000E+00
    0.63453E+07    0.23485E-10    0.11307E-08   -0.12664E-08    0.00000E+00    0.00000E+00    0.00000E+00
    0.63471E+07    0.19485E-10    0.11343E-08   -0.12724E-08    0.00000E+00    0.00000E+00    0.00000E+00
    0.63508E+07    0.12628E-10    0.11409E-08   -0.12829E-08    0.00000E+00    0.00000E+00    0.00000E+00
    0.63508E+07    0.12628E-10    0.11409E-08   -0.12829E-08    0.00000E+00    0.00000E+00    0.00000E+00
    0.63530E+07    0.92945E-11    0.11444E-08   -0.12881E-08    0.00000E+00    0.00000E+00    0.00000E+00
    0.63552E+07    0.64804E-11    0.11476E-08   -0.12929E-08    0.00000E+00    0.00000E+00    0.00000E+00
    0.63574E+07    0.41852E-11    0.11497E-08   -0.12979E-08    0.00000E+00    0.00000E+00    0.00000E+00
    0.63596E+07    0.23920E-11    0.11512E-08   -0.13027E-08    0.00000E+00    0.00000E+00    0.00000E+00
    0.63596E+07    0.46010E-11    0.89794E-09   -0.15131E-08    0.00000E+00    0.00000E+00    0.00000E+00
    0.63607E+07    0.32683E-11    0.88598E-09   -0.15333E-08    0.00000E+00    0.00000E+00    0.00000E+00
    0.63624E+07    0.15968E-11    0.86782E-09   -0.15627E-08    0.00000E+00    0.00000E+00    0.00000E+00
    0.63640E+07    0.45907E-12    0.84937E-09   -0.15908E-08    0.00000E+00    0.00000E+00    0.00000E+00
    0.63656E+07    0.11805E-13    0.59237E-09   -0.18698E-08    0.00000E+00    0.00000E+00    0.00000E+00
    0.63656E+07    0.24711E-10    0.27477E-10   -0.21267E-08    0.00000E+00    0.00000E+00    0.00000E+00
    0.63658E+07    0.26417E-27    0.27506E-10   -0.21312E-08    0.00000E+00    0.00000E+00    0.00000E+00
    0.63658E+07    0.00000E+00    0.00000E+00    0.00000E+00    0.00000E+00    0.00000E+00    0.00000E+00
    0.63671E+07    0.00000E+00    0.00000E+00    0.00000E+00    0.00000E+00    0.00000E+00    0.00000E+00
    0.63684E+07    0.00000E+00    0.00000E+00    0.00000E+00    0.00000E+00    0.00000E+00    0.00000E+00
    0.63697E+07    0.00000E+00    0.00000E+00    0.00000E+00    0.00000E+00    0.00000E+00    0.00000E+00
    0.63710E+07    0.00000E+00    0.00000E+00    0.00000E+00    0.00000E+00    0.00000E+00    0.00000E+00
