    0.34800E+07    0.00000E+00    0.00000E+00    0.00000E+00    0.00000E+00    0.00000E+00    0.00000E+00
    0.34850E+07    0.00000E+00    0.00000E+00    0.00000E+00    0.00000E+00    0.00000E+00    0.00000E+00
    0.34900E+07    0.00000E+00    0.00000E+00    0.00000E+00    0.00000E+00    0.00000E+00    0.00000E+00
    0.34950E+07    0.00000E+00    0.00000E+00    0.00000E+00    0.00000E+00    0.00000E+00    0.00000E+00
    0.35000E+07    0.00000E+00    0.00000E+00    0.00000E+00    0.00000E+00    0.00000E+00    0.00000E+00
    0.35050E+07    0.00000E+00    0.00000E+00    0.00000E+00    0.00000E+00    0.00000E+00    0.00000E+00
    0.35100E+07    0.00000E+00    0.00000E+00    0.00000E+00    0.00000E+00    0.00000E+00    0.00000E+00
    0.35150E+07    0.00000E+00    0.00000E+00    0.00000E+00    0.00000E+00    0.00000E+00    0.00000E+00
    0.35200E+07    0.00000E+00    0.00000E+00    0.00000E+00    0.00000E+00    0.00000E+00    0.00000E+00
    0.35250E+07    0.00000E+00    0.00000E+00    0.00000E+00    0.00000E+00    0.00000E+00    0.00000E+00
    0.35300E+07    0.00000E+00    0.00000E+00    0.00000E+00    0.00000E+00    0.00000E+00    0.00000E+00
    0.35350E+07    0.00000E+00    0.00000E+00    0.00000E+00    0.00000E+00    0.00000E+00    0.00000E+00
    0.35400E+07    0.00000E+00    0.00000E+00    0.00000E+00    0.00000E+00    0.00000E+00    0.00000E+00
    0.35450E+07    0.00000E+00    0.00000E+00    0.00000E+00    0.00000E+00    0.00000E+00    0.00000E+00
    0.35500E+07    0.00000E+00    0.00000E+00    0.00000E+00    0.00000E+00    0.00000E+00    0.00000E+00
    0.35550E+07    0.00000E+00    0.00000E+00    0.00000E+00    0.00000E+00    0.00000E+00    0.00000E+00
    0.35600E+07    0.00000E+00    0.00000E+00    0.00000E+00    0.00000E+00    0.00000E+00    0.00000E+00
    0.35650E+07    0.00000E+00    0.00000E+00    0.00000E+00    0.00000E+00    0.00000E+00    0.00000E+00
    0.35700E+07    0.00000E+00    0.00000E+00    0.00000E+00    0.00000E+00    0.00000E+00    0.00000E+00
    0.35750E+07    0.00000E+00    0.00000E+00    0.00000E+00    0.00000E+00    0.00000E+00    0.00000E+00
    0.35800E+07    0.00000E+00    0.00000E+00    0.00000E+00    0.00000E+00    0.00000E+00    0.00000E+00
    0.35850E+07    0.00000E+00    0.00000E+00    0.00000E+00    0.00000E+00    0.00000E+00    0.00000E+00
    0.35900E+07    0.00000E+00    0.00000E+00    0.00000E+00    0.00000E+00    0.00000E+00    0.00000E+00
    0.35950E+07    0.00000E+00    0.00000E+00    0.00000E+00    0.00000E+00    0.00000E+00    0.00000E+00
    0.36000E+07    0.00000E+00    0.00000E+00    0.00000E+00    0.00000E+00    0.00000E+00    0.00000E+00
    0.36050E+07    0.00000E+00    0.00000E+00    0.00000E+00    0.00000E+00    0.00000E+00    0.00000E+00
    0.36100E+07    0.00000E+00    0.00000E+00    0.00000E+00    0.00000E+00    0.00000E+00    0.00000E+00
    0.36150E+07    0.00000E+00    0.00000E+00    0.00000E+00    0.00000E+00    0.00000E+00    0.00000E+00
    0.36200E+07    0.00000E+00    0.00000E+00    0.00000E+00    0.00000E+00    0.00000E+00    0.00000E+00
    0.36250E+07    0.00000E+00    0.00000E+00    0.00000E+00    0.00000E+00    0.00000E+00    0.00000E+00
    0.36300E+07    0.00000E+00    0.00000E+00    0.00000E+00    0.00000E+00    0.00000E+00    0.00000E+00
    0.36300E+07    0.00000E+00    0.00000E+00    0.00000E+00    0.00000E+00    0.00000E+00    0.00000E+00
    0.36350E+07    0.00000E+00    0.00000E+00    0.00000E+00    0.00000E+00    0.00000E+00    0.00000E+00
    0.36400E+07    0.00000E+00    0.00000E+00    0.00000E+00    0.00000E+00    0.00000E+00    0.00000E+00
    0.36450E+07    0.00000E+00    0.00000E+00    0.00000E+00    0.00000E+00    0.00000E+00    0.00000E+00
    0.36500E+07    0.00000E+00    0.00000E+00    0.00000E+00    0.00000E+00    0.00000E+00    0.00000E+00
    0.36550E+07    0.00000E+00    0.00000E+00    0.00000E+00    0.00000E+00    0.00000E+00    0.00000E+00
    0.36600E+07    0.00000E+00    0.00000E+00    0.00000E+00    0.00000E+00    0.00000E+00    0.00000E+00
    0.36650E+07    0.00000E+00    0.00000E+00    0.00000E+00    0.00000E+00    0.00000E+00    0.00000E+00
    0.36700E+07    0.00000E+00    0.00000E+00    0.00000E+00    0.00000E+00    0.00000E+00    0.00000E+00
    0.36750E+07    0.00000E+00    0.00000E+00    0.00000E+00    0.00000E+00    0.00000E+00    0.00000E+00
    0.36800E+07    0.00000E+00    0.00000E+00    0.00000E+00    0.00000E+00    0.00000E+00    0.00000E+00
    0.36850E+07    0.00000E+00    0.00000E+00    0.00000E+00    0.00000E+00    0.00000E+00    0.00000E+00
    0.36900E+07    0.00000E+00    0.00000E+00    0.00000E+00    0.00000E+00    0.00000E+00    0.00000E+00
    0.36950E+07    0.00000E+00    0.00000E+00    0.00000E+00    0.00000E+00    0.00000E+00    0.00000E+00
    0.37000E+07    0.00000E+00    0.00000E+00    0.00000E+00    0.00000E+00    0.00000E+00    0.00000E+00
    0.37050E+07    0.00000E+00    0.00000E+00    0.00000E+00    0.00000E+00    0.00000E+00    0.00000E+00
    0.37100E+07    0.00000E+00    0.00000E+00    0.00000E+00    0.00000E+00    0.00000E+00    0.00000E+00
    0.37150E+07    0.00000E+00    0.00000E+00    0.00000E+00    0.00000E+00    0.00000E+00    0.00000E+00
    0.37200E+07    0.00000E+00    0.00000E+00    0.00000E+00    0.00000E+00    0.00000E+00    0.00000E+00
    0.37250E+07    0.00000E+00    0.00000E+00    0.00000E+00    0.00000E+00    0.00000E+00    0.00000E+00
    0.37300E+07    0.00000E+00    0.00000E+00    0.00000E+00    0.00000E+00    0.00000E+00    0.00000E+00
    0.37350E+07    0.00000E+00    0.00000E+00    0.00000E+00    0.00000E+00    0.00000E+00    0.00000E+00
    0.37400E+07    0.00000E+00    0.00000E+00    0.00000E+00    0.00000E+00    0.00000E+00    0.00000E+00
    0.37450E+07    0.00000E+00    0.00000E+00    0.00000E+00    0.00000E+00    0.00000E+00    0.00000E+00
    0.37500E+07    0.00000E+00    0.00000E+00    0.00000E+00    0.00000E+00    0.00000E+00    0.00000E+00
    0.37550E+07    0.00000E+00    0.00000E+00    0.00000E+00    0.00000E+00    0.00000E+00    0.00000E+00
    0.37600E+07    0.00000E+00    0.00000E+00    0.00000E+00    0.00000E+00    0.00000E+00    0.00000E+00
    0.37650E+07    0.00000E+00    0.00000E+00    0.00000E+00    0.00000E+00    0.00000E+00    0.00000E+00
    0.37700E+07    0.00000E+00    0.00000E+00    0.00000E+00    0.00000E+00    0.00000E+00    0.00000E+00
    0.37750E+07    0.00000E+00    0.00000E+00    0.00000E+00    0.00000E+00    0.00000E+00    0.00000E+00
    0.37800E+07    0.00000E+00    0.00000E+00    0.00000E+00    0.00000E+00    0.00000E+00    0.00000E+00
    0.37850E+07    0.00000E+00    0.00000E+00    0.00000E+00    0.00000E+00    0.00000E+00    0.00000E+00
    0.37900E+07    0.00000E+00    0.00000E+00    0.00000E+00    0.00000E+00    0.00000E+00    0.00000E+00
    0.37950E+07    0.00000E+00    0.00000E+00    0.00000E+00    0.00000E+00    0.00000E+00    0.00000E+00
    0.38000E+07    0.00000E+00    0.00000E+00    0.00000E+00    0.00000E+00    0.00000E+00    0.00000E+00
    0.38050E+07    0.00000E+00    0.00000E+00    0.00000E+00    0.00000E+00    0.00000E+00    0.00000E+00
    0.38100E+07    0.00000E+00    0.00000E+00    0.00000E+00    0.00000E+00    0.00000E+00    0.00000E+00
    0.38150E+07    0.00000E+00    0.00000E+00    0.00000E+00    0.00000E+00    0.00000E+00    0.00000E+00
    0.38200E+07    0.00000E+00    0.00000E+00    0.00000E+00    0.00000E+00    0.00000E+00    0.00000E+00
    0.38250E+07    0.00000E+00    0.00000E+00    0.00000E+00    0.00000E+00    0.00000E+00    0.00000E+00
    0.38300E+07    0.00000E+00    0.00000E+00    0.00000E+00    0.00000E+00    0.00000E+00    0.00000E+00
    0.38350E+07    0.00000E+00    0.00000E+00    0.00000E+00    0.00000E+00    0.00000E+00    0.00000E+00
    0.38400E+07    0.00000E+00    0.00000E+00    0.00000E+00    0.00000E+00    0.00000E+00    0.00000E+00
    0.38450E+07    0.00000E+00    0.00000E+00    0.00000E+00    0.00000E+00    0.00000E+00    0.00000E+00
    0.38500E+07    0.00000E+00    0.00000E+00    0.00000E+00    0.00000E+00    0.00000E+00    0.00000E+00
    0.38550E+07    0.00000E+00    0.00000E+00    0.00000E+00    0.00000E+00    0.00000E+00    0.00000E+00
    0.38600E+07    0.00000E+00    0.00000E+00    0.00000E+00    0.00000E+00    0.00000E+00    0.00000E+00
    0.38650E+07    0.00000E+00    0.00000E+00    0.00000E+00    0.00000E+00    0.00000E+00    0.00000E+00
    0.38700E+07    0.00000E+00    0.00000E+00    0.00000E+00    0.00000E+00    0.00000E+00    0.00000E+00
    0.38750E+07    0.00000E+00    0.00000E+00    0.00000E+00    0.00000E+00    0.00000E+00    0.00000E+00
    0.38800E+07    0.00000E+00    0.00000E+00    0.00000E+00    0.00000E+00    0.00000E+00    0.00000E+00
    0.38850E+07    0.00000E+00    0.00000E+00    0.00000E+00    0.00000E+00    0.00000E+00    0.00000E+00
    0.38900E+07    0.00000E+00    0.00000E+00    0.00000E+00    0.00000E+00    0.00000E+00    0.00000E+00
    0.38950E+07    0.00000E+00    0.00000E+00    0.00000E+00    0.00000E+00    0.00000E+00    0.00000E+00
    0.39000E+07    0.00000E+00    0.00000E+00    0.00000E+00    0.00000E+00    0.00000E+00    0.00000E+00
    0.39050E+07    0.00000E+00    0.00000E+00    0.00000E+00    0.00000E+00    0.00000E+00    0.00000E+00
    0.39100E+07    0.00000E+00    0.00000E+00    0.00000E+00    0.00000E+00    0.00000E+00    0.00000E+00
    0.39150E+07    0.00000E+00    0.00000E+00    0.00000E+00    0.00000E+00    0.00000E+00    0.00000E+00
    0.39200E+07    0.00000E+00    0.00000E+00    0.00000E+00    0.00000E+00    0.00000E+00    0.00000E+00
    0.39250E+07    0.00000E+00    0.00000E+00    0.00000E+00    0.00000E+00    0.00000E+00    0.00000E+00
    0.39300E+07    0.00000E+00    0.00000E+00    0.00000E+00    0.00000E+00    0.00000E+00    0.00000E+00
    0.39350E+07    0.00000E+00    0.00000E+00    0.00000E+00    0.00000E+00    0.00000E+00    0.00000E+00
    0.39400E+07    0.00000E+00    0.00000E+00    0.00000E+00    0.00000E+00    0.00000E+00    0.00000E+00
    0.39450E+07    0.00000E+00    0.00000E+00    0.00000E+00    0.00000E+00    0.00000E+00    0.00000E+00
    0.39500E+07    0.00000E+00    0.00000E+00    0.00000E+00    0.00000E+00    0.00000E+00    0.00000E+00
    0.39550E+07    0.00000E+00    0.00000E+00    0.00000E+00    0.00000E+00    0.00000E+00    0.00000E+00
    0.39600E+07    0.00000E+00    0.00000E+00    0.00000E+00    0.00000E+00    0.00000E+00    0.00000E+00
    0.39650E+07    0.00000E+00    0.00000E+00    0.00000E+00    0.00000E+00    0.00000E+00    0.00000E+00
    0.39700E+07    0.00000E+00    0.00000E+00    0.00000E+00    0.00000E+00    0.00000E+00    0.00000E+00
    0.39750E+07    0.00000E+00    0.00000E+00    0.00000E+00    0.00000E+00    0.00000E+00    0.00000E+00
    0.39800E+07    0.00000E+00    0.00000E+00    0.00000E+00    0.00000E+00    0.00000E+00    0.00000E+00
    0.39850E+07    0.00000E+00    0.00000E+00    0.00000E+00    0.00000E+00    0.00000E+00    0.00000E+00
    0.39900E+07    0.00000E+00    0.00000E+00    0.00000E+00    0.00000E+00    0.00000E+00    0.00000E+00
    0.39950E+07    0.00000E+00    0.00000E+00    0.00000E+00    0.00000E+00    0.00000E+00    0.00000E+00
    0.40000E+07    0.00000E+00    0.00000E+00    0.00000E+00    0.00000E+00    0.00000E+00    0.00000E+00
    0.40050E+07    0.00000E+00    0.00000E+00    0.00000E+00    0.00000E+00    0.00000E+00    0.00000E+00
    0.40100E+07    0.00000E+00    0.00000E+00    0.00000E+00    0.00000E+00    0.00000E+00    0.00000E+00
    0.40150E+07    0.00000E+00    0.00000E+00    0.00000E+00    0.00000E+00    0.00000E+00    0.00000E+00
    0.40200E+07    0.00000E+00    0.00000E+00    0.00000E+00    0.00000E+00    0.00000E+00    0.00000E+00
    0.40250E+07    0.00000E+00    0.00000E+00    0.00000E+00    0.00000E+00    0.00000E+00    0.00000E+00
    0.40300E+07    0.00000E+00    0.00000E+00    0.00000E+00    0.00000E+00    0.00000E+00    0.00000E+00
    0.40350E+07    0.00000E+00    0.00000E+00    0.00000E+00    0.00000E+00    0.00000E+00    0.00000E+00
    0.40400E+07    0.00000E+00    0.00000E+00    0.00000E+00    0.00000E+00    0.00000E+00    0.00000E+00
    0.40450E+07    0.00000E+00    0.00000E+00    0.00000E+00    0.00000E+00    0.00000E+00    0.00000E+00
    0.40500E+07    0.00000E+00    0.00000E+00    0.00000E+00    0.00000E+00    0.00000E+00    0.00000E+00
    0.40550E+07    0.00000E+00    0.00000E+00    0.00000E+00    0.00000E+00    0.00000E+00    0.00000E+00
    0.40600E+07    0.00000E+00    0.00000E+00    0.00000E+00    0.00000E+00    0.00000E+00    0.00000E+00
    0.40650E+07    0.00000E+00    0.00000E+00    0.00000E+00    0.00000E+00    0.00000E+00    0.00000E+00
    0.40700E+07    0.00000E+00    0.00000E+00    0.00000E+00    0.00000E+00    0.00000E+00    0.00000E+00
    0.40750E+07    0.00000E+00    0.00000E+00    0.00000E+00    0.00000E+00    0.00000E+00    0.00000E+00
    0.40800E+07    0.00000E+00    0.00000E+00    0.00000E+00    0.00000E+00    0.00000E+00    0.00000E+00
    0.40850E+07    0.00000E+00    0.00000E+00    0.00000E+00    0.00000E+00    0.00000E+00    0.00000E+00
    0.40900E+07    0.00000E+00    0.00000E+00    0.00000E+00    0.00000E+00    0.00000E+00    0.00000E+00
    0.40950E+07    0.00000E+00    0.00000E+00    0.00000E+00    0.00000E+00    0.00000E+00    0.00000E+00
    0.41000E+07    0.00000E+00    0.00000E+00    0.00000E+00    0.00000E+00    0.00000E+00    0.00000E+00
    0.41050E+07    0.00000E+00    0.00000E+00    0.00000E+00    0.00000E+00    0.00000E+00    0.00000E+00
    0.41100E+07    0.00000E+00    0.00000E+00    0.00000E+00    0.00000E+00    0.00000E+00    0.00000E+00
    0.41150E+07    0.00000E+00    0.00000E+00    0.00000E+00    0.00000E+00    0.00000E+00    0.00000E+00
    0.41200E+07    0.00000E+00    0.00000E+00    0.00000E+00    0.00000E+00    0.00000E+00    0.00000E+00
    0.41250E+07    0.00000E+00    0.00000E+00    0.00000E+00    0.00000E+00    0.00000E+00    0.00000E+00
    0.41300E+07    0.00000E+00    0.00000E+00    0.00000E+00    0.00000E+00    0.00000E+00    0.00000E+00
    0.41350E+07    0.00000E+00    0.00000E+00    0.00000E+00    0.00000E+00    0.00000E+00    0.00000E+00
    0.41400E+07    0.00000E+00    0.00000E+00    0.00000E+00    0.00000E+00    0.00000E+00    0.00000E+00
    0.41450E+07    0.00000E+00    0.00000E+00    0.00000E+00    0.00000E+00    0.00000E+00    0.00000E+00
    0.41500E+07    0.00000E+00    0.00000E+00    0.00000E+00    0.00000E+00    0.00000E+00    0.00000E+00
    0.41550E+07    0.00000E+00    0.00000E+00    0.00000E+00    0.00000E+00    0.00000E+00    0.00000E+00
    0.41600E+07    0.00000E+00    0.00000E+00    0.00000E+00    0.00000E+00    0.00000E+00    0.00000E+00
    0.41650E+07    0.00000E+00    0.00000E+00    0.00000E+00    0.00000E+00    0.00000E+00    0.00000E+00
    0.41700E+07    0.00000E+00    0.00000E+00    0.00000E+00    0.00000E+00    0.00000E+00    0.00000E+00
    0.41750E+07    0.00000E+00    0.00000E+00    0.00000E+00    0.00000E+00    0.00000E+00    0.00000E+00
    0.41800E+07    0.00000E+00    0.00000E+00    0.00000E+00    0.00000E+00    0.00000E+00    0.00000E+00
    0.41850E+07    0.00000E+00    0.00000E+00    0.00000E+00    0.00000E+00    0.00000E+00    0.00000E+00
    0.41900E+07    0.00000E+00    0.00000E+00    0.00000E+00    0.00000E+00    0.00000E+00    0.00000E+00
    0.41950E+07    0.00000E+00    0.00000E+00    0.00000E+00    0.00000E+00    0.00000E+00    0.00000E+00
    0.42000E+07    0.00000E+00    0.00000E+00    0.00000E+00    0.00000E+00    0.00000E+00    0.00000E+00
    0.42050E+07    0.00000E+00    0.00000E+00    0.00000E+00    0.00000E+00    0.00000E+00    0.00000E+00
    0.42100E+07    0.00000E+00    0.00000E+00    0.00000E+00    0.00000E+00    0.00000E+00    0.00000E+00
    0.42150E+07    0.00000E+00    0.00000E+00    0.00000E+00    0.00000E+00    0.00000E+00    0.00000E+00
    0.42200E+07    0.00000E+00    0.00000E+00    0.00000E+00    0.00000E+00    0.00000E+00    0.00000E+00
    0.42250E+07    0.00000E+00    0.00000E+00    0.00000E+00    0.00000E+00    0.00000E+00    0.00000E+00
    0.42300E+07    0.00000E+00    0.00000E+00    0.00000E+00    0.00000E+00    0.00000E+00    0.00000E+00
    0.42350E+07    0.00000E+00    0.00000E+00    0.00000E+00    0.00000E+00    0.00000E+00    0.00000E+00
    0.42400E+07    0.00000E+00    0.00000E+00    0.00000E+00    0.00000E+00    0.00000E+00    0.00000E+00
    0.42450E+07    0.00000E+00    0.00000E+00    0.00000E+00    0.00000E+00    0.00000E+00    0.00000E+00
    0.42500E+07    0.00000E+00    0.00000E+00    0.00000E+00    0.00000E+00    0.00000E+00    0.00000E+00
    0.42550E+07    0.00000E+00    0.00000E+00    0.00000E+00    0.00000E+00    0.00000E+00    0.00000E+00
    0.42600E+07    0.00000E+00    0.00000E+00    0.00000E+00    0.00000E+00    0.00000E+00    0.00000E+00
    0.42650E+07    0.00000E+00    0.00000E+00    0.00000E+00    0.00000E+00    0.00000E+00    0.00000E+00
    0.42700E+07    0.00000E+00    0.00000E+00    0.00000E+00    0.00000E+00    0.00000E+00    0.00000E+00
    0.42750E+07    0.00000E+00    0.00000E+00    0.00000E+00    0.00000E+00    0.00000E+00    0.00000E+00
    0.42800E+07    0.00000E+00    0.00000E+00    0.00000E+00    0.00000E+00    0.00000E+00    0.00000E+00
    0.42850E+07    0.00000E+00    0.00000E+00    0.00000E+00    0.00000E+00    0.00000E+00    0.00000E+00
    0.42900E+07    0.00000E+00    0.00000E+00    0.00000E+00    0.00000E+00    0.00000E+00    0.00000E+00
    0.42950E+07    0.00000E+00    0.00000E+00    0.00000E+00    0.00000E+00    0.00000E+00    0.00000E+00
    0.43000E+07    0.00000E+00    0.00000E+00    0.00000E+00    0.00000E+00    0.00000E+00    0.00000E+00
    0.43050E+07    0.00000E+00    0.00000E+00    0.00000E+00    0.00000E+00    0.00000E+00    0.00000E+00
    0.43100E+07    0.00000E+00    0.00000E+00    0.00000E+00    0.00000E+00    0.00000E+00    0.00000E+00
    0.43150E+07    0.00000E+00    0.00000E+00    0.00000E+00    0.00000E+00    0.00000E+00    0.00000E+00
    0.43200E+07    0.00000E+00    0.00000E+00    0.00000E+00    0.00000E+00    0.00000E+00    0.00000E+00
    0.43250E+07    0.00000E+00    0.00000E+00    0.00000E+00    0.00000E+00    0.00000E+00    0.00000E+00
    0.43300E+07    0.00000E+00    0.00000E+00    0.00000E+00    0.00000E+00    0.00000E+00    0.00000E+00
    0.43350E+07    0.00000E+00    0.00000E+00    0.00000E+00    0.00000E+00    0.00000E+00    0.00000E+00
    0.43400E+07    0.00000E+00    0.00000E+00    0.00000E+00    0.00000E+00    0.00000E+00    0.00000E+00
    0.43450E+07    0.00000E+00    0.00000E+00    0.00000E+00    0.00000E+00    0.00000E+00    0.00000E+00
    0.43500E+07    0.00000E+00    0.00000E+00    0.00000E+00    0.00000E+00    0.00000E+00    0.00000E+00
    0.43550E+07    0.00000E+00    0.00000E+00    0.00000E+00    0.00000E+00    0.00000E+00    0.00000E+00
    0.43600E+07    0.00000E+00    0.00000E+00    0.00000E+00    0.00000E+00    0.00000E+00    0.00000E+00
    0.43650E+07    0.00000E+00    0.00000E+00    0.00000E+00    0.00000E+00    0.00000E+00    0.00000E+00
    0.43700E+07    0.00000E+00    0.00000E+00    0.00000E+00    0.00000E+00    0.00000E+00    0.00000E+00
    0.43750E+07    0.00000E+00    0.00000E+00    0.00000E+00    0.00000E+00    0.00000E+00    0.00000E+00
    0.43800E+07    0.00000E+00    0.00000E+00    0.00000E+00    0.00000E+00    0.00000E+00    0.00000E+00
    0.43850E+07    0.00000E+00    0.00000E+00    0.00000E+00    0.00000E+00    0.00000E+00    0.00000E+00
    0.43900E+07    0.00000E+00    0.00000E+00    0.00000E+00    0.00000E+00    0.00000E+00    0.00000E+00
    0.43950E+07    0.00000E+00    0.00000E+00    0.00000E+00    0.00000E+00    0.00000E+00    0.00000E+00
    0.44000E+07    0.00000E+00    0.00000E+00    0.00000E+00    0.00000E+00    0.00000E+00    0.00000E+00
    0.44050E+07    0.00000E+00    0.00000E+00    0.00000E+00    0.00000E+00    0.00000E+00    0.00000E+00
    0.44100E+07    0.00000E+00    0.00000E+00    0.00000E+00    0.00000E+00    0.00000E+00    0.00000E+00
    0.44150E+07    0.00000E+00    0.00000E+00    0.00000E+00    0.00000E+00    0.00000E+00    0.00000E+00
    0.44200E+07    0.00000E+00    0.00000E+00    0.00000E+00    0.00000E+00    0.00000E+00    0.00000E+00
    0.44250E+07    0.00000E+00    0.00000E+00    0.00000E+00    0.00000E+00    0.00000E+00    0.00000E+00
    0.44300E+07    0.00000E+00    0.00000E+00    0.00000E+00    0.00000E+00    0.00000E+00    0.00000E+00
    0.44350E+07    0.00000E+00    0.00000E+00    0.00000E+00    0.00000E+00    0.00000E+00    0.00000E+00
    0.44400E+07    0.00000E+00    0.00000E+00    0.00000E+00    0.00000E+00    0.00000E+00    0.00000E+00
    0.44450E+07    0.00000E+00    0.00000E+00    0.00000E+00    0.00000E+00    0.00000E+00    0.00000E+00
    0.44500E+07    0.00000E+00    0.00000E+00    0.00000E+00    0.00000E+00    0.00000E+00    0.00000E+00
    0.44550E+07    0.00000E+00    0.00000E+00    0.00000E+00    0.00000E+00    0.00000E+00    0.00000E+00
    0.44600E+07    0.00000E+00    0.00000E+00    0.00000E+00    0.00000E+00    0.00000E+00    0.00000E+00
    0.44650E+07    0.00000E+00    0.00000E+00    0.00000E+00    0.00000E+00    0.00000E+00    0.00000E+00
    0.44700E+07    0.00000E+00    0.00000E+00    0.00000E+00    0.00000E+00    0.00000E+00    0.00000E+00
    0.44750E+07    0.00000E+00    0.00000E+00    0.00000E+00    0.00000E+00    0.00000E+00    0.00000E+00
    0.44800E+07    0.00000E+00    0.00000E+00    0.00000E+00    0.00000E+00    0.00000E+00    0.00000E+00
    0.44850E+07    0.00000E+00    0.00000E+00    0.00000E+00    0.00000E+00    0.00000E+00    0.00000E+00
    0.44900E+07    0.00000E+00    0.00000E+00    0.00000E+00    0.00000E+00    0.00000E+00    0.00000E+00
    0.44950E+07    0.00000E+00    0.00000E+00    0.00000E+00    0.00000E+00    0.00000E+00    0.00000E+00
    0.45000E+07    0.00000E+00    0.00000E+00    0.00000E+00    0.00000E+00    0.00000E+00    0.00000E+00
    0.45050E+07    0.00000E+00    0.00000E+00    0.00000E+00    0.00000E+00    0.00000E+00    0.00000E+00
    0.45100E+07    0.00000E+00    0.00000E+00    0.00000E+00    0.00000E+00    0.00000E+00    0.00000E+00
    0.45150E+07    0.00000E+00    0.00000E+00    0.00000E+00    0.00000E+00    0.00000E+00    0.00000E+00
    0.45200E+07    0.00000E+00    0.00000E+00    0.00000E+00    0.00000E+00    0.00000E+00    0.00000E+00
    0.45250E+07    0.00000E+00    0.00000E+00    0.00000E+00    0.00000E+00    0.00000E+00    0.00000E+00
    0.45300E+07    0.00000E+00    0.00000E+00    0.00000E+00    0.00000E+00    0.00000E+00    0.00000E+00
    0.45350E+07    0.00000E+00    0.00000E+00    0.00000E+00    0.00000E+00    0.00000E+00    0.00000E+00
    0.45400E+07    0.00000E+00    0.00000E+00    0.00000E+00    0.00000E+00    0.00000E+00    0.00000E+00
    0.45450E+07    0.00000E+00    0.00000E+00    0.00000E+00    0.00000E+00    0.00000E+00    0.00000E+00
    0.45500E+07    0.00000E+00    0.00000E+00    0.00000E+00    0.00000E+00    0.00000E+00    0.00000E+00
    0.45550E+07    0.00000E+00    0.00000E+00    0.00000E+00    0.00000E+00    0.00000E+00    0.00000E+00
    0.45600E+07    0.00000E+00    0.00000E+00    0.00000E+00    0.00000E+00    0.00000E+00    0.00000E+00
    0.45650E+07    0.00000E+00    0.00000E+00    0.00000E+00    0.00000E+00    0.00000E+00    0.00000E+00
    0.45700E+07    0.00000E+00    0.00000E+00    0.00000E+00    0.00000E+00    0.00000E+00    0.00000E+00
    0.45750E+07    0.00000E+00    0.00000E+00    0.00000E+00    0.00000E+00    0.00000E+00    0.00000E+00
    0.45800E+07    0.00000E+00    0.00000E+00    0.00000E+00    0.00000E+00    0.00000E+00    0.00000E+00
    0.45850E+07    0.00000E+00    0.00000E+00    0.00000E+00    0.00000E+00    0.00000E+00    0.00000E+00
    0.45900E+07    0.00000E+00    0.00000E+00    0.00000E+00    0.00000E+00    0.00000E+00    0.00000E+00
    0.45950E+07    0.00000E+00    0.00000E+00    0.00000E+00    0.00000E+00    0.00000E+00    0.00000E+00
    0.46000E+07    0.00000E+00    0.00000E+00    0.00000E+00    0.00000E+00    0.00000E+00    0.00000E+00
    0.46050E+07    0.00000E+00    0.00000E+00    0.00000E+00    0.00000E+00    0.00000E+00    0.00000E+00
    0.46100E+07    0.00000E+00    0.00000E+00    0.00000E+00    0.00000E+00    0.00000E+00    0.00000E+00
    0.46150E+07    0.00000E+00    0.00000E+00    0.00000E+00    0.00000E+00    0.00000E+00    0.00000E+00
    0.46200E+07    0.00000E+00    0.00000E+00    0.00000E+00    0.00000E+00    0.00000E+00    0.00000E+00
    0.46250E+07    0.00000E+00    0.00000E+00    0.00000E+00    0.00000E+00    0.00000E+00    0.00000E+00
    0.46300E+07    0.00000E+00    0.00000E+00    0.00000E+00    0.00000E+00    0.00000E+00    0.00000E+00
    0.46350E+07    0.00000E+00    0.00000E+00    0.00000E+00    0.00000E+00    0.00000E+00    0.00000E+00
    0.46400E+07    0.00000E+00    0.00000E+00    0.00000E+00    0.00000E+00    0.00000E+00    0.00000E+00
    0.46450E+07    0.00000E+00    0.00000E+00    0.00000E+00    0.00000E+00    0.00000E+00    0.00000E+00
    0.46500E+07    0.00000E+00    0.00000E+00    0.00000E+00    0.00000E+00    0.00000E+00    0.00000E+00
    0.46550E+07    0.00000E+00    0.00000E+00    0.00000E+00    0.00000E+00    0.00000E+00    0.00000E+00
    0.46600E+07    0.00000E+00    0.00000E+00    0.00000E+00    0.00000E+00    0.00000E+00    0.00000E+00
    0.46650E+07    0.00000E+00    0.00000E+00    0.00000E+00    0.00000E+00    0.00000E+00    0.00000E+00
    0.46700E+07    0.00000E+00    0.00000E+00    0.00000E+00    0.00000E+00    0.00000E+00    0.00000E+00
    0.46750E+07    0.00000E+00    0.00000E+00    0.00000E+00    0.00000E+00    0.00000E+00    0.00000E+00
    0.46800E+07    0.00000E+00    0.00000E+00    0.00000E+00    0.00000E+00    0.00000E+00    0.00000E+00
    0.46850E+07    0.00000E+00    0.00000E+00    0.00000E+00    0.00000E+00    0.00000E+00    0.00000E+00
    0.46900E+07    0.00000E+00    0.00000E+00    0.00000E+00    0.00000E+00    0.00000E+00    0.00000E+00
    0.46950E+07    0.00000E+00    0.00000E+00    0.00000E+00    0.00000E+00    0.00000E+00    0.00000E+00
    0.47000E+07    0.00000E+00    0.00000E+00    0.00000E+00    0.00000E+00    0.00000E+00    0.00000E+00
    0.47050E+07    0.00000E+00    0.00000E+00    0.00000E+00    0.00000E+00    0.00000E+00    0.00000E+00
    0.47100E+07    0.00000E+00    0.00000E+00    0.00000E+00    0.00000E+00    0.00000E+00    0.00000E+00
    0.47150E+07    0.00000E+00    0.00000E+00    0.00000E+00    0.00000E+00    0.00000E+00    0.00000E+00
    0.47200E+07    0.00000E+00    0.00000E+00    0.00000E+00    0.00000E+00    0.00000E+00    0.00000E+00
    0.47250E+07    0.00000E+00    0.00000E+00    0.00000E+00    0.00000E+00    0.00000E+00    0.00000E+00
    0.47300E+07    0.00000E+00    0.00000E+00    0.00000E+00    0.00000E+00    0.00000E+00    0.00000E+00
    0.47350E+07    0.00000E+00    0.00000E+00    0.00000E+00    0.00000E+00    0.00000E+00    0.00000E+00
    0.47400E+07    0.00000E+00    0.00000E+00    0.00000E+00    0.00000E+00    0.00000E+00    0.00000E+00
    0.47450E+07    0.00000E+00    0.00000E+00    0.00000E+00    0.00000E+00    0.00000E+00    0.00000E+00
    0.47500E+07    0.00000E+00    0.00000E+00    0.00000E+00    0.00000E+00    0.00000E+00    0.00000E+00
    0.47550E+07    0.00000E+00    0.00000E+00    0.00000E+00    0.00000E+00    0.00000E+00    0.00000E+00
    0.47600E+07    0.00000E+00    0.00000E+00    0.00000E+00    0.00000E+00    0.00000E+00    0.00000E+00
    0.47650E+07    0.00000E+00    0.00000E+00    0.00000E+00    0.00000E+00    0.00000E+00    0.00000E+00
    0.47700E+07    0.00000E+00    0.00000E+00    0.00000E+00    0.00000E+00    0.00000E+00    0.00000E+00
    0.47750E+07    0.00000E+00    0.00000E+00    0.00000E+00    0.00000E+00    0.00000E+00    0.00000E+00
    0.47800E+07    0.00000E+00    0.00000E+00    0.00000E+00    0.00000E+00    0.00000E+00    0.00000E+00
    0.47850E+07    0.00000E+00    0.00000E+00    0.00000E+00    0.00000E+00    0.00000E+00    0.00000E+00
    0.47900E+07    0.00000E+00    0.00000E+00    0.00000E+00    0.00000E+00    0.00000E+00    0.00000E+00
    0.47950E+07    0.00000E+00    0.00000E+00    0.00000E+00    0.00000E+00    0.00000E+00    0.00000E+00
    0.48000E+07    0.00000E+00    0.00000E+00    0.00000E+00    0.00000E+00    0.00000E+00    0.00000E+00
    0.48050E+07    0.00000E+00    0.00000E+00    0.00000E+00    0.00000E+00    0.00000E+00    0.00000E+00
    0.48100E+07    0.00000E+00    0.00000E+00    0.00000E+00    0.00000E+00    0.00000E+00    0.00000E+00
    0.48150E+07    0.00000E+00    0.00000E+00    0.00000E+00    0.00000E+00    0.00000E+00    0.00000E+00
    0.48200E+07    0.00000E+00    0.00000E+00    0.00000E+00    0.00000E+00    0.00000E+00    0.00000E+00
    0.48250E+07    0.00000E+00    0.00000E+00    0.00000E+00    0.00000E+00    0.00000E+00    0.00000E+00
    0.48300E+07    0.00000E+00    0.00000E+00    0.00000E+00    0.00000E+00    0.00000E+00    0.00000E+00
    0.48350E+07    0.00000E+00    0.00000E+00    0.00000E+00    0.00000E+00    0.00000E+00    0.00000E+00
    0.48400E+07    0.00000E+00    0.00000E+00    0.00000E+00    0.00000E+00    0.00000E+00    0.00000E+00
    0.48450E+07    0.00000E+00    0.00000E+00    0.00000E+00    0.00000E+00    0.00000E+00    0.00000E+00
    0.48500E+07    0.00000E+00    0.00000E+00    0.00000E+00    0.00000E+00    0.00000E+00    0.00000E+00
    0.48550E+07    0.00000E+00    0.00000E+00    0.00000E+00    0.00000E+00    0.00000E+00    0.00000E+00
    0.48600E+07    0.00000E+00    0.00000E+00    0.00000E+00    0.00000E+00    0.00000E+00    0.00000E+00
    0.48650E+07    0.00000E+00    0.00000E+00    0.00000E+00    0.00000E+00    0.00000E+00    0.00000E+00
    0.48700E+07    0.00000E+00    0.00000E+00    0.00000E+00    0.00000E+00    0.00000E+00    0.00000E+00
    0.48750E+07    0.00000E+00    0.00000E+00    0.00000E+00    0.00000E+00    0.00000E+00    0.00000E+00
    0.48800E+07    0.00000E+00    0.00000E+00    0.00000E+00    0.00000E+00    0.00000E+00    0.00000E+00
    0.48850E+07    0.00000E+00    0.00000E+00    0.00000E+00    0.00000E+00    0.00000E+00    0.00000E+00
    0.48900E+07    0.00000E+00    0.00000E+00    0.00000E+00    0.00000E+00    0.00000E+00    0.00000E+00
    0.48950E+07    0.00000E+00    0.00000E+00    0.00000E+00    0.00000E+00    0.00000E+00    0.00000E+00
    0.49000E+07    0.00000E+00    0.00000E+00    0.00000E+00    0.00000E+00    0.00000E+00    0.00000E+00
    0.49050E+07    0.12867E-33    0.19431E-33    0.17805E-33    0.00000E+00    0.00000E+00    0.00000E+00
    0.49100E+07    0.30783E-33    0.46469E-33    0.42569E-33    0.00000E+00    0.00000E+00    0.00000E+00
    0.49150E+07    0.42813E-33    0.64576E-33    0.59149E-33    0.00000E+00    0.00000E+00    0.00000E+00
    0.49200E+07    0.59493E-33    0.89715E-33    0.82141E-33    0.00000E+00    0.00000E+00    0.00000E+00
    0.49250E+07    0.82607E-33    0.12460E-32    0.11400E-32    0.00000E+00    0.00000E+00    0.00000E+00
    0.49300E+07    0.11462E-32    0.17298E-32    0.15814E-32    0.00000E+00    0.00000E+00    0.00000E+00
    0.49350E+07    0.15892E-32    0.24003E-32    0.21923E-32    0.00000E+00    0.00000E+00    0.00000E+00
    0.49400E+07    0.22022E-32    0.33293E-32    0.30376E-32    0.00000E+00    0.00000E+00    0.00000E+00
    0.49450E+07    0.30496E-32    0.46154E-32    0.42065E-32    0.00000E+00    0.00000E+00    0.00000E+00
    0.49500E+07    0.42205E-32    0.63950E-32    0.58218E-32    0.00000E+00    0.00000E+00    0.00000E+00
    0.49550E+07    0.58375E-32    0.88562E-32    0.80528E-32    0.00000E+00    0.00000E+00    0.00000E+00
    0.49600E+07    0.80694E-32    0.12258E-31    0.11133E-31    0.00000E+00    0.00000E+00    0.00000E+00
    0.49650E+07    0.11148E-31    0.16957E-31    0.15381E-31    0.00000E+00    0.00000E+00    0.00000E+00
    0.49700E+07    0.15393E-31    0.23446E-31    0.21240E-31    0.00000E+00    0.00000E+00    0.00000E+00
    0.49750E+07    0.21242E-31    0.32398E-31    0.29314E-31    0.00000E+00    0.00000E+00    0.00000E+00
    0.49800E+07    0.29296E-31    0.44745E-31    0.40434E-31    0.00000E+00    0.00000E+00    0.00000E+00
    0.49850E+07    0.40381E-31    0.61764E-31    0.55740E-31    0.00000E+00    0.00000E+00    0.00000E+00
    0.49900E+07    0.55630E-31    0.85208E-31    0.76798E-31    0.00000E+00    0.00000E+00    0.00000E+00
    0.49950E+07    0.76594E-31    0.11749E-30    0.10575E-30    0.00000E+00    0.00000E+00    0.00000E+00
    0.50000E+07    0.10540E-30    0.16190E-30    0.14554E-30    0.00000E+00    0.00000E+00    0.00000E+00
    0.50050E+07    0.14495E-30    0.22298E-30    0.20019E-30    0.00000E+00    0.00000E+00    0.00000E+00
    0.50100E+07    0.19924E-30    0.30694E-30    0.27520E-30    0.00000E+00    0.00000E+00    0.00000E+00
    0.50150E+07    0.27371E-30    0.42229E-30    0.37811E-30    0.00000E+00    0.00000E+00    0.00000E+00
    0.50200E+07    0.37580E-30    0.58065E-30    0.51920E-30    0.00000E+00    0.00000E+00    0.00000E+00
    0.50250E+07    0.51568E-30    0.79795E-30    0.71255E-30    0.00000E+00    0.00000E+00    0.00000E+00
    0.50300E+07    0.70723E-30    0.10960E-29    0.97736E-30    0.00000E+00    0.00000E+00    0.00000E+00
    0.50350E+07    0.96939E-30    0.15045E-29    0.13398E-29    0.00000E+00    0.00000E+00    0.00000E+00
    0.50400E+07    0.13280E-29    0.20641E-29    0.18357E-29    0.00000E+00    0.00000E+00    0.00000E+00
    0.50450E+07    0.18182E-29    0.28303E-29    0.25136E-29    0.00000E+00    0.00000E+00    0.00000E+00
    0.50500E+07    0.24880E-29    0.38788E-29    0.34401E-29    0.00000E+00    0.00000E+00    0.00000E+00
    0.50550E+07    0.34027E-29    0.53129E-29    0.47054E-29    0.00000E+00    0.00000E+00    0.00000E+00
    0.50600E+07    0.46511E-29    0.72730E-29    0.64324E-29    0.00000E+00    0.00000E+00    0.00000E+00
    0.50650E+07    0.63538E-29    0.99509E-29    0.87884E-29    0.00000E+00    0.00000E+00    0.00000E+00
    0.50700E+07    0.86751E-29    0.13607E-28    0.12001E-28    0.00000E+00    0.00000E+00    0.00000E+00
    0.50750E+07    0.11838E-28    0.18597E-28    0.16378E-28    0.00000E+00    0.00000E+00    0.00000E+00
    0.50800E+07    0.16145E-28    0.25402E-28    0.22339E-28    0.00000E+00    0.00000E+00    0.00000E+00
    0.50850E+07    0.22006E-28    0.34679E-28    0.30454E-28    0.00000E+00    0.00000E+00    0.00000E+00
    0.50900E+07    0.29979E-28    0.47317E-28    0.41492E-28    0.00000E+00    0.00000E+00    0.00000E+00
    0.50950E+07    0.40818E-28    0.64525E-28    0.56500E-28    0.00000E+00    0.00000E+00    0.00000E+00
    0.51000E+07    0.55544E-28    0.87943E-28    0.76894E-28    0.00000E+00    0.00000E+00    0.00000E+00
    0.51050E+07    0.75542E-28    0.11979E-27    0.10459E-27    0.00000E+00    0.00000E+00    0.00000E+00
    0.51100E+07    0.10268E-27    0.16309E-27    0.14218E-27    0.00000E+00    0.00000E+00    0.00000E+00
    0.51150E+07    0.13949E-27    0.22192E-27    0.19318E-27    0.00000E+00    0.00000E+00    0.00000E+00
    0.51200E+07    0.18940E-27    0.30180E-27    0.26233E-27    0.00000E+00    0.00000E+00    0.00000E+00
    0.51250E+07    0.25701E-27    0.41020E-27    0.35602E-27    0.00000E+00    0.00000E+00    0.00000E+00
    0.51300E+07    0.34857E-27    0.55724E-27    0.48291E-27    0.00000E+00    0.00000E+00    0.00000E+00
    0.51350E+07    0.47249E-27    0.75656E-27    0.65466E-27    0.00000E+00    0.00000E+00    0.00000E+00
    0.51400E+07    0.64010E-27    0.10266E-26    0.88700E-27    0.00000E+00    0.00000E+00    0.00000E+00
    0.51450E+07    0.86669E-27    0.13923E-26    0.12011E-26    0.00000E+00    0.00000E+00    0.00000E+00
    0.51500E+07    0.11728E-26    0.18873E-26    0.16256E-26    0.00000E+00    0.00000E+00    0.00000E+00
    0.51550E+07    0.15862E-26    0.25567E-26    0.21989E-26    0.00000E+00    0.00000E+00    0.00000E+00
    0.51600E+07    0.21442E-26    0.34618E-26    0.29726E-26    0.00000E+00    0.00000E+00    0.00000E+00
    0.51650E+07    0.28967E-26    0.46846E-26    0.40164E-26    0.00000E+00    0.00000E+00    0.00000E+00
    0.51700E+07    0.39113E-26    0.63360E-26    0.54237E-26    0.00000E+00    0.00000E+00    0.00000E+00
    0.51750E+07    0.52782E-26    0.85647E-26    0.73200E-26    0.00000E+00    0.00000E+00    0.00000E+00
    0.51800E+07    0.71188E-26    0.11571E-25    0.98739E-26    0.00000E+00    0.00000E+00    0.00000E+00
    0.51850E+07    0.95961E-26    0.15624E-25    0.13311E-25    0.00000E+00    0.00000E+00    0.00000E+00
    0.51900E+07    0.12928E-25    0.21086E-25    0.17936E-25    0.00000E+00    0.00000E+00    0.00000E+00
    0.51950E+07    0.17407E-25    0.28441E-25    0.24153E-25    0.00000E+00    0.00000E+00    0.00000E+00
    0.52000E+07    0.23426E-25    0.38340E-25    0.32507E-25    0.00000E+00    0.00000E+00    0.00000E+00
    0.52050E+07    0.31508E-25    0.51656E-25    0.43726E-25    0.00000E+00    0.00000E+00    0.00000E+00
    0.52100E+07    0.42354E-25    0.69560E-25    0.58785E-25    0.00000E+00    0.00000E+00    0.00000E+00
    0.52150E+07    0.56902E-25    0.93617E-25    0.78986E-25    0.00000E+00    0.00000E+00    0.00000E+00
    0.52200E+07    0.76405E-25    0.12593E-24    0.10607E-24    0.00000E+00    0.00000E+00    0.00000E+00
    0.52250E+07    0.10254E-24    0.16929E-24    0.14236E-24    0.00000E+00    0.00000E+00    0.00000E+00
    0.52300E+07    0.13753E-24    0.22747E-24    0.19096E-24    0.00000E+00    0.00000E+00    0.00000E+00
    0.52350E+07    0.18436E-24    0.30547E-24    0.25602E-24    0.00000E+00    0.00000E+00    0.00000E+00
    0.52400E+07    0.24699E-24    0.41000E-24    0.34304E-24    0.00000E+00    0.00000E+00    0.00000E+00
    0.52450E+07    0.33073E-24    0.54999E-24    0.45939E-24    0.00000E+00    0.00000E+00    0.00000E+00
    0.52500E+07    0.44261E-24    0.73737E-24    0.61486E-24    0.00000E+00    0.00000E+00    0.00000E+00
    0.52550E+07    0.59200E-24    0.98806E-24    0.82248E-24    0.00000E+00    0.00000E+00    0.00000E+00
    0.52600E+07    0.79138E-24    0.13232E-23    0.10996E-23    0.00000E+00    0.00000E+00    0.00000E+00
    0.52650E+07    0.10573E-23    0.17712E-23    0.14693E-23    0.00000E+00    0.00000E+00    0.00000E+00
    0.52700E+07    0.14118E-23    0.23694E-23    0.19621E-23    0.00000E+00    0.00000E+00    0.00000E+00
    0.52750E+07    0.18842E-23    0.31680E-23    0.26188E-23    0.00000E+00    0.00000E+00    0.00000E+00
    0.52800E+07    0.25132E-23    0.42335E-23    0.34934E-23    0.00000E+00    0.00000E+00    0.00000E+00
    0.52850E+07    0.33502E-23    0.56542E-23    0.46574E-23    0.00000E+00    0.00000E+00    0.00000E+00
    0.52900E+07    0.44636E-23    0.75475E-23    0.62058E-23    0.00000E+00    0.00000E+00    0.00000E+00
    0.52950E+07    0.59437E-23    0.10069E-22    0.82644E-23    0.00000E+00    0.00000E+00    0.00000E+00
    0.53000E+07    0.79101E-23    0.13426E-22    0.11000E-22    0.00000E+00    0.00000E+00    0.00000E+00
    0.53050E+07    0.10521E-22    0.17892E-22    0.14632E-22    0.00000E+00    0.00000E+00    0.00000E+00
    0.53100E+07    0.13987E-22    0.23831E-22    0.19454E-22    0.00000E+00    0.00000E+00    0.00000E+00
    0.53150E+07    0.18583E-22    0.31724E-22    0.25849E-22    0.00000E+00    0.00000E+00    0.00000E+00
    0.53200E+07    0.24676E-22    0.42208E-22    0.34328E-22    0.00000E+00    0.00000E+00    0.00000E+00
    0.53250E+07    0.32748E-22    0.56125E-22    0.45562E-22    0.00000E+00    0.00000E+00    0.00000E+00
    0.53300E+07    0.43437E-22    0.74591E-22    0.60439E-22    0.00000E+00    0.00000E+00    0.00000E+00
    0.53350E+07    0.57583E-22    0.99077E-22    0.80129E-22    0.00000E+00    0.00000E+00    0.00000E+00
    0.53400E+07    0.76292E-22    0.13153E-21    0.10617E-21    0.00000E+00    0.00000E+00    0.00000E+00
    0.53450E+07    0.10102E-21    0.17452E-21    0.14061E-21    0.00000E+00    0.00000E+00    0.00000E+00
    0.53500E+07    0.13370E-21    0.23143E-21    0.18610E-21    0.00000E+00    0.00000E+00    0.00000E+00
    0.53550E+07    0.17684E-21    0.30672E-21    0.24618E-21    0.00000E+00    0.00000E+00    0.00000E+00
    0.53600E+07    0.23378E-21    0.40630E-21    0.32546E-21    0.00000E+00    0.00000E+00    0.00000E+00
    0.53650E+07    0.30887E-21    0.53790E-21    0.43005E-21    0.00000E+00    0.00000E+00    0.00000E+00
    0.53700E+07    0.40785E-21    0.71174E-21    0.56792E-21    0.00000E+00    0.00000E+00    0.00000E+00
    0.53750E+07    0.53826E-21    0.94124E-21    0.74956E-21    0.00000E+00    0.00000E+00    0.00000E+00
    0.53800E+07    0.70995E-21    0.12441E-20    0.98876E-21    0.00000E+00    0.00000E+00    0.00000E+00
    0.53850E+07    0.93590E-21    0.16434E-20    0.13035E-20    0.00000E+00    0.00000E+00    0.00000E+00
    0.53900E+07    0.12331E-20    0.21697E-20    0.17176E-20    0.00000E+00    0.00000E+00    0.00000E+00
    0.53950E+07    0.16237E-20    0.28630E-20    0.22619E-20    0.00000E+00    0.00000E+00    0.00000E+00
    0.54000E+07    0.21368E-20    0.37758E-20    0.29769E-20    0.00000E+00    0.00000E+00    0.00000E+00
    0.54050E+07    0.28105E-20    0.49769E-20    0.39158E-20    0.00000E+00    0.00000E+00    0.00000E+00
    0.54100E+07    0.36945E-20    0.65564E-20    0.51480E-20    0.00000E+00    0.00000E+00    0.00000E+00
    0.54150E+07    0.48539E-20    0.86323E-20    0.67641E-20    0.00000E+00    0.00000E+00    0.00000E+00
    0.54200E+07    0.63735E-20    0.11359E-19    0.88824E-20    0.00000E+00    0.00000E+00    0.00000E+00
    0.54250E+07    0.83641E-20    0.14940E-19    0.11658E-19    0.00000E+00    0.00000E+00    0.00000E+00
    0.54300E+07    0.10970E-19    0.19637E-19    0.15291E-19    0.00000E+00    0.00000E+00    0.00000E+00
    0.54350E+07    0.14380E-19    0.25798E-19    0.20046E-19    0.00000E+00    0.00000E+00    0.00000E+00
    0.54400E+07    0.18840E-19    0.33873E-19    0.26264E-19    0.00000E+00    0.00000E+00    0.00000E+00
    0.54450E+07    0.24668E-19    0.44451E-19    0.34392E-19    0.00000E+00    0.00000E+00    0.00000E+00
    0.54500E+07    0.32281E-19    0.58299E-19    0.45010E-19    0.00000E+00    0.00000E+00    0.00000E+00
    0.54550E+07    0.42220E-19    0.76420E-19    0.58872E-19    0.00000E+00    0.00000E+00    0.00000E+00
    0.54600E+07    0.55187E-19    0.10012E-18    0.76960E-19    0.00000E+00    0.00000E+00    0.00000E+00
    0.54650E+07    0.72096E-19    0.13109E-18    0.10055E-18    0.00000E+00    0.00000E+00    0.00000E+00
    0.54700E+07    0.94132E-19    0.17155E-18    0.13129E-18    0.00000E+00    0.00000E+00    0.00000E+00
    0.54750E+07    0.12283E-18    0.22437E-18    0.17133E-18    0.00000E+00    0.00000E+00    0.00000E+00
    0.54800E+07    0.16020E-18    0.29330E-18    0.22346E-18    0.00000E+00    0.00000E+00    0.00000E+00
    0.54850E+07    0.20881E-18    0.38318E-18    0.29129E-18    0.00000E+00    0.00000E+00    0.00000E+00
    0.54900E+07    0.27201E-18    0.50033E-18    0.37949E-18    0.00000E+00    0.00000E+00    0.00000E+00
    0.54950E+07    0.35414E-18    0.65293E-18    0.49410E-18    0.00000E+00    0.00000E+00    0.00000E+00
    0.55000E+07    0.46080E-18    0.85160E-18    0.64297E-18    0.00000E+00    0.00000E+00    0.00000E+00
    0.55050E+07    0.59925E-18    0.11101E-17    0.83621E-18    0.00000E+00    0.00000E+00    0.00000E+00
    0.55100E+07    0.77886E-18    0.14463E-17    0.10869E-17    0.00000E+00    0.00000E+00    0.00000E+00
    0.55150E+07    0.10117E-17    0.18832E-17    0.14119E-17    0.00000E+00    0.00000E+00    0.00000E+00
    0.55200E+07    0.13134E-17    0.24507E-17    0.18331E-17    0.00000E+00    0.00000E+00    0.00000E+00
    0.55250E+07    0.17041E-17    0.31874E-17    0.23786E-17    0.00000E+00    0.00000E+00    0.00000E+00
    0.55300E+07    0.22098E-17    0.41434E-17    0.30846E-17    0.00000E+00    0.00000E+00    0.00000E+00
    0.55350E+07    0.28639E-17    0.53830E-17    0.39978E-17    0.00000E+00    0.00000E+00    0.00000E+00
    0.55400E+07    0.37094E-17    0.69895E-17    0.51784E-17    0.00000E+00    0.00000E+00    0.00000E+00
    0.55450E+07    0.48018E-17    0.90704E-17    0.67038E-17    0.00000E+00    0.00000E+00    0.00000E+00
    0.55500E+07    0.62123E-17    0.11764E-16    0.86736E-17    0.00000E+00    0.00000E+00    0.00000E+00
    0.55550E+07    0.80325E-17    0.15250E-16    0.11216E-16    0.00000E+00    0.00000E+00    0.00000E+00
    0.55600E+07    0.10380E-16    0.19756E-16    0.14494E-16    0.00000E+00    0.00000E+00    0.00000E+00
    0.55650E+07    0.13406E-16    0.25580E-16    0.18720E-16    0.00000E+00    0.00000E+00    0.00000E+00
    0.55700E+07    0.17304E-16    0.33103E-16    0.24164E-16    0.00000E+00    0.00000E+00    0.00000E+00
    0.55750E+07    0.22331E-16    0.42811E-16    0.31163E-16    0.00000E+00    0.00000E+00    0.00000E+00
    0.55800E+07    0.28797E-16    0.55339E-16    0.40162E-16    0.00000E+00    0.00000E+00    0.00000E+00
    0.55800E+07    0.28797E-16    0.55339E-16    0.40162E-16    0.00000E+00    0.00000E+00    0.00000E+00
    0.55850E+07    0.37202E-16    0.71405E-16    0.51730E-16    0.00000E+00    0.00000E+00    0.00000E+00
    0.55900E+07    0.47993E-16    0.92120E-16    0.66576E-16    0.00000E+00    0.00000E+00    0.00000E+00
    0.55950E+07    0.61835E-16    0.11881E-15    0.85612E-16    0.00000E+00    0.00000E+00    0.00000E+00
    0.56000E+07    0.79574E-16    0.15317E-15    0.11000E-15    0.00000E+00    0.00000E+00    0.00000E+00
    0.56050E+07    0.10229E-15    0.19736E-15    0.14122E-15    0.00000E+00    0.00000E+00    0.00000E+00
    0.56100E+07    0.13135E-15    0.25416E-15    0.18115E-15    0.00000E+00    0.00000E+00    0.00000E+00
    0.56150E+07    0.16851E-15    0.32711E-15    0.23218E-15    0.00000E+00    0.00000E+00    0.00000E+00
    0.56200E+07    0.21596E-15    0.42072E-15    0.29733E-15    0.00000E+00    0.00000E+00    0.00000E+00
    0.56250E+07    0.27653E-15    0.54074E-15    0.38045E-15    0.00000E+00    0.00000E+00    0.00000E+00
    0.56300E+07    0.35375E-15    0.69450E-15    0.48639E-15    0.00000E+00    0.00000E+00    0.00000E+00
    0.56350E+07    0.45212E-15    0.89133E-15    0.62131E-15    0.00000E+00    0.00000E+00    0.00000E+00
    0.56400E+07    0.57734E-15    0.11431E-14    0.79297E-15    0.00000E+00    0.00000E+00    0.00000E+00
    0.56450E+07    0.73658E-15    0.14648E-14    0.10112E-14    0.00000E+00    0.00000E+00    0.00000E+00
    0.56500E+07    0.93892E-15    0.18756E-14    0.12884E-14    0.00000E+00    0.00000E+00    0.00000E+00
    0.56550E+07    0.11958E-14    0.23997E-14    0.16401E-14    0.00000E+00    0.00000E+00    0.00000E+00
    0.56600E+07    0.15216E-14    0.30678E-14    0.20861E-14    0.00000E+00    0.00000E+00    0.00000E+00
    0.56650E+07    0.19344E-14    0.39189E-14    0.26510E-14    0.00000E+00    0.00000E+00    0.00000E+00
    0.56700E+07    0.24571E-14    0.50019E-14    0.33659E-14    0.00000E+00    0.00000E+00    0.00000E+00
    0.56750E+07    0.31183E-14    0.63790E-14    0.42699E-14    0.00000E+00    0.00000E+00    0.00000E+00
    0.56800E+07    0.39539E-14    0.81286E-14    0.54119E-14    0.00000E+00    0.00000E+00    0.00000E+00
    0.56850E+07    0.50090E-14    0.10349E-13    0.68533E-14    0.00000E+00    0.00000E+00    0.00000E+00
    0.56900E+07    0.63400E-14    0.13166E-13    0.86708E-14    0.00000E+00    0.00000E+00    0.00000E+00
    0.56950E+07    0.80174E-14    0.16736E-13    0.10960E-13    0.00000E+00    0.00000E+00    0.00000E+00
    0.57000E+07    0.10130E-13    0.21255E-13    0.13842E-13    0.00000E+00    0.00000E+00    0.00000E+00
    0.57050E+07    0.12787E-13    0.26972E-13    0.17466E-13    0.00000E+00    0.00000E+00    0.00000E+00
    0.57100E+07    0.16126E-13    0.34197E-13    0.22018E-13    0.00000E+00    0.00000E+00    0.00000E+00
    0.57149E+07    0.20255E-13    0.43183E-13    0.27645E-13    0.00000E+00    0.00000E+00    0.00000E+00
    0.57199E+07    0.25418E-13    0.54481E-13    0.34677E-13    0.00000E+00    0.00000E+00    0.00000E+00
    0.57199E+07    0.36045E-13    0.46453E-13    0.34762E-13    0.00000E+00    0.00000E+00    0.00000E+00
    0.57200E+07    0.36175E-13    0.46842E-13    0.34936E-13    0.00000E+00    0.00000E+00    0.00000E+00
    0.57250E+07    0.41471E-13    0.62707E-13    0.41984E-13    0.00000E+00    0.00000E+00    0.00000E+00
    0.57300E+07    0.47956E-13    0.82280E-13    0.50610E-13    0.00000E+00    0.00000E+00    0.00000E+00
    0.57350E+07    0.55859E-13    0.10631E-12    0.61114E-13    0.00000E+00    0.00000E+00    0.00000E+00
    0.57400E+07    0.65457E-13    0.13572E-12    0.73863E-13    0.00000E+00    0.00000E+00    0.00000E+00
    0.57450E+07    0.77081E-13    0.17161E-12    0.89296E-13    0.00000E+00    0.00000E+00    0.00000E+00
    0.57500E+07    0.91129E-13    0.21531E-12    0.10794E-12    0.00000E+00    0.00000E+00    0.00000E+00
    0.57550E+07    0.10808E-12    0.26845E-12    0.13042E-12    0.00000E+00    0.00000E+00    0.00000E+00
    0.57600E+07    0.12849E-12    0.33295E-12    0.15749E-12    0.00000E+00    0.00000E+00    0.00000E+00
    0.57650E+07    0.15304E-12    0.41116E-12    0.19004E-12    0.00000E+00    0.00000E+00    0.00000E+00
    0.57700E+07    0.18254E-12    0.50586E-12    0.22913E-12    0.00000E+00    0.00000E+00    0.00000E+00
    0.57750E+07    0.21793E-12    0.62041E-12    0.27601E-12    0.00000E+00    0.00000E+00    0.00000E+00
    0.57800E+07    0.26034E-12    0.75881E-12    0.33219E-12    0.00000E+00    0.00000E+00    0.00000E+00
    0.57850E+07    0.31111E-12    0.92587E-12    0.39942E-12    0.00000E+00    0.00000E+00    0.00000E+00
    0.57900E+07    0.37182E-12    0.11273E-11    0.47980E-12    0.00000E+00    0.00000E+00    0.00000E+00
    0.57950E+07    0.44433E-12    0.13700E-11    0.57578E-12    0.00000E+00    0.00000E+00    0.00000E+00
    0.58000E+07    0.53083E-12    0.16619E-11    0.69026E-12    0.00000E+00    0.00000E+00    0.00000E+00
    0.58050E+07    0.63393E-12    0.20130E-11    0.82667E-12    0.00000E+00    0.00000E+00    0.00000E+00
    0.58100E+07    0.75666E-12    0.24345E-11    0.98904E-12    0.00000E+00    0.00000E+00    0.00000E+00
    0.58150E+07    0.90261E-12    0.29404E-11    0.11821E-11    0.00000E+00    0.00000E+00    0.00000E+00
    0.58200E+07    0.10760E-11    0.35466E-11    0.14113E-11    0.00000E+00    0.00000E+00    0.00000E+00
    0.58250E+07    0.12816E-11    0.42726E-11    0.16832E-11    0.00000E+00    0.00000E+00    0.00000E+00
    0.58300E+07    0.15254E-11    0.51409E-11    0.20055E-11    0.00000E+00    0.00000E+00    0.00000E+00
    0.58350E+07    0.18140E-11    0.61787E-11    0.23869E-11    0.00000E+00    0.00000E+00    0.00000E+00
    0.58400E+07    0.21553E-11    0.74175E-11    0.28377E-11    0.00000E+00    0.00000E+00    0.00000E+00
    0.58450E+07    0.25583E-11    0.88950E-11    0.33701E-11    0.00000E+00    0.00000E+00    0.00000E+00
    0.58500E+07    0.30339E-11    0.10655E-10    0.39981E-11    0.00000E+00    0.00000E+00    0.00000E+00
    0.58550E+07    0.35943E-11    0.12750E-10    0.47380E-11    0.00000E+00    0.00000E+00    0.00000E+00
    0.58600E+07    0.42539E-11    0.15241E-10    0.56086E-11    0.00000E+00    0.00000E+00    0.00000E+00
    0.58636E+07    0.47918E-11    0.17290E-10    0.63183E-11    0.00000E+00    0.00000E+00    0.00000E+00
    0.58636E+07    0.50793E-11    0.16868E-10    0.60952E-11    0.00000E+00    0.00000E+00    0.00000E+00
    0.58668E+07    0.55863E-11    0.18973E-10    0.67398E-11    0.00000E+00    0.00000E+00    0.00000E+00
    0.58700E+07    0.61439E-11    0.21311E-10    0.74476E-11    0.00000E+00    0.00000E+00    0.00000E+00
    0.58750E+07    0.71190E-11    0.25457E-10    0.86837E-11    0.00000E+00    0.00000E+00    0.00000E+00
    0.58800E+07    0.82450E-11    0.30326E-10    0.10109E-10    0.00000E+00    0.00000E+00    0.00000E+00
    0.58850E+07    0.95427E-11    0.36034E-10    0.11747E-10    0.00000E+00    0.00000E+00    0.00000E+00
    0.58900E+07    0.11035E-10    0.42715E-10    0.13629E-10    0.00000E+00    0.00000E+00    0.00000E+00
    0.58950E+07    0.12748E-10    0.50523E-10    0.15783E-10    0.00000E+00    0.00000E+00    0.00000E+00
    0.59000E+07    0.14710E-10    0.59633E-10    0.18247E-10    0.00000E+00    0.00000E+00    0.00000E+00
    0.59050E+07    0.16953E-10    0.70246E-10    0.21056E-10    0.00000E+00    0.00000E+00    0.00000E+00
    0.59100E+07    0.19512E-10    0.82587E-10    0.24253E-10    0.00000E+00    0.00000E+00    0.00000E+00
    0.59150E+07    0.22424E-10    0.96916E-10    0.27882E-10    0.00000E+00    0.00000E+00    0.00000E+00
    0.59200E+07    0.25732E-10    0.11353E-09    0.31994E-10    0.00000E+00    0.00000E+00    0.00000E+00
    0.59250E+07    0.29480E-10    0.13275E-09    0.36641E-10    0.00000E+00    0.00000E+00    0.00000E+00
    0.59300E+07    0.33718E-10    0.15495E-09    0.41880E-10    0.00000E+00    0.00000E+00    0.00000E+00
    0.59350E+07    0.38499E-10    0.18056E-09    0.47771E-10    0.00000E+00    0.00000E+00    0.00000E+00
    0.59400E+07    0.43878E-10    0.21004E-09    0.54378E-10    0.00000E+00    0.00000E+00    0.00000E+00
    0.59450E+07    0.49918E-10    0.24391E-09    0.61769E-10    0.00000E+00    0.00000E+00    0.00000E+00
    0.59500E+07    0.56680E-10    0.28277E-09    0.70015E-10    0.00000E+00    0.00000E+00    0.00000E+00
    0.59529E+07    0.60936E-10    0.30771E-09    0.75187E-10    0.00000E+00    0.00000E+00    0.00000E+00
    0.59558E+07    0.65470E-10    0.33467E-09    0.80685E-10    0.00000E+00    0.00000E+00    0.00000E+00
    0.59558E+07    0.76767E-10    0.30963E-09    0.70398E-10    0.00000E+00    0.00000E+00    0.00000E+00
    0.59600E+07    0.80973E-10    0.35470E-09    0.74690E-10    0.00000E+00    0.00000E+00    0.00000E+00
    0.59650E+07    0.86085E-10    0.41365E-09    0.79918E-10    0.00000E+00    0.00000E+00    0.00000E+00
    0.59700E+07    0.91403E-10    0.47908E-09    0.85163E-10    0.00000E+00    0.00000E+00    0.00000E+00
    0.59750E+07    0.96883E-10    0.55139E-09    0.90342E-10    0.00000E+00    0.00000E+00    0.00000E+00
    0.59800E+07    0.10248E-09    0.63100E-09    0.95359E-10    0.00000E+00    0.00000E+00    0.00000E+00
    0.59850E+07    0.10813E-09    0.71831E-09    0.10011E-09    0.00000E+00    0.00000E+00    0.00000E+00
    0.59900E+07    0.11377E-09    0.81368E-09    0.10447E-09    0.00000E+00    0.00000E+00    0.00000E+00
    0.59950E+07    0.11933E-09    0.91747E-09    0.10831E-09    0.00000E+00    0.00000E+00    0.00000E+00
    0.60000E+07    0.12472E-09    0.10300E-08    0.11147E-09    0.00000E+00    0.00000E+00    0.00000E+00
    0.60050E+07    0.12985E-09    0.11514E-08    0.11381E-09    0.00000E+00    0.00000E+00    0.00000E+00
    0.60100E+07    0.13462E-09    0.12820E-08    0.11515E-09    0.00000E+00    0.00000E+00    0.00000E+00
    0.60150E+07    0.13891E-09    0.14218E-08    0.11531E-09    0.00000E+00    0.00000E+00    0.00000E+00
    0.60200E+07    0.14263E-09    0.15708E-08    0.11411E-09    0.00000E+00    0.00000E+00    0.00000E+00
    0.60250E+07    0.14564E-09    0.17290E-08    0.11135E-09    0.00000E+00    0.00000E+00    0.00000E+00
    0.60300E+07    0.14785E-09    0.18960E-08    0.10685E-09    0.00000E+00    0.00000E+00    0.00000E+00
    0.60350E+07    0.14911E-09    0.20715E-08    0.10042E-09    0.00000E+00    0.00000E+00    0.00000E+00
    0.60400E+07    0.14934E-09    0.22549E-08    0.91878E-10    0.00000E+00    0.00000E+00    0.00000E+00
    0.60450E+07    0.14842E-09    0.24456E-08    0.81071E-10    0.00000E+00    0.00000E+00    0.00000E+00
    0.60500E+07    0.14627E-09    0.26426E-08    0.67846E-10    0.00000E+00    0.00000E+00    0.00000E+00
    0.60550E+07    0.14281E-09    0.28450E-08    0.52103E-10    0.00000E+00    0.00000E+00    0.00000E+00
    0.60600E+07    0.13800E-09    0.30513E-08    0.33751E-10    0.00000E+00    0.00000E+00    0.00000E+00
    0.60650E+07    0.13182E-09    0.32601E-08    0.12763E-10    0.00000E+00    0.00000E+00    0.00000E+00
    0.60700E+07    0.12430E-09    0.34697E-08   -0.10826E-10    0.00000E+00    0.00000E+00    0.00000E+00
    0.60738E+07    0.11782E-09    0.36259E-08   -0.32841E-10    0.00000E+00    0.00000E+00    0.00000E+00
    0.60788E+07    0.10782E-09    0.38321E-08   -0.61132E-10    0.00000E+00    0.00000E+00    0.00000E+00
    0.60838E+07    0.96771E-10    0.40331E-08   -0.91640E-10    0.00000E+00    0.00000E+00    0.00000E+00
    0.60888E+07    0.84834E-10    0.42266E-08   -0.12408E-09    0.00000E+00    0.00000E+00    0.00000E+00
    0.60938E+07    0.72280E-10    0.44098E-08   -0.15809E-09    0.00000E+00    0.00000E+00    0.00000E+00
    0.60988E+07    0.59422E-10    0.45800E-08   -0.19319E-09    0.00000E+00    0.00000E+00    0.00000E+00
    0.61038E+07    0.46643E-10    0.47345E-08   -0.22886E-09    0.00000E+00    0.00000E+00    0.00000E+00
    0.61088E+07    0.34382E-10    0.48704E-08   -0.26443E-09    0.00000E+00    0.00000E+00    0.00000E+00
    0.61138E+07    0.23140E-10    0.49849E-08   -0.29920E-09    0.00000E+00    0.00000E+00    0.00000E+00
    0.61188E+07    0.13470E-10    0.50751E-08   -0.33233E-09    0.00000E+00    0.00000E+00    0.00000E+00
    0.61238E+07    0.59749E-11    0.51385E-08   -0.36300E-09    0.00000E+00    0.00000E+00    0.00000E+00
    0.61288E+07    0.12889E-11    0.51727E-08   -0.39025E-09    0.00000E+00    0.00000E+00    0.00000E+00
    0.61338E+07    0.71975E-13    0.51754E-08   -0.41314E-09    0.00000E+00    0.00000E+00    0.00000E+00
    0.61388E+07    0.29897E-11    0.51449E-08   -0.43068E-09    0.00000E+00    0.00000E+00    0.00000E+00
    0.61438E+07    0.10696E-10    0.50799E-08   -0.44194E-09    0.00000E+00    0.00000E+00    0.00000E+00
    0.61488E+07    0.23808E-10    0.49795E-08   -0.44597E-09    0.00000E+00    0.00000E+00    0.00000E+00
    0.61538E+07    0.42891E-10    0.48434E-08   -0.44198E-09    0.00000E+00    0.00000E+00    0.00000E+00
    0.61588E+07    0.68406E-10    0.46720E-08   -0.42921E-09    0.00000E+00    0.00000E+00    0.00000E+00
    0.61638E+07    0.10101E-09    0.44638E-08   -0.41012E-09    0.00000E+00    0.00000E+00    0.00000E+00
    0.61688E+07    0.14109E-09    0.42231E-08   -0.38039E-09    0.00000E+00    0.00000E+00    0.00000E+00
    0.61738E+07    0.18879E-09    0.39521E-08   -0.34000E-09    0.00000E+00    0.00000E+00    0.00000E+00
    0.61788E+07    0.24416E-09    0.36540E-08   -0.28908E-09    0.00000E+00    0.00000E+00    0.00000E+00
    0.61838E+07    0.30688E-09    0.33332E-08   -0.22745E-09    0.00000E+00    0.00000E+00    0.00000E+00
    0.61888E+07    0.37617E-09    0.29951E-08   -0.15547E-09    0.00000E+00    0.00000E+00    0.00000E+00
    0.61938E+07    0.45082E-09    0.26456E-08   -0.74417E-10    0.00000E+00    0.00000E+00    0.00000E+00
    0.61988E+07    0.52919E-09    0.22913E-08    0.13848E-10    0.00000E+00    0.00000E+00    0.00000E+00
    0.62038E+07    0.61016E-09    0.19367E-08    0.10746E-09    0.00000E+00    0.00000E+00    0.00000E+00
    0.62088E+07    0.69130E-09    0.15918E-08    0.20307E-09    0.00000E+00    0.00000E+00    0.00000E+00
    0.62138E+07    0.76959E-09    0.12656E-08    0.29679E-09    0.00000E+00    0.00000E+00    0.00000E+00
    0.62188E+07    0.84335E-09    0.96378E-09    0.38651E-09    0.00000E+00    0.00000E+00    0.00000E+00
    0.62238E+07    0.91040E-09    0.69316E-09    0.46917E-09    0.00000E+00    0.00000E+00    0.00000E+00
    0.62288E+07    0.96873E-09    0.46017E-09    0.54195E-09    0.00000E+00    0.00000E+00    0.00000E+00
    0.62338E+07    0.10165E-08    0.27044E-09    0.60231E-09    0.00000E+00    0.00000E+00    0.00000E+00
    0.62388E+07    0.10520E-08    0.12857E-09    0.64804E-09    0.00000E+00    0.00000E+00    0.00000E+00
    0.62438E+07    0.10739E-08    0.38032E-10    0.67724E-09    0.00000E+00    0.00000E+00    0.00000E+00
    0.62488E+07    0.10808E-08    0.93350E-12    0.68851E-09    0.00000E+00    0.00000E+00    0.00000E+00
    0.62538E+07    0.10722E-08    0.17960E-10    0.68114E-09    0.00000E+00    0.00000E+00    0.00000E+00
    0.62588E+07    0.10482E-08    0.88334E-10    0.65519E-09    0.00000E+00    0.00000E+00    0.00000E+00
    0.62638E+07    0.10092E-08    0.20985E-09    0.61151E-09    0.00000E+00    0.00000E+00    0.00000E+00
    0.62688E+07    0.95634E-09    0.37897E-09    0.55196E-09    0.00000E+00    0.00000E+00    0.00000E+00
    0.62738E+07    0.89192E-09    0.59097E-09    0.47951E-09    0.00000E+00    0.00000E+00    0.00000E+00
    0.62788E+07    0.81872E-09    0.84020E-09    0.39791E-09    0.00000E+00    0.00000E+00    0.00000E+00
    0.62838E+07    0.74025E-09    0.11202E-08    0.31127E-09    0.00000E+00    0.00000E+00    0.00000E+00
    0.62888E+07    0.65976E-09    0.14243E-08    0.22352E-09    0.00000E+00    0.00000E+00    0.00000E+00
    0.62938E+07    0.58010E-09    0.17456E-08    0.13807E-09    0.00000E+00    0.00000E+00    0.00000E+00
    0.62988E+07    0.50357E-09    0.20774E-08    0.57633E-10    0.00000E+00    0.00000E+00    0.00000E+00
    0.63038E+07    0.42995E-09    0.24228E-08   -0.18389E-10    0.00000E+00    0.00000E+00    0.00000E+00
    0.63088E+07    0.36252E-09    0.27677E-08   -0.85956E-10    0.00000E+00    0.00000E+00    0.00000E+00
    0.63138E+07    0.30337E-09    0.30938E-08   -0.14368E-09    0.00000E+00    0.00000E+00    0.00000E+00
    0.63188E+07    0.25056E-09    0.34072E-08   -0.19545E-09    0.00000E+00    0.00000E+00    0.00000E+00
    0.63238E+07    0.20442E-09    0.37042E-08   -0.24173E-09    0.00000E+00    0.00000E+00    0.00000E+00
    0.63288E+07    0.16170E-09    0.39802E-08   -0.28544E-09    0.00000E+00    0.00000E+00    0.00000E+00
    0.63313E+07    0.14644E-09    0.41784E-08   -0.20918E-09    0.00000E+00    0.00000E+00    0.00000E+00
    0.63326E+07    0.13950E-09    0.42431E-08   -0.21570E-09    0.00000E+00    0.00000E+00    0.00000E+00
    0.63332E+07    0.13608E-09    0.42751E-08   -0.21888E-09    0.00000E+00    0.00000E+00    0.00000E+00
    0.63344E+07    0.12980E-09    0.43343E-08   -0.22469E-09    0.00000E+00    0.00000E+00    0.00000E+00
    0.63354E+07    0.12409E-09    0.43889E-08   -0.22997E-09    0.00000E+00    0.00000E+00    0.00000E+00
    0.63360E+07    0.12129E-09    0.44158E-08   -0.23255E-09    0.00000E+00    0.00000E+00    0.00000E+00
    0.63379E+07    0.11211E-09    0.45054E-08   -0.24089E-09    0.00000E+00    0.00000E+00    0.00000E+00
    0.63397E+07    0.10335E-09    0.45925E-08   -0.24874E-09    0.00000E+00    0.00000E+00    0.00000E+00
    0.63416E+07    0.95014E-10    0.46769E-08   -0.25614E-09    0.00000E+00    0.00000E+00    0.00000E+00
    0.63434E+07    0.87078E-10    0.47589E-08   -0.26280E-09    0.00000E+00    0.00000E+00    0.00000E+00
    0.63453E+07    0.79547E-10    0.48384E-08   -0.26869E-09    0.00000E+00    0.00000E+00    0.00000E+00
    0.63471E+07    0.72433E-10    0.49148E-08   -0.27453E-09    0.00000E+00    0.00000E+00    0.00000E+00
    0.63508E+07    0.59360E-10    0.50591E-08   -0.28473E-09    0.00000E+00    0.00000E+00    0.00000E+00
    0.63508E+07    0.59360E-10    0.50591E-08   -0.28473E-09    0.00000E+00    0.00000E+00    0.00000E+00
    0.63530E+07    0.52357E-10    0.51393E-08   -0.28980E-09    0.00000E+00    0.00000E+00    0.00000E+00
    0.63552E+07    0.45874E-10    0.52151E-08   -0.29482E-09    0.00000E+00    0.00000E+00    0.00000E+00
    0.63574E+07    0.39910E-10    0.52835E-08   -0.30383E-09    0.00000E+00    0.00000E+00    0.00000E+00
    0.63596E+07    0.34338E-10    0.53462E-08   -0.31457E-09    0.00000E+00    0.00000E+00    0.00000E+00
    0.63596E+07    0.66048E-10    0.41702E-08   -0.12794E-08    0.00000E+00    0.00000E+00    0.00000E+00
    0.63607E+07    0.50254E-10    0.41469E-08   -0.13831E-08    0.00000E+00    0.00000E+00    0.00000E+00
    0.63624E+07    0.27811E-10    0.41014E-08   -0.15346E-08    0.00000E+00    0.00000E+00    0.00000E+00
    0.63640E+07    0.10631E-10    0.40408E-08   -0.16768E-08    0.00000E+00    0.00000E+00    0.00000E+00
    0.63656E+07    0.58182E-12    0.28279E-08   -0.30126E-08    0.00000E+00    0.00000E+00    0.00000E+00
    0.63656E+07    0.12179E-08    0.13117E-09   -0.41479E-08    0.00000E+00    0.00000E+00    0.00000E+00
    0.63658E+07    0.86980E-29    0.13431E-09   -0.43515E-08    0.00000E+00    0.00000E+00    0.00000E+00
    0.63658E+07    0.00000E+00    0.00000E+00    0.00000E+00    0.00000E+00    0.00000E+00    0.00000E+00
    0.63671E+07    0.00000E+00    0.00000E+00    0.00000E+00    0.00000E+00    0.00000E+00    0.00000E+00
    0.63684E+07    0.00000E+00    0.00000E+00    0.00000E+00    0.00000E+00    0.00000E+00    0.00000E+00
    0.63697E+07    0.00000E+00    0.00000E+00    0.00000E+00    0.00000E+00    0.00000E+00    0.00000E+00
    0.63710E+07    0.00000E+00    0.00000E+00    0.00000E+00    0.00000E+00    0.00000E+00    0.00000E+00
