    0.34800E+07    0.00000E+00    0.00000E+00    0.00000E+00    0.00000E+00    0.00000E+00    0.00000E+00
    0.34850E+07    0.00000E+00    0.00000E+00    0.00000E+00    0.00000E+00    0.00000E+00    0.00000E+00
    0.34900E+07    0.00000E+00    0.00000E+00    0.00000E+00    0.00000E+00    0.00000E+00    0.00000E+00
    0.34950E+07    0.00000E+00    0.00000E+00    0.00000E+00    0.00000E+00    0.00000E+00    0.00000E+00
    0.35000E+07    0.00000E+00    0.00000E+00    0.00000E+00    0.00000E+00    0.00000E+00    0.00000E+00
    0.35050E+07    0.00000E+00    0.00000E+00    0.00000E+00    0.00000E+00    0.00000E+00    0.00000E+00
    0.35100E+07    0.00000E+00    0.00000E+00    0.00000E+00    0.00000E+00    0.00000E+00    0.00000E+00
    0.35150E+07    0.00000E+00    0.00000E+00    0.00000E+00    0.00000E+00    0.00000E+00    0.00000E+00
    0.35200E+07    0.00000E+00    0.00000E+00    0.00000E+00    0.00000E+00    0.00000E+00    0.00000E+00
    0.35250E+07    0.00000E+00    0.00000E+00    0.00000E+00    0.00000E+00    0.00000E+00    0.00000E+00
    0.35300E+07    0.00000E+00    0.00000E+00    0.00000E+00    0.00000E+00    0.00000E+00    0.00000E+00
    0.35350E+07    0.00000E+00    0.00000E+00    0.00000E+00    0.00000E+00    0.00000E+00    0.00000E+00
    0.35400E+07    0.00000E+00    0.00000E+00    0.00000E+00    0.00000E+00    0.00000E+00    0.00000E+00
    0.35450E+07    0.00000E+00    0.00000E+00    0.00000E+00    0.00000E+00    0.00000E+00    0.00000E+00
    0.35500E+07    0.00000E+00    0.00000E+00    0.00000E+00    0.00000E+00    0.00000E+00    0.00000E+00
    0.35550E+07    0.00000E+00    0.00000E+00    0.00000E+00    0.00000E+00    0.00000E+00    0.00000E+00
    0.35600E+07    0.00000E+00    0.00000E+00    0.00000E+00    0.00000E+00    0.00000E+00    0.00000E+00
    0.35650E+07    0.00000E+00    0.00000E+00    0.00000E+00    0.00000E+00    0.00000E+00    0.00000E+00
    0.35700E+07    0.00000E+00    0.00000E+00    0.00000E+00    0.00000E+00    0.00000E+00    0.00000E+00
    0.35750E+07    0.00000E+00    0.00000E+00    0.00000E+00    0.00000E+00    0.00000E+00    0.00000E+00
    0.35800E+07    0.00000E+00    0.00000E+00    0.00000E+00    0.00000E+00    0.00000E+00    0.00000E+00
    0.35850E+07    0.00000E+00    0.00000E+00    0.00000E+00    0.00000E+00    0.00000E+00    0.00000E+00
    0.35900E+07    0.00000E+00    0.00000E+00    0.00000E+00    0.00000E+00    0.00000E+00    0.00000E+00
    0.35950E+07    0.00000E+00    0.00000E+00    0.00000E+00    0.00000E+00    0.00000E+00    0.00000E+00
    0.36000E+07    0.00000E+00    0.00000E+00    0.00000E+00    0.00000E+00    0.00000E+00    0.00000E+00
    0.36050E+07    0.00000E+00    0.00000E+00    0.00000E+00    0.00000E+00    0.00000E+00    0.00000E+00
    0.36100E+07    0.21454E-33    0.27971E-33    0.28817E-33    0.00000E+00    0.00000E+00    0.00000E+00
    0.36150E+07    0.25888E-33    0.33748E-33    0.34774E-33    0.00000E+00    0.00000E+00    0.00000E+00
    0.36200E+07    0.31226E-33    0.40707E-33    0.41949E-33    0.00000E+00    0.00000E+00    0.00000E+00
    0.36250E+07    0.37650E-33    0.49089E-33    0.50588E-33    0.00000E+00    0.00000E+00    0.00000E+00
    0.36300E+07    0.45379E-33    0.59181E-33    0.60987E-33    0.00000E+00    0.00000E+00    0.00000E+00
    0.36300E+07    0.45380E-33    0.59180E-33    0.60987E-33    0.00000E+00    0.00000E+00    0.00000E+00
    0.36350E+07    0.77779E-33    0.10142E-32    0.10451E-32    0.00000E+00    0.00000E+00    0.00000E+00
    0.36400E+07    0.93831E-33    0.12225E-32    0.12599E-32    0.00000E+00    0.00000E+00    0.00000E+00
    0.36450E+07    0.11314E-32    0.14735E-32    0.15184E-32    0.00000E+00    0.00000E+00    0.00000E+00
    0.36500E+07    0.13636E-32    0.17755E-32    0.18293E-32    0.00000E+00    0.00000E+00    0.00000E+00
    0.36550E+07    0.16428E-32    0.21388E-32    0.22031E-32    0.00000E+00    0.00000E+00    0.00000E+00
    0.36600E+07    0.19783E-32    0.25759E-32    0.26523E-32    0.00000E+00    0.00000E+00    0.00000E+00
    0.36650E+07    0.23814E-32    0.31015E-32    0.31921E-32    0.00000E+00    0.00000E+00    0.00000E+00
    0.36700E+07    0.28655E-32    0.37333E-32    0.38405E-32    0.00000E+00    0.00000E+00    0.00000E+00
    0.36750E+07    0.34467E-32    0.44925E-32    0.46191E-32    0.00000E+00    0.00000E+00    0.00000E+00
    0.36800E+07    0.41442E-32    0.54045E-32    0.55537E-32    0.00000E+00    0.00000E+00    0.00000E+00
    0.36850E+07    0.49811E-32    0.64996E-32    0.66750E-32    0.00000E+00    0.00000E+00    0.00000E+00
    0.36900E+07    0.59849E-32    0.78143E-32    0.80202E-32    0.00000E+00    0.00000E+00    0.00000E+00
    0.36950E+07    0.71884E-32    0.93920E-32    0.96333E-32    0.00000E+00    0.00000E+00    0.00000E+00
    0.37000E+07    0.86309E-32    0.11285E-31    0.11567E-31    0.00000E+00    0.00000E+00    0.00000E+00
    0.37050E+07    0.10359E-31    0.13555E-31    0.13884E-31    0.00000E+00    0.00000E+00    0.00000E+00
    0.37100E+07    0.12430E-31    0.16276E-31    0.16660E-31    0.00000E+00    0.00000E+00    0.00000E+00
    0.37150E+07    0.14909E-31    0.19537E-31    0.19984E-31    0.00000E+00    0.00000E+00    0.00000E+00
    0.37200E+07    0.17876E-31    0.23445E-31    0.23964E-31    0.00000E+00    0.00000E+00    0.00000E+00
    0.37250E+07    0.21427E-31    0.28125E-31    0.28727E-31    0.00000E+00    0.00000E+00    0.00000E+00
    0.37300E+07    0.25675E-31    0.33729E-31    0.34426E-31    0.00000E+00    0.00000E+00    0.00000E+00
    0.37350E+07    0.30754E-31    0.40437E-31    0.41241E-31    0.00000E+00    0.00000E+00    0.00000E+00
    0.37400E+07    0.36827E-31    0.48462E-31    0.49390E-31    0.00000E+00    0.00000E+00    0.00000E+00
    0.37450E+07    0.44084E-31    0.58063E-31    0.59129E-31    0.00000E+00    0.00000E+00    0.00000E+00
    0.37500E+07    0.52753E-31    0.69542E-31    0.70767E-31    0.00000E+00    0.00000E+00    0.00000E+00
    0.37550E+07    0.63107E-31    0.83266E-31    0.84667E-31    0.00000E+00    0.00000E+00    0.00000E+00
    0.37600E+07    0.75469E-31    0.99665E-31    0.10126E-30    0.00000E+00    0.00000E+00    0.00000E+00
    0.37650E+07    0.90224E-31    0.11926E-30    0.12108E-30    0.00000E+00    0.00000E+00    0.00000E+00
    0.37700E+07    0.10783E-30    0.14265E-30    0.14472E-30    0.00000E+00    0.00000E+00    0.00000E+00
    0.37750E+07    0.12882E-30    0.17059E-30    0.17292E-30    0.00000E+00    0.00000E+00    0.00000E+00
    0.37800E+07    0.15386E-30    0.20392E-30    0.20655E-30    0.00000E+00    0.00000E+00    0.00000E+00
    0.37850E+07    0.18370E-30    0.24370E-30    0.24665E-30    0.00000E+00    0.00000E+00    0.00000E+00
    0.37900E+07    0.21927E-30    0.29114E-30    0.29444E-30    0.00000E+00    0.00000E+00    0.00000E+00
    0.37950E+07    0.26163E-30    0.34771E-30    0.35137E-30    0.00000E+00    0.00000E+00    0.00000E+00
    0.38000E+07    0.31207E-30    0.41514E-30    0.41917E-30    0.00000E+00    0.00000E+00    0.00000E+00
    0.38050E+07    0.37213E-30    0.49549E-30    0.49990E-30    0.00000E+00    0.00000E+00    0.00000E+00
    0.38100E+07    0.44360E-30    0.59121E-30    0.59600E-30    0.00000E+00    0.00000E+00    0.00000E+00
    0.38150E+07    0.52863E-30    0.70520E-30    0.71033E-30    0.00000E+00    0.00000E+00    0.00000E+00
    0.38200E+07    0.62977E-30    0.84089E-30    0.84634E-30    0.00000E+00    0.00000E+00    0.00000E+00
    0.38250E+07    0.75001E-30    0.10024E-29    0.10081E-29    0.00000E+00    0.00000E+00    0.00000E+00
    0.38300E+07    0.89293E-30    0.11945E-29    0.12003E-29    0.00000E+00    0.00000E+00    0.00000E+00
    0.38350E+07    0.10628E-29    0.14231E-29    0.14288E-29    0.00000E+00    0.00000E+00    0.00000E+00
    0.38400E+07    0.12645E-29    0.16948E-29    0.17002E-29    0.00000E+00    0.00000E+00    0.00000E+00
    0.38450E+07    0.15040E-29    0.20178E-29    0.20226E-29    0.00000E+00    0.00000E+00    0.00000E+00
    0.38500E+07    0.17884E-29    0.24016E-29    0.24053E-29    0.00000E+00    0.00000E+00    0.00000E+00
    0.38550E+07    0.21258E-29    0.28575E-29    0.28596E-29    0.00000E+00    0.00000E+00    0.00000E+00
    0.38600E+07    0.25262E-29    0.33989E-29    0.33986E-29    0.00000E+00    0.00000E+00    0.00000E+00
    0.38650E+07    0.30010E-29    0.40417E-29    0.40380E-29    0.00000E+00    0.00000E+00    0.00000E+00
    0.38700E+07    0.35640E-29    0.48046E-29    0.47961E-29    0.00000E+00    0.00000E+00    0.00000E+00
    0.38750E+07    0.42313E-29    0.57096E-29    0.56948E-29    0.00000E+00    0.00000E+00    0.00000E+00
    0.38800E+07    0.50219E-29    0.67832E-29    0.67599E-29    0.00000E+00    0.00000E+00    0.00000E+00
    0.38850E+07    0.59584E-29    0.80560E-29    0.80216E-29    0.00000E+00    0.00000E+00    0.00000E+00
    0.38900E+07    0.70675E-29    0.95649E-29    0.95160E-29    0.00000E+00    0.00000E+00    0.00000E+00
    0.38950E+07    0.83803E-29    0.11353E-28    0.11285E-28    0.00000E+00    0.00000E+00    0.00000E+00
    0.39000E+07    0.99341E-29    0.13471E-28    0.13379E-28    0.00000E+00    0.00000E+00    0.00000E+00
    0.39050E+07    0.11772E-28    0.15979E-28    0.15857E-28    0.00000E+00    0.00000E+00    0.00000E+00
    0.39100E+07    0.13946E-28    0.18949E-28    0.18788E-28    0.00000E+00    0.00000E+00    0.00000E+00
    0.39150E+07    0.16517E-28    0.22464E-28    0.22254E-28    0.00000E+00    0.00000E+00    0.00000E+00
    0.39200E+07    0.19555E-28    0.26623E-28    0.26351E-28    0.00000E+00    0.00000E+00    0.00000E+00
    0.39250E+07    0.23145E-28    0.31543E-28    0.31194E-28    0.00000E+00    0.00000E+00    0.00000E+00
    0.39300E+07    0.27386E-28    0.37360E-28    0.36915E-28    0.00000E+00    0.00000E+00    0.00000E+00
    0.39350E+07    0.32395E-28    0.44237E-28    0.43671E-28    0.00000E+00    0.00000E+00    0.00000E+00
    0.39400E+07    0.38307E-28    0.52364E-28    0.51649E-28    0.00000E+00    0.00000E+00    0.00000E+00
    0.39450E+07    0.45286E-28    0.61966E-28    0.61066E-28    0.00000E+00    0.00000E+00    0.00000E+00
    0.39500E+07    0.53519E-28    0.73307E-28    0.72178E-28    0.00000E+00    0.00000E+00    0.00000E+00
    0.39550E+07    0.63229E-28    0.86697E-28    0.85287E-28    0.00000E+00    0.00000E+00    0.00000E+00
    0.39600E+07    0.74680E-28    0.10250E-27    0.10075E-27    0.00000E+00    0.00000E+00    0.00000E+00
    0.39650E+07    0.88178E-28    0.12115E-27    0.11897E-27    0.00000E+00    0.00000E+00    0.00000E+00
    0.39700E+07    0.10408E-27    0.14316E-27    0.14045E-27    0.00000E+00    0.00000E+00    0.00000E+00
    0.39750E+07    0.12282E-27    0.16910E-27    0.16576E-27    0.00000E+00    0.00000E+00    0.00000E+00
    0.39800E+07    0.14489E-27    0.19970E-27    0.19557E-27    0.00000E+00    0.00000E+00    0.00000E+00
    0.39850E+07    0.17088E-27    0.23575E-27    0.23068E-27    0.00000E+00    0.00000E+00    0.00000E+00
    0.39900E+07    0.20146E-27    0.27824E-27    0.27200E-27    0.00000E+00    0.00000E+00    0.00000E+00
    0.39950E+07    0.23745E-27    0.32829E-27    0.32064E-27    0.00000E+00    0.00000E+00    0.00000E+00
    0.40000E+07    0.27978E-27    0.38722E-27    0.37785E-27    0.00000E+00    0.00000E+00    0.00000E+00
    0.40050E+07    0.32957E-27    0.45661E-27    0.44515E-27    0.00000E+00    0.00000E+00    0.00000E+00
    0.40100E+07    0.38809E-27    0.53826E-27    0.52428E-27    0.00000E+00    0.00000E+00    0.00000E+00
    0.40150E+07    0.45688E-27    0.63434E-27    0.61729E-27    0.00000E+00    0.00000E+00    0.00000E+00
    0.40200E+07    0.53770E-27    0.74735E-27    0.72658E-27    0.00000E+00    0.00000E+00    0.00000E+00
    0.40250E+07    0.63263E-27    0.88023E-27    0.85498E-27    0.00000E+00    0.00000E+00    0.00000E+00
    0.40300E+07    0.74410E-27    0.10364E-26    0.10058E-26    0.00000E+00    0.00000E+00    0.00000E+00
    0.40350E+07    0.87496E-27    0.12200E-26    0.11828E-26    0.00000E+00    0.00000E+00    0.00000E+00
    0.40400E+07    0.10285E-26    0.14357E-26    0.13906E-26    0.00000E+00    0.00000E+00    0.00000E+00
    0.40450E+07    0.12087E-26    0.16890E-26    0.16344E-26    0.00000E+00    0.00000E+00    0.00000E+00
    0.40500E+07    0.14200E-26    0.19865E-26    0.19204E-26    0.00000E+00    0.00000E+00    0.00000E+00
    0.40550E+07    0.16678E-26    0.23356E-26    0.22558E-26    0.00000E+00    0.00000E+00    0.00000E+00
    0.40600E+07    0.19582E-26    0.27454E-26    0.26491E-26    0.00000E+00    0.00000E+00    0.00000E+00
    0.40650E+07    0.22986E-26    0.32261E-26    0.31099E-26    0.00000E+00    0.00000E+00    0.00000E+00
    0.40700E+07    0.26973E-26    0.37898E-26    0.36499E-26    0.00000E+00    0.00000E+00    0.00000E+00
    0.40750E+07    0.31643E-26    0.44509E-26    0.42824E-26    0.00000E+00    0.00000E+00    0.00000E+00
    0.40800E+07    0.37111E-26    0.52257E-26    0.50230E-26    0.00000E+00    0.00000E+00    0.00000E+00
    0.40850E+07    0.43510E-26    0.61337E-26    0.58900E-26    0.00000E+00    0.00000E+00    0.00000E+00
    0.40900E+07    0.50999E-26    0.71974E-26    0.69048E-26    0.00000E+00    0.00000E+00    0.00000E+00
    0.40950E+07    0.59760E-26    0.84431E-26    0.80919E-26    0.00000E+00    0.00000E+00    0.00000E+00
    0.41000E+07    0.70005E-26    0.99017E-26    0.94805E-26    0.00000E+00    0.00000E+00    0.00000E+00
    0.41050E+07    0.81983E-26    0.11609E-25    0.11104E-25    0.00000E+00    0.00000E+00    0.00000E+00
    0.41100E+07    0.95983E-26    0.13607E-25    0.13002E-25    0.00000E+00    0.00000E+00    0.00000E+00
    0.41150E+07    0.11234E-25    0.15944E-25    0.15220E-25    0.00000E+00    0.00000E+00    0.00000E+00
    0.41200E+07    0.13145E-25    0.18677E-25    0.17812E-25    0.00000E+00    0.00000E+00    0.00000E+00
    0.41250E+07    0.15377E-25    0.21873E-25    0.20839E-25    0.00000E+00    0.00000E+00    0.00000E+00
    0.41300E+07    0.17982E-25    0.25608E-25    0.24373E-25    0.00000E+00    0.00000E+00    0.00000E+00
    0.41350E+07    0.21023E-25    0.29973E-25    0.28498E-25    0.00000E+00    0.00000E+00    0.00000E+00
    0.41400E+07    0.24571E-25    0.35072E-25    0.33313E-25    0.00000E+00    0.00000E+00    0.00000E+00
    0.41450E+07    0.28710E-25    0.41026E-25    0.38929E-25    0.00000E+00    0.00000E+00    0.00000E+00
    0.41500E+07    0.33536E-25    0.47979E-25    0.45480E-25    0.00000E+00    0.00000E+00    0.00000E+00
    0.41550E+07    0.39163E-25    0.56094E-25    0.53118E-25    0.00000E+00    0.00000E+00    0.00000E+00
    0.41600E+07    0.45720E-25    0.65563E-25    0.62021E-25    0.00000E+00    0.00000E+00    0.00000E+00
    0.41650E+07    0.53361E-25    0.76609E-25    0.72396E-25    0.00000E+00    0.00000E+00    0.00000E+00
    0.41700E+07    0.62262E-25    0.89492E-25    0.84483E-25    0.00000E+00    0.00000E+00    0.00000E+00
    0.41750E+07    0.72626E-25    0.10451E-24    0.98560E-25    0.00000E+00    0.00000E+00    0.00000E+00
    0.41800E+07    0.84692E-25    0.12202E-24    0.11495E-24    0.00000E+00    0.00000E+00    0.00000E+00
    0.41850E+07    0.98735E-25    0.14242E-24    0.13403E-24    0.00000E+00    0.00000E+00    0.00000E+00
    0.41900E+07    0.11507E-24    0.16619E-24    0.15623E-24    0.00000E+00    0.00000E+00    0.00000E+00
    0.41950E+07    0.13408E-24    0.19386E-24    0.18206E-24    0.00000E+00    0.00000E+00    0.00000E+00
    0.42000E+07    0.15618E-24    0.22609E-24    0.21210E-24    0.00000E+00    0.00000E+00    0.00000E+00
    0.42050E+07    0.18187E-24    0.26360E-24    0.24702E-24    0.00000E+00    0.00000E+00    0.00000E+00
    0.42100E+07    0.21173E-24    0.30725E-24    0.28762E-24    0.00000E+00    0.00000E+00    0.00000E+00
    0.42150E+07    0.24643E-24    0.35803E-24    0.33480E-24    0.00000E+00    0.00000E+00    0.00000E+00
    0.42200E+07    0.28673E-24    0.41709E-24    0.38960E-24    0.00000E+00    0.00000E+00    0.00000E+00
    0.42250E+07    0.33353E-24    0.48575E-24    0.45326E-24    0.00000E+00    0.00000E+00    0.00000E+00
    0.42300E+07    0.38786E-24    0.56557E-24    0.52716E-24    0.00000E+00    0.00000E+00    0.00000E+00
    0.42350E+07    0.45092E-24    0.65832E-24    0.61295E-24    0.00000E+00    0.00000E+00    0.00000E+00
    0.42400E+07    0.52408E-24    0.76608E-24    0.71250E-24    0.00000E+00    0.00000E+00    0.00000E+00
    0.42450E+07    0.60895E-24    0.89123E-24    0.82799E-24    0.00000E+00    0.00000E+00    0.00000E+00
    0.42500E+07    0.70737E-24    0.10365E-23    0.96194E-24    0.00000E+00    0.00000E+00    0.00000E+00
    0.42550E+07    0.82146E-24    0.12052E-23    0.11172E-23    0.00000E+00    0.00000E+00    0.00000E+00
    0.42600E+07    0.95369E-24    0.14010E-23    0.12973E-23    0.00000E+00    0.00000E+00    0.00000E+00
    0.42650E+07    0.11069E-23    0.16281E-23    0.15059E-23    0.00000E+00    0.00000E+00    0.00000E+00
    0.42700E+07    0.12844E-23    0.18915E-23    0.17476E-23    0.00000E+00    0.00000E+00    0.00000E+00
    0.42750E+07    0.14899E-23    0.21970E-23    0.20275E-23    0.00000E+00    0.00000E+00    0.00000E+00
    0.42800E+07    0.17279E-23    0.25511E-23    0.23516E-23    0.00000E+00    0.00000E+00    0.00000E+00
    0.42850E+07    0.20033E-23    0.29614E-23    0.27268E-23    0.00000E+00    0.00000E+00    0.00000E+00
    0.42900E+07    0.23219E-23    0.34369E-23    0.31610E-23    0.00000E+00    0.00000E+00    0.00000E+00
    0.42950E+07    0.26906E-23    0.39876E-23    0.36633E-23    0.00000E+00    0.00000E+00    0.00000E+00
    0.43000E+07    0.31169E-23    0.46253E-23    0.42443E-23    0.00000E+00    0.00000E+00    0.00000E+00
    0.43050E+07    0.36097E-23    0.53635E-23    0.49162E-23    0.00000E+00    0.00000E+00    0.00000E+00
    0.43100E+07    0.41794E-23    0.62180E-23    0.56928E-23    0.00000E+00    0.00000E+00    0.00000E+00
    0.43150E+07    0.48376E-23    0.72066E-23    0.65903E-23    0.00000E+00    0.00000E+00    0.00000E+00
    0.43200E+07    0.55980E-23    0.83502E-23    0.76272E-23    0.00000E+00    0.00000E+00    0.00000E+00
    0.43250E+07    0.64762E-23    0.96728E-23    0.88249E-23    0.00000E+00    0.00000E+00    0.00000E+00
    0.43300E+07    0.74901E-23    0.11202E-22    0.10208E-22    0.00000E+00    0.00000E+00    0.00000E+00
    0.43350E+07    0.86605E-23    0.12969E-22    0.11804E-22    0.00000E+00    0.00000E+00    0.00000E+00
    0.43400E+07    0.10011E-22    0.15011E-22    0.13647E-22    0.00000E+00    0.00000E+00    0.00000E+00
    0.43450E+07    0.11569E-22    0.17370E-22    0.15773E-22    0.00000E+00    0.00000E+00    0.00000E+00
    0.43500E+07    0.13366E-22    0.20095E-22    0.18225E-22    0.00000E+00    0.00000E+00    0.00000E+00
    0.43550E+07    0.15437E-22    0.23240E-22    0.21053E-22    0.00000E+00    0.00000E+00    0.00000E+00
    0.43600E+07    0.17826E-22    0.26871E-22    0.24313E-22    0.00000E+00    0.00000E+00    0.00000E+00
    0.43650E+07    0.20578E-22    0.31062E-22    0.28070E-22    0.00000E+00    0.00000E+00    0.00000E+00
    0.43700E+07    0.23748E-22    0.35896E-22    0.32400E-22    0.00000E+00    0.00000E+00    0.00000E+00
    0.43750E+07    0.27400E-22    0.41471E-22    0.37387E-22    0.00000E+00    0.00000E+00    0.00000E+00
    0.43800E+07    0.31605E-22    0.47900E-22    0.43130E-22    0.00000E+00    0.00000E+00    0.00000E+00
    0.43850E+07    0.36445E-22    0.55311E-22    0.49742E-22    0.00000E+00    0.00000E+00    0.00000E+00
    0.43900E+07    0.42016E-22    0.63853E-22    0.57352E-22    0.00000E+00    0.00000E+00    0.00000E+00
    0.43950E+07    0.48425E-22    0.73693E-22    0.66109E-22    0.00000E+00    0.00000E+00    0.00000E+00
    0.44000E+07    0.55796E-22    0.85029E-22    0.76183E-22    0.00000E+00    0.00000E+00    0.00000E+00
    0.44050E+07    0.64273E-22    0.98082E-22    0.87769E-22    0.00000E+00    0.00000E+00    0.00000E+00
    0.44100E+07    0.74018E-22    0.11311E-21    0.10109E-21    0.00000E+00    0.00000E+00    0.00000E+00
    0.44150E+07    0.85219E-22    0.13041E-21    0.11640E-21    0.00000E+00    0.00000E+00    0.00000E+00
    0.44200E+07    0.98087E-22    0.15031E-21    0.13400E-21    0.00000E+00    0.00000E+00    0.00000E+00
    0.44250E+07    0.11287E-21    0.17320E-21    0.15421E-21    0.00000E+00    0.00000E+00    0.00000E+00
    0.44300E+07    0.12985E-21    0.19953E-21    0.17743E-21    0.00000E+00    0.00000E+00    0.00000E+00
    0.44350E+07    0.14934E-21    0.22980E-21    0.20409E-21    0.00000E+00    0.00000E+00    0.00000E+00
    0.44400E+07    0.17171E-21    0.26460E-21    0.23469E-21    0.00000E+00    0.00000E+00    0.00000E+00
    0.44450E+07    0.19737E-21    0.30459E-21    0.26981E-21    0.00000E+00    0.00000E+00    0.00000E+00
    0.44500E+07    0.22682E-21    0.35053E-21    0.31010E-21    0.00000E+00    0.00000E+00    0.00000E+00
    0.44550E+07    0.26059E-21    0.40329E-21    0.35631E-21    0.00000E+00    0.00000E+00    0.00000E+00
    0.44600E+07    0.29931E-21    0.46388E-21    0.40931E-21    0.00000E+00    0.00000E+00    0.00000E+00
    0.44650E+07    0.34369E-21    0.53344E-21    0.47006E-21    0.00000E+00    0.00000E+00    0.00000E+00
    0.44700E+07    0.39455E-21    0.61326E-21    0.53969E-21    0.00000E+00    0.00000E+00    0.00000E+00
    0.44750E+07    0.45282E-21    0.70485E-21    0.61947E-21    0.00000E+00    0.00000E+00    0.00000E+00
    0.44800E+07    0.51955E-21    0.80991E-21    0.71086E-21    0.00000E+00    0.00000E+00    0.00000E+00
    0.44850E+07    0.59597E-21    0.93039E-21    0.81552E-21    0.00000E+00    0.00000E+00    0.00000E+00
    0.44900E+07    0.68345E-21    0.10685E-20    0.93534E-21    0.00000E+00    0.00000E+00    0.00000E+00
    0.44950E+07    0.78356E-21    0.12268E-20    0.10725E-20    0.00000E+00    0.00000E+00    0.00000E+00
    0.45000E+07    0.89810E-21    0.14083E-20    0.12294E-20    0.00000E+00    0.00000E+00    0.00000E+00
    0.45050E+07    0.10291E-20    0.16161E-20    0.14089E-20    0.00000E+00    0.00000E+00    0.00000E+00
    0.45100E+07    0.11789E-20    0.18541E-20    0.16143E-20    0.00000E+00    0.00000E+00    0.00000E+00
    0.45150E+07    0.13502E-20    0.21267E-20    0.18490E-20    0.00000E+00    0.00000E+00    0.00000E+00
    0.45200E+07    0.15460E-20    0.24387E-20    0.21174E-20    0.00000E+00    0.00000E+00    0.00000E+00
    0.45250E+07    0.17697E-20    0.27958E-20    0.24240E-20    0.00000E+00    0.00000E+00    0.00000E+00
    0.45300E+07    0.20252E-20    0.32043E-20    0.27744E-20    0.00000E+00    0.00000E+00    0.00000E+00
    0.45350E+07    0.23170E-20    0.36716E-20    0.31746E-20    0.00000E+00    0.00000E+00    0.00000E+00
    0.45400E+07    0.26502E-20    0.42059E-20    0.36315E-20    0.00000E+00    0.00000E+00    0.00000E+00
    0.45450E+07    0.30305E-20    0.48169E-20    0.41531E-20    0.00000E+00    0.00000E+00    0.00000E+00
    0.45500E+07    0.34645E-20    0.55151E-20    0.47485E-20    0.00000E+00    0.00000E+00    0.00000E+00
    0.45550E+07    0.39596E-20    0.63130E-20    0.54278E-20    0.00000E+00    0.00000E+00    0.00000E+00
    0.45600E+07    0.45243E-20    0.72245E-20    0.62026E-20    0.00000E+00    0.00000E+00    0.00000E+00
    0.45650E+07    0.51682E-20    0.82656E-20    0.70862E-20    0.00000E+00    0.00000E+00    0.00000E+00
    0.45700E+07    0.59022E-20    0.94542E-20    0.80936E-20    0.00000E+00    0.00000E+00    0.00000E+00
    0.45750E+07    0.67387E-20    0.10811E-19    0.92418E-20    0.00000E+00    0.00000E+00    0.00000E+00
    0.45800E+07    0.76918E-20    0.12360E-19    0.10550E-19    0.00000E+00    0.00000E+00    0.00000E+00
    0.45850E+07    0.87775E-20    0.14126E-19    0.12041E-19    0.00000E+00    0.00000E+00    0.00000E+00
    0.45900E+07    0.10014E-19    0.16141E-19    0.13738E-19    0.00000E+00    0.00000E+00    0.00000E+00
    0.45950E+07    0.11421E-19    0.18440E-19    0.15671E-19    0.00000E+00    0.00000E+00    0.00000E+00
    0.46000E+07    0.13023E-19    0.21059E-19    0.17871E-19    0.00000E+00    0.00000E+00    0.00000E+00
    0.46050E+07    0.14846E-19    0.24046E-19    0.20375E-19    0.00000E+00    0.00000E+00    0.00000E+00
    0.46100E+07    0.16920E-19    0.27448E-19    0.23224E-19    0.00000E+00    0.00000E+00    0.00000E+00
    0.46150E+07    0.19278E-19    0.31325E-19    0.26464E-19    0.00000E+00    0.00000E+00    0.00000E+00
    0.46200E+07    0.21959E-19    0.35740E-19    0.30148E-19    0.00000E+00    0.00000E+00    0.00000E+00
    0.46250E+07    0.25007E-19    0.40766E-19    0.34337E-19    0.00000E+00    0.00000E+00    0.00000E+00
    0.46300E+07    0.28471E-19    0.46489E-19    0.39097E-19    0.00000E+00    0.00000E+00    0.00000E+00
    0.46350E+07    0.32406E-19    0.53001E-19    0.44506E-19    0.00000E+00    0.00000E+00    0.00000E+00
    0.46400E+07    0.36876E-19    0.60411E-19    0.50650E-19    0.00000E+00    0.00000E+00    0.00000E+00
    0.46450E+07    0.41951E-19    0.68839E-19    0.57628E-19    0.00000E+00    0.00000E+00    0.00000E+00
    0.46500E+07    0.47712E-19    0.78424E-19    0.65550E-19    0.00000E+00    0.00000E+00    0.00000E+00
    0.46550E+07    0.54251E-19    0.89321E-19    0.74543E-19    0.00000E+00    0.00000E+00    0.00000E+00
    0.46600E+07    0.61671E-19    0.10171E-18    0.84747E-19    0.00000E+00    0.00000E+00    0.00000E+00
    0.46650E+07    0.70087E-19    0.11578E-18    0.96323E-19    0.00000E+00    0.00000E+00    0.00000E+00
    0.46700E+07    0.79632E-19    0.13177E-18    0.10945E-18    0.00000E+00    0.00000E+00    0.00000E+00
    0.46750E+07    0.90453E-19    0.14993E-18    0.12434E-18    0.00000E+00    0.00000E+00    0.00000E+00
    0.46800E+07    0.10272E-18    0.17055E-18    0.14122E-18    0.00000E+00    0.00000E+00    0.00000E+00
    0.46850E+07    0.11662E-18    0.19396E-18    0.16034E-18    0.00000E+00    0.00000E+00    0.00000E+00
    0.46900E+07    0.13236E-18    0.22053E-18    0.18201E-18    0.00000E+00    0.00000E+00    0.00000E+00
    0.46950E+07    0.15020E-18    0.25067E-18    0.20656E-18    0.00000E+00    0.00000E+00    0.00000E+00
    0.47000E+07    0.17039E-18    0.28487E-18    0.23436E-18    0.00000E+00    0.00000E+00    0.00000E+00
    0.47050E+07    0.19325E-18    0.32365E-18    0.26582E-18    0.00000E+00    0.00000E+00    0.00000E+00
    0.47100E+07    0.21912E-18    0.36761E-18    0.30144E-18    0.00000E+00    0.00000E+00    0.00000E+00
    0.47150E+07    0.24839E-18    0.41745E-18    0.34175E-18    0.00000E+00    0.00000E+00    0.00000E+00
    0.47200E+07    0.28150E-18    0.47393E-18    0.38734E-18    0.00000E+00    0.00000E+00    0.00000E+00
    0.47250E+07    0.31894E-18    0.53791E-18    0.43891E-18    0.00000E+00    0.00000E+00    0.00000E+00
    0.47300E+07    0.36127E-18    0.61039E-18    0.49721E-18    0.00000E+00    0.00000E+00    0.00000E+00
    0.47350E+07    0.40911E-18    0.69245E-18    0.56311E-18    0.00000E+00    0.00000E+00    0.00000E+00
    0.47400E+07    0.46317E-18    0.78536E-18    0.63759E-18    0.00000E+00    0.00000E+00    0.00000E+00
    0.47450E+07    0.52424E-18    0.89051E-18    0.72173E-18    0.00000E+00    0.00000E+00    0.00000E+00
    0.47500E+07    0.59321E-18    0.10095E-17    0.81678E-18    0.00000E+00    0.00000E+00    0.00000E+00
    0.47550E+07    0.67109E-18    0.11441E-17    0.92410E-18    0.00000E+00    0.00000E+00    0.00000E+00
    0.47600E+07    0.75900E-18    0.12963E-17    0.10453E-17    0.00000E+00    0.00000E+00    0.00000E+00
    0.47650E+07    0.85821E-18    0.14684E-17    0.11820E-17    0.00000E+00    0.00000E+00    0.00000E+00
    0.47700E+07    0.97014E-18    0.16630E-17    0.13363E-17    0.00000E+00    0.00000E+00    0.00000E+00
    0.47750E+07    0.10964E-17    0.18829E-17    0.15103E-17    0.00000E+00    0.00000E+00    0.00000E+00
    0.47800E+07    0.12388E-17    0.21313E-17    0.17066E-17    0.00000E+00    0.00000E+00    0.00000E+00
    0.47850E+07    0.13993E-17    0.24120E-17    0.19279E-17    0.00000E+00    0.00000E+00    0.00000E+00
    0.47900E+07    0.15801E-17    0.27289E-17    0.21774E-17    0.00000E+00    0.00000E+00    0.00000E+00
    0.47950E+07    0.17840E-17    0.30867E-17    0.24585E-17    0.00000E+00    0.00000E+00    0.00000E+00
    0.48000E+07    0.20136E-17    0.34905E-17    0.27752E-17    0.00000E+00    0.00000E+00    0.00000E+00
    0.48050E+07    0.22722E-17    0.39462E-17    0.31319E-17    0.00000E+00    0.00000E+00    0.00000E+00
    0.48100E+07    0.25633E-17    0.44604E-17    0.35336E-17    0.00000E+00    0.00000E+00    0.00000E+00
    0.48150E+07    0.28910E-17    0.50403E-17    0.39857E-17    0.00000E+00    0.00000E+00    0.00000E+00
    0.48200E+07    0.32598E-17    0.56942E-17    0.44946E-17    0.00000E+00    0.00000E+00    0.00000E+00
    0.48250E+07    0.36748E-17    0.64313E-17    0.50671E-17    0.00000E+00    0.00000E+00    0.00000E+00
    0.48300E+07    0.41415E-17    0.72621E-17    0.57112E-17    0.00000E+00    0.00000E+00    0.00000E+00
    0.48350E+07    0.46662E-17    0.81982E-17    0.64354E-17    0.00000E+00    0.00000E+00    0.00000E+00
    0.48400E+07    0.52562E-17    0.92527E-17    0.72497E-17    0.00000E+00    0.00000E+00    0.00000E+00
    0.48450E+07    0.59192E-17    0.10440E-16    0.81649E-17    0.00000E+00    0.00000E+00    0.00000E+00
    0.48500E+07    0.66642E-17    0.11778E-16    0.91934E-17    0.00000E+00    0.00000E+00    0.00000E+00
    0.48550E+07    0.75010E-17    0.13283E-16    0.10349E-16    0.00000E+00    0.00000E+00    0.00000E+00
    0.48600E+07    0.84408E-17    0.14977E-16    0.11646E-16    0.00000E+00    0.00000E+00    0.00000E+00
    0.48650E+07    0.94960E-17    0.16883E-16    0.13103E-16    0.00000E+00    0.00000E+00    0.00000E+00
    0.48700E+07    0.10680E-16    0.19026E-16    0.14739E-16    0.00000E+00    0.00000E+00    0.00000E+00
    0.48750E+07    0.12009E-16    0.21437E-16    0.16574E-16    0.00000E+00    0.00000E+00    0.00000E+00
    0.48800E+07    0.13500E-16    0.24147E-16    0.18634E-16    0.00000E+00    0.00000E+00    0.00000E+00
    0.48850E+07    0.15173E-16    0.27194E-16    0.20944E-16    0.00000E+00    0.00000E+00    0.00000E+00
    0.48900E+07    0.17048E-16    0.30617E-16    0.23534E-16    0.00000E+00    0.00000E+00    0.00000E+00
    0.48950E+07    0.19150E-16    0.34463E-16    0.26438E-16    0.00000E+00    0.00000E+00    0.00000E+00
    0.49000E+07    0.21505E-16    0.38782E-16    0.29693E-16    0.00000E+00    0.00000E+00    0.00000E+00
    0.49050E+07    0.24145E-16    0.43632E-16    0.33340E-16    0.00000E+00    0.00000E+00    0.00000E+00
    0.49100E+07    0.27101E-16    0.49077E-16    0.37425E-16    0.00000E+00    0.00000E+00    0.00000E+00
    0.49150E+07    0.30412E-16    0.55188E-16    0.42001E-16    0.00000E+00    0.00000E+00    0.00000E+00
    0.49200E+07    0.34119E-16    0.62045E-16    0.47123E-16    0.00000E+00    0.00000E+00    0.00000E+00
    0.49250E+07    0.38268E-16    0.69737E-16    0.52858E-16    0.00000E+00    0.00000E+00    0.00000E+00
    0.49300E+07    0.42910E-16    0.78363E-16    0.59275E-16    0.00000E+00    0.00000E+00    0.00000E+00
    0.49350E+07    0.48104E-16    0.88035E-16    0.66454E-16    0.00000E+00    0.00000E+00    0.00000E+00
    0.49400E+07    0.53912E-16    0.98877E-16    0.74483E-16    0.00000E+00    0.00000E+00    0.00000E+00
    0.49450E+07    0.60407E-16    0.11103E-15    0.83462E-16    0.00000E+00    0.00000E+00    0.00000E+00
    0.49500E+07    0.67667E-16    0.12464E-15    0.93500E-16    0.00000E+00    0.00000E+00    0.00000E+00
    0.49550E+07    0.75780E-16    0.13989E-15    0.10472E-15    0.00000E+00    0.00000E+00    0.00000E+00
    0.49600E+07    0.84844E-16    0.15696E-15    0.11725E-15    0.00000E+00    0.00000E+00    0.00000E+00
    0.49650E+07    0.94969E-16    0.17608E-15    0.13125E-15    0.00000E+00    0.00000E+00    0.00000E+00
    0.49700E+07    0.10627E-15    0.19747E-15    0.14689E-15    0.00000E+00    0.00000E+00    0.00000E+00
    0.49750E+07    0.11890E-15    0.22142E-15    0.16434E-15    0.00000E+00    0.00000E+00    0.00000E+00
    0.49800E+07    0.13298E-15    0.24820E-15    0.18383E-15    0.00000E+00    0.00000E+00    0.00000E+00
    0.49850E+07    0.14870E-15    0.27816E-15    0.20557E-15    0.00000E+00    0.00000E+00    0.00000E+00
    0.49900E+07    0.16623E-15    0.31166E-15    0.22982E-15    0.00000E+00    0.00000E+00    0.00000E+00
    0.49950E+07    0.18579E-15    0.34910E-15    0.25687E-15    0.00000E+00    0.00000E+00    0.00000E+00
    0.50000E+07    0.20759E-15    0.39096E-15    0.28703E-15    0.00000E+00    0.00000E+00    0.00000E+00
    0.50050E+07    0.23189E-15    0.43772E-15    0.32065E-15    0.00000E+00    0.00000E+00    0.00000E+00
    0.50100E+07    0.25897E-15    0.48996E-15    0.35812E-15    0.00000E+00    0.00000E+00    0.00000E+00
    0.50150E+07    0.28914E-15    0.54829E-15    0.39986E-15    0.00000E+00    0.00000E+00    0.00000E+00
    0.50200E+07    0.32274E-15    0.61343E-15    0.44635E-15    0.00000E+00    0.00000E+00    0.00000E+00
    0.50250E+07    0.36015E-15    0.68614E-15    0.49813E-15    0.00000E+00    0.00000E+00    0.00000E+00
    0.50300E+07    0.40180E-15    0.76728E-15    0.55576E-15    0.00000E+00    0.00000E+00    0.00000E+00
    0.50350E+07    0.44815E-15    0.85780E-15    0.61991E-15    0.00000E+00    0.00000E+00    0.00000E+00
    0.50400E+07    0.49972E-15    0.95877E-15    0.69128E-15    0.00000E+00    0.00000E+00    0.00000E+00
    0.50450E+07    0.55708E-15    0.10714E-14    0.77067E-15    0.00000E+00    0.00000E+00    0.00000E+00
    0.50500E+07    0.62087E-15    0.11969E-14    0.85896E-15    0.00000E+00    0.00000E+00    0.00000E+00
    0.50550E+07    0.69179E-15    0.13368E-14    0.95711E-15    0.00000E+00    0.00000E+00    0.00000E+00
    0.50600E+07    0.77061E-15    0.14927E-14    0.10662E-14    0.00000E+00    0.00000E+00    0.00000E+00
    0.50650E+07    0.85818E-15    0.16664E-14    0.11874E-14    0.00000E+00    0.00000E+00    0.00000E+00
    0.50700E+07    0.95547E-15    0.18598E-14    0.13221E-14    0.00000E+00    0.00000E+00    0.00000E+00
    0.50750E+07    0.10635E-14    0.20752E-14    0.14717E-14    0.00000E+00    0.00000E+00    0.00000E+00
    0.50800E+07    0.11835E-14    0.23150E-14    0.16378E-14    0.00000E+00    0.00000E+00    0.00000E+00
    0.50850E+07    0.13166E-14    0.25818E-14    0.18221E-14    0.00000E+00    0.00000E+00    0.00000E+00
    0.50900E+07    0.14644E-14    0.28787E-14    0.20267E-14    0.00000E+00    0.00000E+00    0.00000E+00
    0.50950E+07    0.16283E-14    0.32090E-14    0.22536E-14    0.00000E+00    0.00000E+00    0.00000E+00
    0.51000E+07    0.18101E-14    0.35763E-14    0.25054E-14    0.00000E+00    0.00000E+00    0.00000E+00
    0.51050E+07    0.20117E-14    0.39846E-14    0.27845E-14    0.00000E+00    0.00000E+00    0.00000E+00
    0.51100E+07    0.22352E-14    0.44385E-14    0.30939E-14    0.00000E+00    0.00000E+00    0.00000E+00
    0.51150E+07    0.24829E-14    0.49429E-14    0.34368E-14    0.00000E+00    0.00000E+00    0.00000E+00
    0.51200E+07    0.27572E-14    0.55032E-14    0.38167E-14    0.00000E+00    0.00000E+00    0.00000E+00
    0.51250E+07    0.30612E-14    0.61256E-14    0.42376E-14    0.00000E+00    0.00000E+00    0.00000E+00
    0.51300E+07    0.33977E-14    0.68167E-14    0.47036E-14    0.00000E+00    0.00000E+00    0.00000E+00
    0.51350E+07    0.37703E-14    0.75840E-14    0.52195E-14    0.00000E+00    0.00000E+00    0.00000E+00
    0.51400E+07    0.41826E-14    0.84355E-14    0.57905E-14    0.00000E+00    0.00000E+00    0.00000E+00
    0.51450E+07    0.46388E-14    0.93803E-14    0.64222E-14    0.00000E+00    0.00000E+00    0.00000E+00
    0.51500E+07    0.51435E-14    0.10428E-13    0.71211E-14    0.00000E+00    0.00000E+00    0.00000E+00
    0.51550E+07    0.57016E-14    0.11591E-13    0.78939E-14    0.00000E+00    0.00000E+00    0.00000E+00
    0.51600E+07    0.63186E-14    0.12880E-13    0.87483E-14    0.00000E+00    0.00000E+00    0.00000E+00
    0.51650E+07    0.70005E-14    0.14308E-13    0.96927E-14    0.00000E+00    0.00000E+00    0.00000E+00
    0.51700E+07    0.77540E-14    0.15891E-13    0.10736E-13    0.00000E+00    0.00000E+00    0.00000E+00
    0.51750E+07    0.85865E-14    0.17645E-13    0.11889E-13    0.00000E+00    0.00000E+00    0.00000E+00
    0.51800E+07    0.95057E-14    0.19588E-13    0.13162E-13    0.00000E+00    0.00000E+00    0.00000E+00
    0.51850E+07    0.10521E-13    0.21739E-13    0.14567E-13    0.00000E+00    0.00000E+00    0.00000E+00
    0.51900E+07    0.11641E-13    0.24121E-13    0.16119E-13    0.00000E+00    0.00000E+00    0.00000E+00
    0.51950E+07    0.12877E-13    0.26757E-13    0.17831E-13    0.00000E+00    0.00000E+00    0.00000E+00
    0.52000E+07    0.14241E-13    0.29674E-13    0.19719E-13    0.00000E+00    0.00000E+00    0.00000E+00
    0.52050E+07    0.15745E-13    0.32901E-13    0.21802E-13    0.00000E+00    0.00000E+00    0.00000E+00
    0.52100E+07    0.17404E-13    0.36470E-13    0.24099E-13    0.00000E+00    0.00000E+00    0.00000E+00
    0.52150E+07    0.19232E-13    0.40415E-13    0.26630E-13    0.00000E+00    0.00000E+00    0.00000E+00
    0.52200E+07    0.21246E-13    0.44777E-13    0.29419E-13    0.00000E+00    0.00000E+00    0.00000E+00
    0.52250E+07    0.23466E-13    0.49597E-13    0.32492E-13    0.00000E+00    0.00000E+00    0.00000E+00
    0.52300E+07    0.25910E-13    0.54923E-13    0.35877E-13    0.00000E+00    0.00000E+00    0.00000E+00
    0.52350E+07    0.28601E-13    0.60805E-13    0.39603E-13    0.00000E+00    0.00000E+00    0.00000E+00
    0.52400E+07    0.31564E-13    0.67300E-13    0.43705E-13    0.00000E+00    0.00000E+00    0.00000E+00
    0.52450E+07    0.34824E-13    0.74471E-13    0.48218E-13    0.00000E+00    0.00000E+00    0.00000E+00
    0.52500E+07    0.38411E-13    0.82386E-13    0.53184E-13    0.00000E+00    0.00000E+00    0.00000E+00
    0.52550E+07    0.42356E-13    0.91119E-13    0.58646E-13    0.00000E+00    0.00000E+00    0.00000E+00
    0.52600E+07    0.46693E-13    0.10075E-12    0.64651E-13    0.00000E+00    0.00000E+00    0.00000E+00
    0.52650E+07    0.51462E-13    0.11138E-12    0.71251E-13    0.00000E+00    0.00000E+00    0.00000E+00
    0.52700E+07    0.56702E-13    0.12309E-12    0.78505E-13    0.00000E+00    0.00000E+00    0.00000E+00
    0.52750E+07    0.62459E-13    0.13601E-12    0.86473E-13    0.00000E+00    0.00000E+00    0.00000E+00
    0.52800E+07    0.68782E-13    0.15024E-12    0.95225E-13    0.00000E+00    0.00000E+00    0.00000E+00
    0.52850E+07    0.75725E-13    0.16592E-12    0.10483E-12    0.00000E+00    0.00000E+00    0.00000E+00
    0.52900E+07    0.83347E-13    0.18318E-12    0.11538E-12    0.00000E+00    0.00000E+00    0.00000E+00
    0.52950E+07    0.91711E-13    0.20220E-12    0.12696E-12    0.00000E+00    0.00000E+00    0.00000E+00
    0.53000E+07    0.10089E-12    0.22313E-12    0.13966E-12    0.00000E+00    0.00000E+00    0.00000E+00
    0.53050E+07    0.11095E-12    0.24617E-12    0.15358E-12    0.00000E+00    0.00000E+00    0.00000E+00
    0.53100E+07    0.12199E-12    0.27152E-12    0.16885E-12    0.00000E+00    0.00000E+00    0.00000E+00
    0.53150E+07    0.13408E-12    0.29941E-12    0.18559E-12    0.00000E+00    0.00000E+00    0.00000E+00
    0.53200E+07    0.14734E-12    0.33008E-12    0.20393E-12    0.00000E+00    0.00000E+00    0.00000E+00
    0.53250E+07    0.16187E-12    0.36379E-12    0.22402E-12    0.00000E+00    0.00000E+00    0.00000E+00
    0.53300E+07    0.17777E-12    0.40086E-12    0.24602E-12    0.00000E+00    0.00000E+00    0.00000E+00
    0.53350E+07    0.19519E-12    0.44158E-12    0.27011E-12    0.00000E+00    0.00000E+00    0.00000E+00
    0.53400E+07    0.21425E-12    0.48632E-12    0.29648E-12    0.00000E+00    0.00000E+00    0.00000E+00
    0.53450E+07    0.23512E-12    0.53546E-12    0.32533E-12    0.00000E+00    0.00000E+00    0.00000E+00
    0.53500E+07    0.25794E-12    0.58941E-12    0.35689E-12    0.00000E+00    0.00000E+00    0.00000E+00
    0.53550E+07    0.28290E-12    0.64864E-12    0.39140E-12    0.00000E+00    0.00000E+00    0.00000E+00
    0.53600E+07    0.31020E-12    0.71364E-12    0.42913E-12    0.00000E+00    0.00000E+00    0.00000E+00
    0.53650E+07    0.34003E-12    0.78495E-12    0.47037E-12    0.00000E+00    0.00000E+00    0.00000E+00
    0.53700E+07    0.37263E-12    0.86316E-12    0.51543E-12    0.00000E+00    0.00000E+00    0.00000E+00
    0.53750E+07    0.40824E-12    0.94893E-12    0.56465E-12    0.00000E+00    0.00000E+00    0.00000E+00
    0.53800E+07    0.44713E-12    0.10430E-11    0.61839E-12    0.00000E+00    0.00000E+00    0.00000E+00
    0.53850E+07    0.48959E-12    0.11460E-11    0.67706E-12    0.00000E+00    0.00000E+00    0.00000E+00
    0.53900E+07    0.53593E-12    0.12589E-11    0.74108E-12    0.00000E+00    0.00000E+00    0.00000E+00
    0.53950E+07    0.58650E-12    0.13826E-11    0.81093E-12    0.00000E+00    0.00000E+00    0.00000E+00
    0.54000E+07    0.64165E-12    0.15181E-11    0.88712E-12    0.00000E+00    0.00000E+00    0.00000E+00
    0.54050E+07    0.70180E-12    0.16664E-11    0.97019E-12    0.00000E+00    0.00000E+00    0.00000E+00
    0.54100E+07    0.76738E-12    0.18287E-11    0.10607E-11    0.00000E+00    0.00000E+00    0.00000E+00
    0.54150E+07    0.83884E-12    0.20063E-11    0.11594E-11    0.00000E+00    0.00000E+00    0.00000E+00
    0.54200E+07    0.91670E-12    0.22006E-11    0.12669E-11    0.00000E+00    0.00000E+00    0.00000E+00
    0.54250E+07    0.10015E-11    0.24131E-11    0.13839E-11    0.00000E+00    0.00000E+00    0.00000E+00
    0.54300E+07    0.10938E-11    0.26454E-11    0.15114E-11    0.00000E+00    0.00000E+00    0.00000E+00
    0.54350E+07    0.11944E-11    0.28994E-11    0.16501E-11    0.00000E+00    0.00000E+00    0.00000E+00
    0.54400E+07    0.13037E-11    0.31769E-11    0.18010E-11    0.00000E+00    0.00000E+00    0.00000E+00
    0.54450E+07    0.14227E-11    0.34801E-11    0.19651E-11    0.00000E+00    0.00000E+00    0.00000E+00
    0.54500E+07    0.15521E-11    0.38112E-11    0.21436E-11    0.00000E+00    0.00000E+00    0.00000E+00
    0.54550E+07    0.16928E-11    0.41727E-11    0.23376E-11    0.00000E+00    0.00000E+00    0.00000E+00
    0.54600E+07    0.18458E-11    0.45673E-11    0.25484E-11    0.00000E+00    0.00000E+00    0.00000E+00
    0.54650E+07    0.20119E-11    0.49980E-11    0.27774E-11    0.00000E+00    0.00000E+00    0.00000E+00
    0.54700E+07    0.21924E-11    0.54679E-11    0.30262E-11    0.00000E+00    0.00000E+00    0.00000E+00
    0.54750E+07    0.23884E-11    0.59803E-11    0.32962E-11    0.00000E+00    0.00000E+00    0.00000E+00
    0.54800E+07    0.26011E-11    0.65391E-11    0.35893E-11    0.00000E+00    0.00000E+00    0.00000E+00
    0.54850E+07    0.28320E-11    0.71482E-11    0.39073E-11    0.00000E+00    0.00000E+00    0.00000E+00
    0.54900E+07    0.30825E-11    0.78119E-11    0.42522E-11    0.00000E+00    0.00000E+00    0.00000E+00
    0.54950E+07    0.33541E-11    0.85351E-11    0.46261E-11    0.00000E+00    0.00000E+00    0.00000E+00
    0.55000E+07    0.36486E-11    0.93228E-11    0.50315E-11    0.00000E+00    0.00000E+00    0.00000E+00
    0.55050E+07    0.39678E-11    0.10180E-10    0.54707E-11    0.00000E+00    0.00000E+00    0.00000E+00
    0.55100E+07    0.43136E-11    0.11114E-10    0.59465E-11    0.00000E+00    0.00000E+00    0.00000E+00
    0.55150E+07    0.46883E-11    0.12130E-10    0.64618E-11    0.00000E+00    0.00000E+00    0.00000E+00
    0.55200E+07    0.50939E-11    0.13235E-10    0.70195E-11    0.00000E+00    0.00000E+00    0.00000E+00
    0.55250E+07    0.55330E-11    0.14438E-10    0.76232E-11    0.00000E+00    0.00000E+00    0.00000E+00
    0.55300E+07    0.60081E-11    0.15745E-10    0.82762E-11    0.00000E+00    0.00000E+00    0.00000E+00
    0.55350E+07    0.65221E-11    0.17166E-10    0.89824E-11    0.00000E+00    0.00000E+00    0.00000E+00
    0.55400E+07    0.70779E-11    0.18710E-10    0.97459E-11    0.00000E+00    0.00000E+00    0.00000E+00
    0.55450E+07    0.76788E-11    0.20388E-10    0.10571E-10    0.00000E+00    0.00000E+00    0.00000E+00
    0.55500E+07    0.83282E-11    0.22211E-10    0.11463E-10    0.00000E+00    0.00000E+00    0.00000E+00
    0.55550E+07    0.90297E-11    0.24189E-10    0.12426E-10    0.00000E+00    0.00000E+00    0.00000E+00
    0.55600E+07    0.97874E-11    0.26337E-10    0.13465E-10    0.00000E+00    0.00000E+00    0.00000E+00
    0.55650E+07    0.10605E-10    0.28668E-10    0.14587E-10    0.00000E+00    0.00000E+00    0.00000E+00
    0.55700E+07    0.11488E-10    0.31197E-10    0.15798E-10    0.00000E+00    0.00000E+00    0.00000E+00
    0.55750E+07    0.12446E-10    0.33937E-10    0.17095E-10    0.00000E+00    0.00000E+00    0.00000E+00
    0.55800E+07    0.13479E-10    0.36910E-10    0.18491E-10    0.00000E+00    0.00000E+00    0.00000E+00
    0.55800E+07    0.13479E-10    0.36910E-10    0.18491E-10    0.00000E+00    0.00000E+00    0.00000E+00
    0.55850E+07    0.14631E-10    0.40076E-10    0.19985E-10    0.00000E+00    0.00000E+00    0.00000E+00
    0.55900E+07    0.15870E-10    0.43508E-10    0.21588E-10    0.00000E+00    0.00000E+00    0.00000E+00
    0.55950E+07    0.17202E-10    0.47229E-10    0.23309E-10    0.00000E+00    0.00000E+00    0.00000E+00
    0.56000E+07    0.18632E-10    0.51261E-10    0.25155E-10    0.00000E+00    0.00000E+00    0.00000E+00
    0.56050E+07    0.20168E-10    0.55626E-10    0.27134E-10    0.00000E+00    0.00000E+00    0.00000E+00
    0.56100E+07    0.21815E-10    0.60352E-10    0.29254E-10    0.00000E+00    0.00000E+00    0.00000E+00
    0.56150E+07    0.23581E-10    0.65465E-10    0.31523E-10    0.00000E+00    0.00000E+00    0.00000E+00
    0.56200E+07    0.25473E-10    0.70995E-10    0.33952E-10    0.00000E+00    0.00000E+00    0.00000E+00
    0.56250E+07    0.27500E-10    0.76974E-10    0.36548E-10    0.00000E+00    0.00000E+00    0.00000E+00
    0.56300E+07    0.29670E-10    0.83434E-10    0.39323E-10    0.00000E+00    0.00000E+00    0.00000E+00
    0.56350E+07    0.31990E-10    0.90411E-10    0.42285E-10    0.00000E+00    0.00000E+00    0.00000E+00
    0.56400E+07    0.34471E-10    0.97944E-10    0.45447E-10    0.00000E+00    0.00000E+00    0.00000E+00
    0.56450E+07    0.37122E-10    0.10607E-09    0.48819E-10    0.00000E+00    0.00000E+00    0.00000E+00
    0.56500E+07    0.39952E-10    0.11484E-09    0.52413E-10    0.00000E+00    0.00000E+00    0.00000E+00
    0.56550E+07    0.42972E-10    0.12429E-09    0.56240E-10    0.00000E+00    0.00000E+00    0.00000E+00
    0.56600E+07    0.46192E-10    0.13448E-09    0.60314E-10    0.00000E+00    0.00000E+00    0.00000E+00
    0.56650E+07    0.49624E-10    0.14545E-09    0.64646E-10    0.00000E+00    0.00000E+00    0.00000E+00
    0.56700E+07    0.53279E-10    0.15726E-09    0.69250E-10    0.00000E+00    0.00000E+00    0.00000E+00
    0.56750E+07    0.57169E-10    0.16997E-09    0.74139E-10    0.00000E+00    0.00000E+00    0.00000E+00
    0.56800E+07    0.61306E-10    0.18364E-09    0.79327E-10    0.00000E+00    0.00000E+00    0.00000E+00
    0.56850E+07    0.65703E-10    0.19833E-09    0.84829E-10    0.00000E+00    0.00000E+00    0.00000E+00
    0.56900E+07    0.70374E-10    0.21412E-09    0.90659E-10    0.00000E+00    0.00000E+00    0.00000E+00
    0.56950E+07    0.75331E-10    0.23108E-09    0.96831E-10    0.00000E+00    0.00000E+00    0.00000E+00
    0.57000E+07    0.80588E-10    0.24929E-09    0.10336E-09    0.00000E+00    0.00000E+00    0.00000E+00
    0.57050E+07    0.86161E-10    0.26882E-09    0.11026E-09    0.00000E+00    0.00000E+00    0.00000E+00
    0.57100E+07    0.92062E-10    0.28976E-09    0.11755E-09    0.00000E+00    0.00000E+00    0.00000E+00
    0.57149E+07    0.98220E-10    0.31189E-09    0.12514E-09    0.00000E+00    0.00000E+00    0.00000E+00
    0.57199E+07    0.10473E-09    0.33558E-09    0.13312E-09    0.00000E+00    0.00000E+00    0.00000E+00
    0.57199E+07    0.14851E-09    0.28613E-09    0.12011E-09    0.00000E+00    0.00000E+00    0.00000E+00
    0.57200E+07    0.14859E-09    0.28688E-09    0.12020E-09    0.00000E+00    0.00000E+00    0.00000E+00
    0.57250E+07    0.15158E-09    0.31533E-09    0.12354E-09    0.00000E+00    0.00000E+00    0.00000E+00
    0.57300E+07    0.15464E-09    0.34540E-09    0.12690E-09    0.00000E+00    0.00000E+00    0.00000E+00
    0.57350E+07    0.15776E-09    0.37712E-09    0.13027E-09    0.00000E+00    0.00000E+00    0.00000E+00
    0.57400E+07    0.16093E-09    0.41053E-09    0.13365E-09    0.00000E+00    0.00000E+00    0.00000E+00
    0.57450E+07    0.16415E-09    0.44568E-09    0.13700E-09    0.00000E+00    0.00000E+00    0.00000E+00
    0.57500E+07    0.16741E-09    0.48260E-09    0.14032E-09    0.00000E+00    0.00000E+00    0.00000E+00
    0.57550E+07    0.17070E-09    0.52133E-09    0.14359E-09    0.00000E+00    0.00000E+00    0.00000E+00
    0.57600E+07    0.17400E-09    0.56191E-09    0.14678E-09    0.00000E+00    0.00000E+00    0.00000E+00
    0.57650E+07    0.17732E-09    0.60437E-09    0.14989E-09    0.00000E+00    0.00000E+00    0.00000E+00
    0.57700E+07    0.18063E-09    0.64875E-09    0.15290E-09    0.00000E+00    0.00000E+00    0.00000E+00
    0.57750E+07    0.18393E-09    0.69508E-09    0.15577E-09    0.00000E+00    0.00000E+00    0.00000E+00
    0.57800E+07    0.18721E-09    0.74339E-09    0.15850E-09    0.00000E+00    0.00000E+00    0.00000E+00
    0.57850E+07    0.19044E-09    0.79370E-09    0.16105E-09    0.00000E+00    0.00000E+00    0.00000E+00
    0.57900E+07    0.19363E-09    0.84606E-09    0.16340E-09    0.00000E+00    0.00000E+00    0.00000E+00
    0.57950E+07    0.19675E-09    0.90047E-09    0.16554E-09    0.00000E+00    0.00000E+00    0.00000E+00
    0.58000E+07    0.19979E-09    0.95696E-09    0.16743E-09    0.00000E+00    0.00000E+00    0.00000E+00
    0.58050E+07    0.20275E-09    0.10155E-08    0.16905E-09    0.00000E+00    0.00000E+00    0.00000E+00
    0.58100E+07    0.20559E-09    0.10762E-08    0.17037E-09    0.00000E+00    0.00000E+00    0.00000E+00
    0.58150E+07    0.20831E-09    0.11391E-08    0.17137E-09    0.00000E+00    0.00000E+00    0.00000E+00
    0.58200E+07    0.21089E-09    0.12040E-08    0.17202E-09    0.00000E+00    0.00000E+00    0.00000E+00
    0.58250E+07    0.21332E-09    0.12711E-08    0.17229E-09    0.00000E+00    0.00000E+00    0.00000E+00
    0.58300E+07    0.21558E-09    0.13403E-08    0.17215E-09    0.00000E+00    0.00000E+00    0.00000E+00
    0.58350E+07    0.21765E-09    0.14116E-08    0.17158E-09    0.00000E+00    0.00000E+00    0.00000E+00
    0.58400E+07    0.21952E-09    0.14850E-08    0.17053E-09    0.00000E+00    0.00000E+00    0.00000E+00
    0.58450E+07    0.22116E-09    0.15604E-08    0.16899E-09    0.00000E+00    0.00000E+00    0.00000E+00
    0.58500E+07    0.22257E-09    0.16380E-08    0.16693E-09    0.00000E+00    0.00000E+00    0.00000E+00
    0.58550E+07    0.22372E-09    0.17175E-08    0.16431E-09    0.00000E+00    0.00000E+00    0.00000E+00
    0.58600E+07    0.22460E-09    0.17990E-08    0.16111E-09    0.00000E+00    0.00000E+00    0.00000E+00
    0.58636E+07    0.22506E-09    0.18581E-08    0.15846E-09    0.00000E+00    0.00000E+00    0.00000E+00
    0.58636E+07    0.23856E-09    0.18127E-08    0.12448E-09    0.00000E+00    0.00000E+00    0.00000E+00
    0.58668E+07    0.23732E-09    0.18665E-08    0.11840E-09    0.00000E+00    0.00000E+00    0.00000E+00
    0.58700E+07    0.23588E-09    0.19209E-08    0.11190E-09    0.00000E+00    0.00000E+00    0.00000E+00
    0.58750E+07    0.23321E-09    0.20062E-08    0.10099E-09    0.00000E+00    0.00000E+00    0.00000E+00
    0.58800E+07    0.23001E-09    0.20926E-08    0.89039E-10    0.00000E+00    0.00000E+00    0.00000E+00
    0.58850E+07    0.22628E-09    0.21800E-08    0.76030E-10    0.00000E+00    0.00000E+00    0.00000E+00
    0.58900E+07    0.22201E-09    0.22682E-08    0.61948E-10    0.00000E+00    0.00000E+00    0.00000E+00
    0.58950E+07    0.21719E-09    0.23569E-08    0.46784E-10    0.00000E+00    0.00000E+00    0.00000E+00
    0.59000E+07    0.21181E-09    0.24460E-08    0.30533E-10    0.00000E+00    0.00000E+00    0.00000E+00
    0.59050E+07    0.20589E-09    0.25354E-08    0.13194E-10    0.00000E+00    0.00000E+00    0.00000E+00
    0.59100E+07    0.19944E-09    0.26247E-08   -0.52285E-11    0.00000E+00    0.00000E+00    0.00000E+00
    0.59150E+07    0.19245E-09    0.27137E-08   -0.24709E-10    0.00000E+00    0.00000E+00    0.00000E+00
    0.59200E+07    0.18496E-09    0.28023E-08   -0.45231E-10    0.00000E+00    0.00000E+00    0.00000E+00
    0.59250E+07    0.17698E-09    0.28900E-08   -0.66765E-10    0.00000E+00    0.00000E+00    0.00000E+00
    0.59300E+07    0.16853E-09    0.29768E-08   -0.89273E-10    0.00000E+00    0.00000E+00    0.00000E+00
    0.59350E+07    0.15966E-09    0.30622E-08   -0.11271E-09    0.00000E+00    0.00000E+00    0.00000E+00
    0.59400E+07    0.15041E-09    0.31461E-08   -0.13701E-09    0.00000E+00    0.00000E+00    0.00000E+00
    0.59450E+07    0.14081E-09    0.32281E-08   -0.16212E-09    0.00000E+00    0.00000E+00    0.00000E+00
    0.59500E+07    0.13092E-09    0.33079E-08   -0.18796E-09    0.00000E+00    0.00000E+00    0.00000E+00
    0.59529E+07    0.12510E-09    0.33528E-08   -0.20317E-09    0.00000E+00    0.00000E+00    0.00000E+00
    0.59558E+07    0.11922E-09    0.33968E-08   -0.21857E-09    0.00000E+00    0.00000E+00    0.00000E+00
    0.59558E+07    0.13979E-09    0.31428E-08   -0.38520E-09    0.00000E+00    0.00000E+00    0.00000E+00
    0.59600E+07    0.12408E-09    0.32095E-08   -0.41960E-09    0.00000E+00    0.00000E+00    0.00000E+00
    0.59650E+07    0.10590E-09    0.32843E-08   -0.45872E-09    0.00000E+00    0.00000E+00    0.00000E+00
    0.59700E+07    0.88478E-10    0.33534E-08   -0.49711E-09    0.00000E+00    0.00000E+00    0.00000E+00
    0.59750E+07    0.71999E-10    0.34162E-08   -0.53449E-09    0.00000E+00    0.00000E+00    0.00000E+00
    0.59800E+07    0.56674E-10    0.34724E-08   -0.57057E-09    0.00000E+00    0.00000E+00    0.00000E+00
    0.59850E+07    0.42713E-10    0.35215E-08   -0.60502E-09    0.00000E+00    0.00000E+00    0.00000E+00
    0.59900E+07    0.30336E-10    0.35631E-08   -0.63755E-09    0.00000E+00    0.00000E+00    0.00000E+00
    0.59950E+07    0.19765E-10    0.35967E-08   -0.66782E-09    0.00000E+00    0.00000E+00    0.00000E+00
    0.60000E+07    0.11229E-10    0.36221E-08   -0.69552E-09    0.00000E+00    0.00000E+00    0.00000E+00
    0.60050E+07    0.49521E-11    0.36389E-08   -0.72030E-09    0.00000E+00    0.00000E+00    0.00000E+00
    0.60100E+07    0.11622E-11    0.36469E-08   -0.74185E-09    0.00000E+00    0.00000E+00    0.00000E+00
    0.60150E+07    0.81913E-13    0.36456E-08   -0.75984E-09    0.00000E+00    0.00000E+00    0.00000E+00
    0.60200E+07    0.19288E-11    0.36351E-08   -0.77397E-09    0.00000E+00    0.00000E+00    0.00000E+00
    0.60250E+07    0.69125E-11    0.36150E-08   -0.78391E-09    0.00000E+00    0.00000E+00    0.00000E+00
    0.60300E+07    0.15232E-10    0.35853E-08   -0.78940E-09    0.00000E+00    0.00000E+00    0.00000E+00
    0.60350E+07    0.27073E-10    0.35460E-08   -0.79015E-09    0.00000E+00    0.00000E+00    0.00000E+00
    0.60400E+07    0.42605E-10    0.34969E-08   -0.78593E-09    0.00000E+00    0.00000E+00    0.00000E+00
    0.60450E+07    0.61979E-10    0.34383E-08   -0.77649E-09    0.00000E+00    0.00000E+00    0.00000E+00
    0.60500E+07    0.85323E-10    0.33702E-08   -0.76168E-09    0.00000E+00    0.00000E+00    0.00000E+00
    0.60550E+07    0.11274E-09    0.32929E-08   -0.74131E-09    0.00000E+00    0.00000E+00    0.00000E+00
    0.60600E+07    0.14431E-09    0.32065E-08   -0.71528E-09    0.00000E+00    0.00000E+00    0.00000E+00
    0.60650E+07    0.18008E-09    0.31115E-08   -0.68350E-09    0.00000E+00    0.00000E+00    0.00000E+00
    0.60700E+07    0.22004E-09    0.30082E-08   -0.64595E-09    0.00000E+00    0.00000E+00    0.00000E+00
    0.60738E+07    0.25370E-09    0.29222E-08   -0.61523E-09    0.00000E+00    0.00000E+00    0.00000E+00
    0.60788E+07    0.30119E-09    0.28054E-08   -0.56734E-09    0.00000E+00    0.00000E+00    0.00000E+00
    0.60838E+07    0.35275E-09    0.26818E-08   -0.51386E-09    0.00000E+00    0.00000E+00    0.00000E+00
    0.60888E+07    0.40823E-09    0.25521E-08   -0.45492E-09    0.00000E+00    0.00000E+00    0.00000E+00
    0.60938E+07    0.46746E-09    0.24168E-08   -0.39078E-09    0.00000E+00    0.00000E+00    0.00000E+00
    0.60988E+07    0.53021E-09    0.22770E-08   -0.32171E-09    0.00000E+00    0.00000E+00    0.00000E+00
    0.61038E+07    0.59621E-09    0.21333E-08   -0.24809E-09    0.00000E+00    0.00000E+00    0.00000E+00
    0.61088E+07    0.66513E-09    0.19868E-08   -0.17033E-09    0.00000E+00    0.00000E+00    0.00000E+00
    0.61138E+07    0.73660E-09    0.18383E-08   -0.88920E-10    0.00000E+00    0.00000E+00    0.00000E+00
    0.61188E+07    0.81021E-09    0.16888E-08   -0.43971E-11    0.00000E+00    0.00000E+00    0.00000E+00
    0.61238E+07    0.88549E-09    0.15394E-08    0.82619E-10    0.00000E+00    0.00000E+00    0.00000E+00
    0.61288E+07    0.96195E-09    0.13911E-08    0.17147E-09    0.00000E+00    0.00000E+00    0.00000E+00
    0.61338E+07    0.10390E-08    0.12451E-08    0.26143E-09    0.00000E+00    0.00000E+00    0.00000E+00
    0.61388E+07    0.11161E-08    0.11024E-08    0.35174E-09    0.00000E+00    0.00000E+00    0.00000E+00
    0.61438E+07    0.11927E-08    0.96403E-09    0.44156E-09    0.00000E+00    0.00000E+00    0.00000E+00
    0.61488E+07    0.12680E-08    0.83117E-09    0.53006E-09    0.00000E+00    0.00000E+00    0.00000E+00
    0.61538E+07    0.13414E-08    0.70486E-09    0.61634E-09    0.00000E+00    0.00000E+00    0.00000E+00
    0.61588E+07    0.14122E-08    0.58614E-09    0.69948E-09    0.00000E+00    0.00000E+00    0.00000E+00
    0.61638E+07    0.14822E-08    0.47568E-09    0.77933E-09    0.00000E+00    0.00000E+00    0.00000E+00
    0.61688E+07    0.15483E-08    0.37478E-09    0.85446E-09    0.00000E+00    0.00000E+00    0.00000E+00
    0.61738E+07    0.16100E-08    0.28433E-09    0.92392E-09    0.00000E+00    0.00000E+00    0.00000E+00
    0.61788E+07    0.16666E-08    0.20516E-09    0.98681E-09    0.00000E+00    0.00000E+00    0.00000E+00
    0.61838E+07    0.17170E-08    0.13803E-09    0.10420E-08    0.00000E+00    0.00000E+00    0.00000E+00
    0.61888E+07    0.17598E-08    0.83624E-10    0.10882E-08    0.00000E+00    0.00000E+00    0.00000E+00
    0.61938E+07    0.17939E-08    0.42484E-10    0.11244E-08    0.00000E+00    0.00000E+00    0.00000E+00
    0.61988E+07    0.18181E-08    0.15028E-10    0.11496E-08    0.00000E+00    0.00000E+00    0.00000E+00
    0.62038E+07    0.18343E-08    0.15236E-11    0.11657E-08    0.00000E+00    0.00000E+00    0.00000E+00
    0.62088E+07    0.18406E-08    0.21354E-11    0.11699E-08    0.00000E+00    0.00000E+00    0.00000E+00
    0.62138E+07    0.18344E-08    0.16867E-10    0.11591E-08    0.00000E+00    0.00000E+00    0.00000E+00
    0.62188E+07    0.18172E-08    0.45562E-10    0.11355E-08    0.00000E+00    0.00000E+00    0.00000E+00
    0.62238E+07    0.17895E-08    0.87912E-10    0.10994E-08    0.00000E+00    0.00000E+00    0.00000E+00
    0.62288E+07    0.17516E-08    0.14345E-09    0.10510E-08    0.00000E+00    0.00000E+00    0.00000E+00
    0.62338E+07    0.17040E-08    0.21158E-09    0.99078E-09    0.00000E+00    0.00000E+00    0.00000E+00
    0.62388E+07    0.16472E-08    0.29155E-09    0.91924E-09    0.00000E+00    0.00000E+00    0.00000E+00
    0.62438E+07    0.15814E-08    0.38250E-09    0.83701E-09    0.00000E+00    0.00000E+00    0.00000E+00
    0.62488E+07    0.15071E-08    0.48348E-09    0.74496E-09    0.00000E+00    0.00000E+00    0.00000E+00
    0.62538E+07    0.14251E-08    0.59341E-09    0.64424E-09    0.00000E+00    0.00000E+00    0.00000E+00
    0.62588E+07    0.13364E-08    0.71115E-09    0.53622E-09    0.00000E+00    0.00000E+00    0.00000E+00
    0.62638E+07    0.12418E-08    0.83557E-09    0.42248E-09    0.00000E+00    0.00000E+00    0.00000E+00
    0.62688E+07    0.11424E-08    0.96550E-09    0.30492E-09    0.00000E+00    0.00000E+00    0.00000E+00
    0.62738E+07    0.10400E-08    0.10997E-08    0.18574E-09    0.00000E+00    0.00000E+00    0.00000E+00
    0.62788E+07    0.93660E-09    0.12369E-08    0.67235E-10    0.00000E+00    0.00000E+00    0.00000E+00
    0.62838E+07    0.83439E-09    0.13755E-08   -0.48479E-10    0.00000E+00    0.00000E+00    0.00000E+00
    0.62888E+07    0.73531E-09    0.15143E-08   -0.15961E-09    0.00000E+00    0.00000E+00    0.00000E+00
    0.62938E+07    0.64088E-09    0.16517E-08   -0.26477E-09    0.00000E+00    0.00000E+00    0.00000E+00
    0.62988E+07    0.55228E-09    0.17865E-08   -0.36296E-09    0.00000E+00    0.00000E+00    0.00000E+00
    0.63038E+07    0.46818E-09    0.19249E-08   -0.45622E-09    0.00000E+00    0.00000E+00    0.00000E+00
    0.63088E+07    0.39150E-09    0.20585E-08   -0.54092E-09    0.00000E+00    0.00000E+00    0.00000E+00
    0.63138E+07    0.32405E-09    0.21766E-08   -0.61567E-09    0.00000E+00    0.00000E+00    0.00000E+00
    0.63188E+07    0.26382E-09    0.22865E-08   -0.68398E-09    0.00000E+00    0.00000E+00    0.00000E+00
    0.63238E+07    0.21066E-09    0.23873E-08   -0.74611E-09    0.00000E+00    0.00000E+00    0.00000E+00
    0.63288E+07    0.16335E-09    0.24782E-08   -0.80303E-09    0.00000E+00    0.00000E+00    0.00000E+00
    0.63313E+07    0.14404E-09    0.25618E-08   -0.77054E-09    0.00000E+00    0.00000E+00    0.00000E+00
    0.63326E+07    0.13457E-09    0.25823E-08   -0.78207E-09    0.00000E+00    0.00000E+00    0.00000E+00
    0.63332E+07    0.12995E-09    0.25923E-08   -0.78768E-09    0.00000E+00    0.00000E+00    0.00000E+00
    0.63344E+07    0.12150E-09    0.26107E-08   -0.79797E-09    0.00000E+00    0.00000E+00    0.00000E+00
    0.63354E+07    0.11386E-09    0.26274E-08   -0.80729E-09    0.00000E+00    0.00000E+00    0.00000E+00
    0.63360E+07    0.11013E-09    0.26356E-08   -0.81184E-09    0.00000E+00    0.00000E+00    0.00000E+00
    0.63379E+07    0.98028E-10    0.26626E-08   -0.82661E-09    0.00000E+00    0.00000E+00    0.00000E+00
    0.63397E+07    0.86649E-10    0.26882E-08   -0.84051E-09    0.00000E+00    0.00000E+00    0.00000E+00
    0.63416E+07    0.75989E-10    0.27125E-08   -0.85355E-09    0.00000E+00    0.00000E+00    0.00000E+00
    0.63434E+07    0.66042E-10    0.27356E-08   -0.86555E-09    0.00000E+00    0.00000E+00    0.00000E+00
    0.63453E+07    0.56808E-10    0.27575E-08   -0.87651E-09    0.00000E+00    0.00000E+00    0.00000E+00
    0.63471E+07    0.48299E-10    0.27778E-08   -0.88682E-09    0.00000E+00    0.00000E+00    0.00000E+00
    0.63508E+07    0.33400E-10    0.28143E-08   -0.90470E-09    0.00000E+00    0.00000E+00    0.00000E+00
    0.63508E+07    0.33400E-10    0.28143E-08   -0.90470E-09    0.00000E+00    0.00000E+00    0.00000E+00
    0.63530E+07    0.25933E-10    0.28336E-08   -0.91351E-09    0.00000E+00    0.00000E+00    0.00000E+00
    0.63552E+07    0.19435E-10    0.28507E-08   -0.92139E-09    0.00000E+00    0.00000E+00    0.00000E+00
    0.63574E+07    0.13908E-10    0.28641E-08   -0.93051E-09    0.00000E+00    0.00000E+00    0.00000E+00
    0.63596E+07    0.93040E-11    0.28747E-08   -0.93958E-09    0.00000E+00    0.00000E+00    0.00000E+00
    0.63596E+07    0.17896E-10    0.22423E-08   -0.14632E-08    0.00000E+00    0.00000E+00    0.00000E+00
    0.63607E+07    0.13071E-10    0.22162E-08   -0.15142E-08    0.00000E+00    0.00000E+00    0.00000E+00
    0.63624E+07    0.67275E-11    0.21752E-08   -0.15881E-08    0.00000E+00    0.00000E+00    0.00000E+00
    0.63640E+07    0.21962E-11    0.21318E-08   -0.16582E-08    0.00000E+00    0.00000E+00    0.00000E+00
    0.63656E+07    0.82762E-13    0.14877E-08   -0.23579E-08    0.00000E+00    0.00000E+00    0.00000E+00
    0.63656E+07    0.17324E-09    0.69009E-10   -0.29941E-08    0.00000E+00    0.00000E+00    0.00000E+00
    0.63658E+07    0.00000E+00    0.69345E-10   -0.30234E-08    0.00000E+00    0.00000E+00    0.00000E+00
    0.63658E+07    0.00000E+00    0.00000E+00    0.00000E+00    0.00000E+00    0.00000E+00    0.00000E+00
    0.63671E+07    0.00000E+00    0.00000E+00    0.00000E+00    0.00000E+00    0.00000E+00    0.00000E+00
    0.63684E+07    0.00000E+00    0.00000E+00    0.00000E+00    0.00000E+00    0.00000E+00    0.00000E+00
    0.63697E+07    0.00000E+00    0.00000E+00    0.00000E+00    0.00000E+00    0.00000E+00    0.00000E+00
    0.63710E+07    0.00000E+00    0.00000E+00    0.00000E+00    0.00000E+00    0.00000E+00    0.00000E+00
