    0.34800E+07    0.00000E+00    0.00000E+00    0.00000E+00    0.00000E+00    0.00000E+00    0.00000E+00
    0.34850E+07    0.00000E+00    0.00000E+00    0.00000E+00    0.00000E+00    0.00000E+00    0.00000E+00
    0.34900E+07    0.00000E+00    0.00000E+00    0.00000E+00    0.00000E+00    0.00000E+00    0.00000E+00
    0.34950E+07    0.00000E+00    0.00000E+00    0.00000E+00    0.00000E+00    0.00000E+00    0.00000E+00
    0.35000E+07    0.00000E+00    0.00000E+00    0.00000E+00    0.00000E+00    0.00000E+00    0.00000E+00
    0.35050E+07    0.00000E+00    0.00000E+00    0.00000E+00    0.00000E+00    0.00000E+00    0.00000E+00
    0.35100E+07    0.00000E+00    0.00000E+00    0.00000E+00    0.00000E+00    0.00000E+00    0.00000E+00
    0.35150E+07    0.00000E+00    0.00000E+00    0.00000E+00    0.00000E+00    0.00000E+00    0.00000E+00
    0.35200E+07    0.00000E+00    0.00000E+00    0.00000E+00    0.00000E+00    0.00000E+00    0.00000E+00
    0.35250E+07    0.00000E+00    0.00000E+00    0.00000E+00    0.00000E+00    0.00000E+00    0.00000E+00
    0.35300E+07    0.00000E+00    0.00000E+00    0.00000E+00    0.00000E+00    0.00000E+00    0.00000E+00
    0.35350E+07    0.00000E+00    0.00000E+00    0.00000E+00    0.00000E+00    0.00000E+00    0.00000E+00
    0.35400E+07    0.00000E+00    0.00000E+00    0.00000E+00    0.00000E+00    0.00000E+00    0.00000E+00
    0.35450E+07    0.00000E+00    0.00000E+00    0.00000E+00    0.00000E+00    0.00000E+00    0.00000E+00
    0.35500E+07    0.00000E+00    0.00000E+00    0.00000E+00    0.00000E+00    0.00000E+00    0.00000E+00
    0.35550E+07    0.00000E+00    0.00000E+00    0.00000E+00    0.00000E+00    0.00000E+00    0.00000E+00
    0.35600E+07    0.00000E+00    0.00000E+00    0.00000E+00    0.00000E+00    0.00000E+00    0.00000E+00
    0.35650E+07    0.00000E+00    0.00000E+00    0.00000E+00    0.00000E+00    0.00000E+00    0.00000E+00
    0.35700E+07    0.00000E+00    0.00000E+00    0.00000E+00    0.00000E+00    0.00000E+00    0.00000E+00
    0.35750E+07    0.00000E+00    0.00000E+00    0.00000E+00    0.00000E+00    0.00000E+00    0.00000E+00
    0.35800E+07    0.00000E+00    0.00000E+00    0.00000E+00    0.00000E+00    0.00000E+00    0.00000E+00
    0.35850E+07    0.00000E+00    0.00000E+00    0.00000E+00    0.00000E+00    0.00000E+00    0.00000E+00
    0.35900E+07    0.00000E+00    0.00000E+00    0.00000E+00    0.00000E+00    0.00000E+00    0.00000E+00
    0.35950E+07    0.00000E+00    0.00000E+00    0.00000E+00    0.00000E+00    0.00000E+00    0.00000E+00
    0.36000E+07    0.00000E+00    0.00000E+00    0.00000E+00    0.00000E+00    0.00000E+00    0.00000E+00
    0.36050E+07    0.00000E+00    0.00000E+00    0.00000E+00    0.00000E+00    0.00000E+00    0.00000E+00
    0.36100E+07    0.00000E+00    0.00000E+00    0.00000E+00    0.00000E+00    0.00000E+00    0.00000E+00
    0.36150E+07    0.00000E+00    0.00000E+00    0.00000E+00    0.00000E+00    0.00000E+00    0.00000E+00
    0.36200E+07    0.00000E+00    0.00000E+00    0.00000E+00    0.00000E+00    0.00000E+00    0.00000E+00
    0.36250E+07    0.00000E+00    0.00000E+00    0.00000E+00    0.00000E+00    0.00000E+00    0.00000E+00
    0.36300E+07    0.00000E+00    0.00000E+00    0.00000E+00    0.00000E+00    0.00000E+00    0.00000E+00
    0.36300E+07    0.00000E+00    0.00000E+00    0.00000E+00    0.00000E+00    0.00000E+00    0.00000E+00
    0.36350E+07    0.00000E+00    0.00000E+00    0.00000E+00    0.00000E+00    0.00000E+00    0.00000E+00
    0.36400E+07    0.00000E+00    0.00000E+00    0.00000E+00    0.00000E+00    0.00000E+00    0.00000E+00
    0.36450E+07    0.00000E+00    0.00000E+00    0.00000E+00    0.00000E+00    0.00000E+00    0.00000E+00
    0.36500E+07    0.00000E+00    0.00000E+00    0.00000E+00    0.00000E+00    0.00000E+00    0.00000E+00
    0.36550E+07    0.00000E+00    0.00000E+00    0.00000E+00    0.00000E+00    0.00000E+00    0.00000E+00
    0.36600E+07    0.00000E+00    0.00000E+00    0.00000E+00    0.00000E+00    0.00000E+00    0.00000E+00
    0.36650E+07    0.00000E+00    0.00000E+00    0.00000E+00    0.00000E+00    0.00000E+00    0.00000E+00
    0.36700E+07    0.00000E+00    0.00000E+00    0.00000E+00    0.00000E+00    0.00000E+00    0.00000E+00
    0.36750E+07    0.00000E+00    0.00000E+00    0.00000E+00    0.00000E+00    0.00000E+00    0.00000E+00
    0.36800E+07    0.00000E+00    0.00000E+00    0.00000E+00    0.00000E+00    0.00000E+00    0.00000E+00
    0.36850E+07    0.00000E+00    0.00000E+00    0.00000E+00    0.00000E+00    0.00000E+00    0.00000E+00
    0.36900E+07    0.00000E+00    0.00000E+00    0.00000E+00    0.00000E+00    0.00000E+00    0.00000E+00
    0.36950E+07    0.00000E+00    0.00000E+00    0.00000E+00    0.00000E+00    0.00000E+00    0.00000E+00
    0.37000E+07    0.00000E+00    0.00000E+00    0.00000E+00    0.00000E+00    0.00000E+00    0.00000E+00
    0.37050E+07    0.00000E+00    0.00000E+00    0.00000E+00    0.00000E+00    0.00000E+00    0.00000E+00
    0.37100E+07    0.00000E+00    0.00000E+00    0.00000E+00    0.00000E+00    0.00000E+00    0.00000E+00
    0.37150E+07    0.00000E+00    0.00000E+00    0.00000E+00    0.00000E+00    0.00000E+00    0.00000E+00
    0.37200E+07    0.00000E+00    0.00000E+00    0.00000E+00    0.00000E+00    0.00000E+00    0.00000E+00
    0.37250E+07    0.00000E+00    0.00000E+00    0.00000E+00    0.00000E+00    0.00000E+00    0.00000E+00
    0.37300E+07    0.00000E+00    0.00000E+00    0.00000E+00    0.00000E+00    0.00000E+00    0.00000E+00
    0.37350E+07    0.00000E+00    0.00000E+00    0.00000E+00    0.00000E+00    0.00000E+00    0.00000E+00
    0.37400E+07    0.00000E+00    0.00000E+00    0.00000E+00    0.00000E+00    0.00000E+00    0.00000E+00
    0.37450E+07    0.00000E+00    0.00000E+00    0.00000E+00    0.00000E+00    0.00000E+00    0.00000E+00
    0.37500E+07    0.00000E+00    0.00000E+00    0.00000E+00    0.00000E+00    0.00000E+00    0.00000E+00
    0.37550E+07    0.00000E+00    0.00000E+00    0.00000E+00    0.00000E+00    0.00000E+00    0.00000E+00
    0.37600E+07    0.00000E+00    0.00000E+00    0.00000E+00    0.00000E+00    0.00000E+00    0.00000E+00
    0.37650E+07    0.00000E+00    0.00000E+00    0.00000E+00    0.00000E+00    0.00000E+00    0.00000E+00
    0.37700E+07    0.00000E+00    0.00000E+00    0.00000E+00    0.00000E+00    0.00000E+00    0.00000E+00
    0.37750E+07    0.00000E+00    0.00000E+00    0.00000E+00    0.00000E+00    0.00000E+00    0.00000E+00
    0.37800E+07    0.00000E+00    0.00000E+00    0.00000E+00    0.00000E+00    0.00000E+00    0.00000E+00
    0.37850E+07    0.00000E+00    0.00000E+00    0.00000E+00    0.00000E+00    0.00000E+00    0.00000E+00
    0.37900E+07    0.00000E+00    0.00000E+00    0.00000E+00    0.00000E+00    0.00000E+00    0.00000E+00
    0.37950E+07    0.00000E+00    0.00000E+00    0.00000E+00    0.00000E+00    0.00000E+00    0.00000E+00
    0.38000E+07    0.00000E+00    0.00000E+00    0.00000E+00    0.00000E+00    0.00000E+00    0.00000E+00
    0.38050E+07    0.00000E+00    0.00000E+00    0.00000E+00    0.00000E+00    0.00000E+00    0.00000E+00
    0.38100E+07    0.00000E+00    0.00000E+00    0.00000E+00    0.00000E+00    0.00000E+00    0.00000E+00
    0.38150E+07    0.00000E+00    0.00000E+00    0.00000E+00    0.00000E+00    0.00000E+00    0.00000E+00
    0.38200E+07    0.00000E+00    0.00000E+00    0.00000E+00    0.00000E+00    0.00000E+00    0.00000E+00
    0.38250E+07    0.00000E+00    0.00000E+00    0.00000E+00    0.00000E+00    0.00000E+00    0.00000E+00
    0.38300E+07    0.00000E+00    0.00000E+00    0.00000E+00    0.00000E+00    0.00000E+00    0.00000E+00
    0.38350E+07    0.00000E+00    0.00000E+00    0.00000E+00    0.00000E+00    0.00000E+00    0.00000E+00
    0.38400E+07    0.00000E+00    0.00000E+00    0.00000E+00    0.00000E+00    0.00000E+00    0.00000E+00
    0.38450E+07    0.00000E+00    0.00000E+00    0.00000E+00    0.00000E+00    0.00000E+00    0.00000E+00
    0.38500E+07    0.00000E+00    0.00000E+00    0.00000E+00    0.00000E+00    0.00000E+00    0.00000E+00
    0.38550E+07    0.00000E+00    0.00000E+00    0.00000E+00    0.00000E+00    0.00000E+00    0.00000E+00
    0.38600E+07    0.00000E+00    0.00000E+00    0.00000E+00    0.00000E+00    0.00000E+00    0.00000E+00
    0.38650E+07    0.00000E+00    0.00000E+00    0.00000E+00    0.00000E+00    0.00000E+00    0.00000E+00
    0.38700E+07    0.00000E+00    0.00000E+00    0.00000E+00    0.00000E+00    0.00000E+00    0.00000E+00
    0.38750E+07    0.00000E+00    0.00000E+00    0.00000E+00    0.00000E+00    0.00000E+00    0.00000E+00
    0.38800E+07    0.00000E+00    0.00000E+00    0.00000E+00    0.00000E+00    0.00000E+00    0.00000E+00
    0.38850E+07    0.00000E+00    0.00000E+00    0.00000E+00    0.00000E+00    0.00000E+00    0.00000E+00
    0.38900E+07    0.00000E+00    0.00000E+00    0.00000E+00    0.00000E+00    0.00000E+00    0.00000E+00
    0.38950E+07    0.00000E+00    0.00000E+00    0.00000E+00    0.00000E+00    0.00000E+00    0.00000E+00
    0.39000E+07    0.00000E+00    0.00000E+00    0.00000E+00    0.00000E+00    0.00000E+00    0.00000E+00
    0.39050E+07    0.00000E+00    0.00000E+00    0.00000E+00    0.00000E+00    0.00000E+00    0.00000E+00
    0.39100E+07    0.00000E+00    0.00000E+00    0.00000E+00    0.00000E+00    0.00000E+00    0.00000E+00
    0.39150E+07    0.00000E+00    0.00000E+00    0.00000E+00    0.00000E+00    0.00000E+00    0.00000E+00
    0.39200E+07    0.00000E+00    0.00000E+00    0.00000E+00    0.00000E+00    0.00000E+00    0.00000E+00
    0.39250E+07    0.00000E+00    0.00000E+00    0.00000E+00    0.00000E+00    0.00000E+00    0.00000E+00
    0.39300E+07    0.00000E+00    0.00000E+00    0.00000E+00    0.00000E+00    0.00000E+00    0.00000E+00
    0.39350E+07    0.00000E+00    0.00000E+00    0.00000E+00    0.00000E+00    0.00000E+00    0.00000E+00
    0.39400E+07    0.00000E+00    0.00000E+00    0.00000E+00    0.00000E+00    0.00000E+00    0.00000E+00
    0.39450E+07    0.00000E+00    0.00000E+00    0.00000E+00    0.00000E+00    0.00000E+00    0.00000E+00
    0.39500E+07    0.00000E+00    0.00000E+00    0.00000E+00    0.00000E+00    0.00000E+00    0.00000E+00
    0.39550E+07    0.00000E+00    0.00000E+00    0.00000E+00    0.00000E+00    0.00000E+00    0.00000E+00
    0.39600E+07    0.00000E+00    0.00000E+00    0.00000E+00    0.00000E+00    0.00000E+00    0.00000E+00
    0.39650E+07    0.00000E+00    0.00000E+00    0.00000E+00    0.00000E+00    0.00000E+00    0.00000E+00
    0.39700E+07    0.00000E+00    0.00000E+00    0.00000E+00    0.00000E+00    0.00000E+00    0.00000E+00
    0.39750E+07    0.00000E+00    0.00000E+00    0.00000E+00    0.00000E+00    0.00000E+00    0.00000E+00
    0.39800E+07    0.00000E+00    0.00000E+00    0.00000E+00    0.00000E+00    0.00000E+00    0.00000E+00
    0.39850E+07    0.00000E+00    0.00000E+00    0.00000E+00    0.00000E+00    0.00000E+00    0.00000E+00
    0.39900E+07    0.00000E+00    0.00000E+00    0.00000E+00    0.00000E+00    0.00000E+00    0.00000E+00
    0.39950E+07    0.00000E+00    0.00000E+00    0.00000E+00    0.00000E+00    0.00000E+00    0.00000E+00
    0.40000E+07    0.00000E+00    0.00000E+00    0.00000E+00    0.00000E+00    0.00000E+00    0.00000E+00
    0.40050E+07    0.00000E+00    0.00000E+00    0.00000E+00    0.00000E+00    0.00000E+00    0.00000E+00
    0.40100E+07    0.00000E+00    0.00000E+00    0.00000E+00    0.00000E+00    0.00000E+00    0.00000E+00
    0.40150E+07    0.00000E+00    0.00000E+00    0.00000E+00    0.00000E+00    0.00000E+00    0.00000E+00
    0.40200E+07    0.00000E+00    0.00000E+00    0.00000E+00    0.00000E+00    0.00000E+00    0.00000E+00
    0.40250E+07    0.00000E+00    0.00000E+00    0.00000E+00    0.00000E+00    0.00000E+00    0.00000E+00
    0.40300E+07    0.00000E+00    0.00000E+00    0.00000E+00    0.00000E+00    0.00000E+00    0.00000E+00
    0.40350E+07    0.00000E+00    0.00000E+00    0.00000E+00    0.00000E+00    0.00000E+00    0.00000E+00
    0.40400E+07    0.00000E+00    0.00000E+00    0.00000E+00    0.00000E+00    0.00000E+00    0.00000E+00
    0.40450E+07    0.00000E+00    0.00000E+00    0.00000E+00    0.00000E+00    0.00000E+00    0.00000E+00
    0.40500E+07    0.00000E+00    0.00000E+00    0.00000E+00    0.00000E+00    0.00000E+00    0.00000E+00
    0.40550E+07    0.00000E+00    0.00000E+00    0.00000E+00    0.00000E+00    0.00000E+00    0.00000E+00
    0.40600E+07    0.00000E+00    0.00000E+00    0.00000E+00    0.00000E+00    0.00000E+00    0.00000E+00
    0.40650E+07    0.00000E+00    0.00000E+00    0.00000E+00    0.00000E+00    0.00000E+00    0.00000E+00
    0.40700E+07    0.00000E+00    0.00000E+00    0.00000E+00    0.00000E+00    0.00000E+00    0.00000E+00
    0.40750E+07    0.00000E+00    0.00000E+00    0.00000E+00    0.00000E+00    0.00000E+00    0.00000E+00
    0.40800E+07    0.00000E+00    0.00000E+00    0.00000E+00    0.00000E+00    0.00000E+00    0.00000E+00
    0.40850E+07    0.00000E+00    0.00000E+00    0.00000E+00    0.00000E+00    0.00000E+00    0.00000E+00
    0.40900E+07    0.00000E+00    0.00000E+00    0.00000E+00    0.00000E+00    0.00000E+00    0.00000E+00
    0.40950E+07    0.00000E+00    0.00000E+00    0.00000E+00    0.00000E+00    0.00000E+00    0.00000E+00
    0.41000E+07    0.00000E+00    0.00000E+00    0.00000E+00    0.00000E+00    0.00000E+00    0.00000E+00
    0.41050E+07    0.00000E+00    0.00000E+00    0.00000E+00    0.00000E+00    0.00000E+00    0.00000E+00
    0.41100E+07    0.00000E+00    0.00000E+00    0.00000E+00    0.00000E+00    0.00000E+00    0.00000E+00
    0.41150E+07    0.00000E+00    0.00000E+00    0.00000E+00    0.00000E+00    0.00000E+00    0.00000E+00
    0.41200E+07    0.00000E+00    0.00000E+00    0.00000E+00    0.00000E+00    0.00000E+00    0.00000E+00
    0.41250E+07    0.00000E+00    0.00000E+00    0.00000E+00    0.00000E+00    0.00000E+00    0.00000E+00
    0.41300E+07    0.00000E+00    0.00000E+00    0.00000E+00    0.00000E+00    0.00000E+00    0.00000E+00
    0.41350E+07    0.00000E+00    0.00000E+00    0.00000E+00    0.00000E+00    0.00000E+00    0.00000E+00
    0.41400E+07    0.22699E-33    0.31128E-33    0.30847E-33    0.00000E+00    0.00000E+00    0.00000E+00
    0.41450E+07    0.28294E-33    0.38754E-33    0.38414E-33    0.00000E+00    0.00000E+00    0.00000E+00
    0.41500E+07    0.35247E-33    0.48242E-33    0.47818E-33    0.00000E+00    0.00000E+00    0.00000E+00
    0.41550E+07    0.67454E-33    0.92415E-33    0.91544E-33    0.00000E+00    0.00000E+00    0.00000E+00
    0.41600E+07    0.84021E-33    0.11506E-32    0.11396E-32    0.00000E+00    0.00000E+00    0.00000E+00
    0.41650E+07    0.10460E-32    0.14321E-32    0.14181E-32    0.00000E+00    0.00000E+00    0.00000E+00
    0.41700E+07    0.13016E-32    0.17821E-32    0.17640E-32    0.00000E+00    0.00000E+00    0.00000E+00
    0.41750E+07    0.16188E-32    0.22170E-32    0.21934E-32    0.00000E+00    0.00000E+00    0.00000E+00
    0.41800E+07    0.20125E-32    0.27573E-32    0.27264E-32    0.00000E+00    0.00000E+00    0.00000E+00
    0.41850E+07    0.25008E-32    0.34281E-32    0.33876E-32    0.00000E+00    0.00000E+00    0.00000E+00
    0.41900E+07    0.31063E-32    0.42607E-32    0.42076E-32    0.00000E+00    0.00000E+00    0.00000E+00
    0.41950E+07    0.38569E-32    0.52939E-32    0.52241E-32    0.00000E+00    0.00000E+00    0.00000E+00
    0.42000E+07    0.47868E-32    0.65753E-32    0.64838E-32    0.00000E+00    0.00000E+00    0.00000E+00
    0.42050E+07    0.59386E-32    0.81641E-32    0.80442E-32    0.00000E+00    0.00000E+00    0.00000E+00
    0.42100E+07    0.73646E-32    0.10133E-31    0.99766E-32    0.00000E+00    0.00000E+00    0.00000E+00
    0.42150E+07    0.91296E-32    0.12573E-31    0.12368E-31    0.00000E+00    0.00000E+00    0.00000E+00
    0.42200E+07    0.11313E-31    0.15595E-31    0.15328E-31    0.00000E+00    0.00000E+00    0.00000E+00
    0.42250E+07    0.14014E-31    0.19336E-31    0.18989E-31    0.00000E+00    0.00000E+00    0.00000E+00
    0.42300E+07    0.17352E-31    0.23965E-31    0.23516E-31    0.00000E+00    0.00000E+00    0.00000E+00
    0.42350E+07    0.21478E-31    0.29693E-31    0.29111E-31    0.00000E+00    0.00000E+00    0.00000E+00
    0.42400E+07    0.26576E-31    0.36776E-31    0.36024E-31    0.00000E+00    0.00000E+00    0.00000E+00
    0.42450E+07    0.32870E-31    0.45533E-31    0.44562E-31    0.00000E+00    0.00000E+00    0.00000E+00
    0.42500E+07    0.40641E-31    0.56354E-31    0.55103E-31    0.00000E+00    0.00000E+00    0.00000E+00
    0.42550E+07    0.50230E-31    0.69723E-31    0.68114E-31    0.00000E+00    0.00000E+00    0.00000E+00
    0.42600E+07    0.62058E-31    0.86231E-31    0.84166E-31    0.00000E+00    0.00000E+00    0.00000E+00
    0.42650E+07    0.76644E-31    0.10661E-30    0.10396E-30    0.00000E+00    0.00000E+00    0.00000E+00
    0.42700E+07    0.94624E-31    0.13176E-30    0.12837E-30    0.00000E+00    0.00000E+00    0.00000E+00
    0.42750E+07    0.11678E-30    0.16278E-30    0.15845E-30    0.00000E+00    0.00000E+00    0.00000E+00
    0.42800E+07    0.14407E-30    0.20103E-30    0.19550E-30    0.00000E+00    0.00000E+00    0.00000E+00
    0.42850E+07    0.17767E-30    0.24818E-30    0.24113E-30    0.00000E+00    0.00000E+00    0.00000E+00
    0.42900E+07    0.21903E-30    0.30628E-30    0.29731E-30    0.00000E+00    0.00000E+00    0.00000E+00
    0.42950E+07    0.26992E-30    0.37785E-30    0.36643E-30    0.00000E+00    0.00000E+00    0.00000E+00
    0.43000E+07    0.33251E-30    0.46598E-30    0.45147E-30    0.00000E+00    0.00000E+00    0.00000E+00
    0.43050E+07    0.40947E-30    0.57446E-30    0.55605E-30    0.00000E+00    0.00000E+00    0.00000E+00
    0.43100E+07    0.50406E-30    0.70793E-30    0.68460E-30    0.00000E+00    0.00000E+00    0.00000E+00
    0.43150E+07    0.62027E-30    0.87210E-30    0.84256E-30    0.00000E+00    0.00000E+00    0.00000E+00
    0.43200E+07    0.76301E-30    0.10740E-29    0.10366E-29    0.00000E+00    0.00000E+00    0.00000E+00
    0.43250E+07    0.93826E-30    0.13221E-29    0.12749E-29    0.00000E+00    0.00000E+00    0.00000E+00
    0.43300E+07    0.11533E-29    0.16270E-29    0.15673E-29    0.00000E+00    0.00000E+00    0.00000E+00
    0.43350E+07    0.14172E-29    0.20014E-29    0.19262E-29    0.00000E+00    0.00000E+00    0.00000E+00
    0.43400E+07    0.17409E-29    0.24612E-29    0.23664E-29    0.00000E+00    0.00000E+00    0.00000E+00
    0.43450E+07    0.21376E-29    0.30256E-29    0.29062E-29    0.00000E+00    0.00000E+00    0.00000E+00
    0.43500E+07    0.26239E-29    0.37180E-29    0.35679E-29    0.00000E+00    0.00000E+00    0.00000E+00
    0.43550E+07    0.32197E-29    0.45673E-29    0.43786E-29    0.00000E+00    0.00000E+00    0.00000E+00
    0.43600E+07    0.39493E-29    0.56086E-29    0.53716E-29    0.00000E+00    0.00000E+00    0.00000E+00
    0.43650E+07    0.48425E-29    0.68849E-29    0.65874E-29    0.00000E+00    0.00000E+00    0.00000E+00
    0.43700E+07    0.59356E-29    0.84487E-29    0.80756E-29    0.00000E+00    0.00000E+00    0.00000E+00
    0.43750E+07    0.72729E-29    0.10364E-28    0.98965E-29    0.00000E+00    0.00000E+00    0.00000E+00
    0.43800E+07    0.89084E-29    0.12709E-28    0.12124E-28    0.00000E+00    0.00000E+00    0.00000E+00
    0.43850E+07    0.10908E-28    0.15579E-28    0.14847E-28    0.00000E+00    0.00000E+00    0.00000E+00
    0.43900E+07    0.13351E-28    0.19091E-28    0.18175E-28    0.00000E+00    0.00000E+00    0.00000E+00
    0.43950E+07    0.16336E-28    0.23387E-28    0.22242E-28    0.00000E+00    0.00000E+00    0.00000E+00
    0.44000E+07    0.19981E-28    0.28638E-28    0.27209E-28    0.00000E+00    0.00000E+00    0.00000E+00
    0.44050E+07    0.24431E-28    0.35057E-28    0.33273E-28    0.00000E+00    0.00000E+00    0.00000E+00
    0.44100E+07    0.29862E-28    0.42900E-28    0.40675E-28    0.00000E+00    0.00000E+00    0.00000E+00
    0.44150E+07    0.36487E-28    0.52479E-28    0.49706E-28    0.00000E+00    0.00000E+00    0.00000E+00
    0.44200E+07    0.44566E-28    0.64174E-28    0.60721E-28    0.00000E+00    0.00000E+00    0.00000E+00
    0.44250E+07    0.54415E-28    0.78449E-28    0.74152E-28    0.00000E+00    0.00000E+00    0.00000E+00
    0.44300E+07    0.66418E-28    0.95867E-28    0.90520E-28    0.00000E+00    0.00000E+00    0.00000E+00
    0.44350E+07    0.81040E-28    0.11711E-27    0.11046E-27    0.00000E+00    0.00000E+00    0.00000E+00
    0.44400E+07    0.98846E-28    0.14301E-27    0.13475E-27    0.00000E+00    0.00000E+00    0.00000E+00
    0.44450E+07    0.12052E-27    0.17458E-27    0.16433E-27    0.00000E+00    0.00000E+00    0.00000E+00
    0.44500E+07    0.14690E-27    0.21305E-27    0.20032E-27    0.00000E+00    0.00000E+00    0.00000E+00
    0.44550E+07    0.17899E-27    0.25990E-27    0.24412E-27    0.00000E+00    0.00000E+00    0.00000E+00
    0.44600E+07    0.21801E-27    0.31695E-27    0.29738E-27    0.00000E+00    0.00000E+00    0.00000E+00
    0.44650E+07    0.26545E-27    0.38639E-27    0.36215E-27    0.00000E+00    0.00000E+00    0.00000E+00
    0.44700E+07    0.32311E-27    0.47088E-27    0.44086E-27    0.00000E+00    0.00000E+00    0.00000E+00
    0.44750E+07    0.39314E-27    0.57365E-27    0.53650E-27    0.00000E+00    0.00000E+00    0.00000E+00
    0.44800E+07    0.47819E-27    0.69860E-27    0.65266E-27    0.00000E+00    0.00000E+00    0.00000E+00
    0.44850E+07    0.58145E-27    0.85049E-27    0.79369E-27    0.00000E+00    0.00000E+00    0.00000E+00
    0.44900E+07    0.70675E-27    0.10351E-26    0.96486E-27    0.00000E+00    0.00000E+00    0.00000E+00
    0.44950E+07    0.85875E-27    0.12592E-26    0.11726E-26    0.00000E+00    0.00000E+00    0.00000E+00
    0.45000E+07    0.10431E-26    0.15314E-26    0.14245E-26    0.00000E+00    0.00000E+00    0.00000E+00
    0.45050E+07    0.12666E-26    0.18619E-26    0.17299E-26    0.00000E+00    0.00000E+00    0.00000E+00
    0.45100E+07    0.15374E-26    0.22628E-26    0.21001E-26    0.00000E+00    0.00000E+00    0.00000E+00
    0.45150E+07    0.18655E-26    0.27492E-26    0.25486E-26    0.00000E+00    0.00000E+00    0.00000E+00
    0.45200E+07    0.22628E-26    0.33390E-26    0.30919E-26    0.00000E+00    0.00000E+00    0.00000E+00
    0.45250E+07    0.27439E-26    0.40539E-26    0.37497E-26    0.00000E+00    0.00000E+00    0.00000E+00
    0.45300E+07    0.33260E-26    0.49203E-26    0.45459E-26    0.00000E+00    0.00000E+00    0.00000E+00
    0.45350E+07    0.40303E-26    0.59697E-26    0.55092E-26    0.00000E+00    0.00000E+00    0.00000E+00
    0.45400E+07    0.48821E-26    0.72406E-26    0.66745E-26    0.00000E+00    0.00000E+00    0.00000E+00
    0.45450E+07    0.59119E-26    0.87791E-26    0.80834E-26    0.00000E+00    0.00000E+00    0.00000E+00
    0.45500E+07    0.71564E-26    0.10641E-25    0.97864E-26    0.00000E+00    0.00000E+00    0.00000E+00
    0.45550E+07    0.86599E-26    0.12893E-25    0.11844E-25    0.00000E+00    0.00000E+00    0.00000E+00
    0.45600E+07    0.10476E-25    0.15617E-25    0.14330E-25    0.00000E+00    0.00000E+00    0.00000E+00
    0.45650E+07    0.12668E-25    0.18910E-25    0.17331E-25    0.00000E+00    0.00000E+00    0.00000E+00
    0.45700E+07    0.15314E-25    0.22890E-25    0.20954E-25    0.00000E+00    0.00000E+00    0.00000E+00
    0.45750E+07    0.18506E-25    0.27698E-25    0.25325E-25    0.00000E+00    0.00000E+00    0.00000E+00
    0.45800E+07    0.22357E-25    0.33504E-25    0.30598E-25    0.00000E+00    0.00000E+00    0.00000E+00
    0.45850E+07    0.26999E-25    0.40515E-25    0.36957E-25    0.00000E+00    0.00000E+00    0.00000E+00
    0.45900E+07    0.32594E-25    0.48976E-25    0.44622E-25    0.00000E+00    0.00000E+00    0.00000E+00
    0.45950E+07    0.39335E-25    0.59184E-25    0.53858E-25    0.00000E+00    0.00000E+00    0.00000E+00
    0.46000E+07    0.47454E-25    0.71496E-25    0.64984E-25    0.00000E+00    0.00000E+00    0.00000E+00
    0.46050E+07    0.57231E-25    0.86341E-25    0.78382E-25    0.00000E+00    0.00000E+00    0.00000E+00
    0.46100E+07    0.68997E-25    0.10423E-24    0.94510E-25    0.00000E+00    0.00000E+00    0.00000E+00
    0.46150E+07    0.83155E-25    0.12579E-24    0.11392E-24    0.00000E+00    0.00000E+00    0.00000E+00
    0.46200E+07    0.10018E-24    0.15176E-24    0.13727E-24    0.00000E+00    0.00000E+00    0.00000E+00
    0.46250E+07    0.12066E-24    0.18303E-24    0.16535E-24    0.00000E+00    0.00000E+00    0.00000E+00
    0.46300E+07    0.14527E-24    0.22066E-24    0.19910E-24    0.00000E+00    0.00000E+00    0.00000E+00
    0.46350E+07    0.17485E-24    0.26595E-24    0.23966E-24    0.00000E+00    0.00000E+00    0.00000E+00
    0.46400E+07    0.21037E-24    0.32043E-24    0.28840E-24    0.00000E+00    0.00000E+00    0.00000E+00
    0.46450E+07    0.25303E-24    0.38593E-24    0.34692E-24    0.00000E+00    0.00000E+00    0.00000E+00
    0.46500E+07    0.30424E-24    0.46468E-24    0.41719E-24    0.00000E+00    0.00000E+00    0.00000E+00
    0.46550E+07    0.36568E-24    0.55931E-24    0.50151E-24    0.00000E+00    0.00000E+00    0.00000E+00
    0.46600E+07    0.43939E-24    0.67299E-24    0.60268E-24    0.00000E+00    0.00000E+00    0.00000E+00
    0.46650E+07    0.52779E-24    0.80951E-24    0.72401E-24    0.00000E+00    0.00000E+00    0.00000E+00
    0.46700E+07    0.63375E-24    0.97340E-24    0.86949E-24    0.00000E+00    0.00000E+00    0.00000E+00
    0.46750E+07    0.76073E-24    0.11701E-23    0.10438E-23    0.00000E+00    0.00000E+00    0.00000E+00
    0.46800E+07    0.91285E-24    0.14061E-23    0.12527E-23    0.00000E+00    0.00000E+00    0.00000E+00
    0.46850E+07    0.10950E-23    0.16891E-23    0.15029E-23    0.00000E+00    0.00000E+00    0.00000E+00
    0.46900E+07    0.13131E-23    0.20284E-23    0.18025E-23    0.00000E+00    0.00000E+00    0.00000E+00
    0.46950E+07    0.15741E-23    0.24351E-23    0.21611E-23    0.00000E+00    0.00000E+00    0.00000E+00
    0.47000E+07    0.18864E-23    0.29223E-23    0.25901E-23    0.00000E+00    0.00000E+00    0.00000E+00
    0.47050E+07    0.22598E-23    0.35059E-23    0.31033E-23    0.00000E+00    0.00000E+00    0.00000E+00
    0.47100E+07    0.27063E-23    0.42048E-23    0.37169E-23    0.00000E+00    0.00000E+00    0.00000E+00
    0.47150E+07    0.32399E-23    0.50412E-23    0.44503E-23    0.00000E+00    0.00000E+00    0.00000E+00
    0.47200E+07    0.38775E-23    0.60421E-23    0.53268E-23    0.00000E+00    0.00000E+00    0.00000E+00
    0.47250E+07    0.46390E-23    0.72393E-23    0.63737E-23    0.00000E+00    0.00000E+00    0.00000E+00
    0.47300E+07    0.55481E-23    0.86709E-23    0.76238E-23    0.00000E+00    0.00000E+00    0.00000E+00
    0.47350E+07    0.66333E-23    0.10382E-22    0.91161E-23    0.00000E+00    0.00000E+00    0.00000E+00
    0.47400E+07    0.79281E-23    0.12427E-22    0.10897E-22    0.00000E+00    0.00000E+00    0.00000E+00
    0.47450E+07    0.94726E-23    0.14871E-22    0.13021E-22    0.00000E+00    0.00000E+00    0.00000E+00
    0.47500E+07    0.11314E-22    0.17788E-22    0.15555E-22    0.00000E+00    0.00000E+00    0.00000E+00
    0.47550E+07    0.13509E-22    0.21272E-22    0.18575E-22    0.00000E+00    0.00000E+00    0.00000E+00
    0.47600E+07    0.16125E-22    0.25429E-22    0.22175E-22    0.00000E+00    0.00000E+00    0.00000E+00
    0.47650E+07    0.19241E-22    0.30388E-22    0.26463E-22    0.00000E+00    0.00000E+00    0.00000E+00
    0.47700E+07    0.22951E-22    0.36304E-22    0.31569E-22    0.00000E+00    0.00000E+00    0.00000E+00
    0.47750E+07    0.27368E-22    0.43357E-22    0.37650E-22    0.00000E+00    0.00000E+00    0.00000E+00
    0.47800E+07    0.32624E-22    0.51763E-22    0.44886E-22    0.00000E+00    0.00000E+00    0.00000E+00
    0.47850E+07    0.38877E-22    0.61779E-22    0.53495E-22    0.00000E+00    0.00000E+00    0.00000E+00
    0.47900E+07    0.46312E-22    0.73710E-22    0.63735E-22    0.00000E+00    0.00000E+00    0.00000E+00
    0.47950E+07    0.55153E-22    0.87916E-22    0.75910E-22    0.00000E+00    0.00000E+00    0.00000E+00
    0.48000E+07    0.65658E-22    0.10483E-21    0.90381E-22    0.00000E+00    0.00000E+00    0.00000E+00
    0.48050E+07    0.78140E-22    0.12495E-21    0.10758E-21    0.00000E+00    0.00000E+00    0.00000E+00
    0.48100E+07    0.92963E-22    0.14889E-21    0.12800E-21    0.00000E+00    0.00000E+00    0.00000E+00
    0.48150E+07    0.11056E-21    0.17736E-21    0.15225E-21    0.00000E+00    0.00000E+00    0.00000E+00
    0.48200E+07    0.13145E-21    0.21120E-21    0.18103E-21    0.00000E+00    0.00000E+00    0.00000E+00
    0.48250E+07    0.15623E-21    0.25142E-21    0.21519E-21    0.00000E+00    0.00000E+00    0.00000E+00
    0.48300E+07    0.18563E-21    0.29920E-21    0.25571E-21    0.00000E+00    0.00000E+00    0.00000E+00
    0.48350E+07    0.22048E-21    0.35595E-21    0.30376E-21    0.00000E+00    0.00000E+00    0.00000E+00
    0.48400E+07    0.26180E-21    0.42333E-21    0.36072E-21    0.00000E+00    0.00000E+00    0.00000E+00
    0.48450E+07    0.31075E-21    0.50331E-21    0.42822E-21    0.00000E+00    0.00000E+00    0.00000E+00
    0.48500E+07    0.36873E-21    0.59820E-21    0.50818E-21    0.00000E+00    0.00000E+00    0.00000E+00
    0.48550E+07    0.43739E-21    0.71075E-21    0.60288E-21    0.00000E+00    0.00000E+00    0.00000E+00
    0.48600E+07    0.51867E-21    0.84421E-21    0.71499E-21    0.00000E+00    0.00000E+00    0.00000E+00
    0.48650E+07    0.61485E-21    0.10024E-20    0.84767E-21    0.00000E+00    0.00000E+00    0.00000E+00
    0.48700E+07    0.72862E-21    0.11899E-20    0.10046E-20    0.00000E+00    0.00000E+00    0.00000E+00
    0.48750E+07    0.86317E-21    0.14119E-20    0.11903E-20    0.00000E+00    0.00000E+00    0.00000E+00
    0.48800E+07    0.10222E-20    0.16749E-20    0.14098E-20    0.00000E+00    0.00000E+00    0.00000E+00
    0.48850E+07    0.12102E-20    0.19863E-20    0.16692E-20    0.00000E+00    0.00000E+00    0.00000E+00
    0.48900E+07    0.14323E-20    0.23547E-20    0.19758E-20    0.00000E+00    0.00000E+00    0.00000E+00
    0.48950E+07    0.16946E-20    0.27906E-20    0.23379E-20    0.00000E+00    0.00000E+00    0.00000E+00
    0.49000E+07    0.20042E-20    0.33062E-20    0.27654E-20    0.00000E+00    0.00000E+00    0.00000E+00
    0.49050E+07    0.23697E-20    0.39157E-20    0.32700E-20    0.00000E+00    0.00000E+00    0.00000E+00
    0.49100E+07    0.28009E-20    0.46362E-20    0.38654E-20    0.00000E+00    0.00000E+00    0.00000E+00
    0.49150E+07    0.33094E-20    0.54875E-20    0.45678E-20    0.00000E+00    0.00000E+00    0.00000E+00
    0.49200E+07    0.39091E-20    0.64930E-20    0.53961E-20    0.00000E+00    0.00000E+00    0.00000E+00
    0.49250E+07    0.46159E-20    0.76803E-20    0.63724E-20    0.00000E+00    0.00000E+00    0.00000E+00
    0.49300E+07    0.54487E-20    0.90819E-20    0.75230E-20    0.00000E+00    0.00000E+00    0.00000E+00
    0.49350E+07    0.64297E-20    0.10736E-19    0.88784E-20    0.00000E+00    0.00000E+00    0.00000E+00
    0.49400E+07    0.75848E-20    0.12687E-19    0.10475E-19    0.00000E+00    0.00000E+00    0.00000E+00
    0.49450E+07    0.89446E-20    0.14988E-19    0.12354E-19    0.00000E+00    0.00000E+00    0.00000E+00
    0.49500E+07    0.10545E-19    0.17701E-19    0.14565E-19    0.00000E+00    0.00000E+00    0.00000E+00
    0.49550E+07    0.12427E-19    0.20898E-19    0.17167E-19    0.00000E+00    0.00000E+00    0.00000E+00
    0.49600E+07    0.14641E-19    0.24664E-19    0.20227E-19    0.00000E+00    0.00000E+00    0.00000E+00
    0.49650E+07    0.17243E-19    0.29100E-19    0.23825E-19    0.00000E+00    0.00000E+00    0.00000E+00
    0.49700E+07    0.20301E-19    0.34324E-19    0.28053E-19    0.00000E+00    0.00000E+00    0.00000E+00
    0.49750E+07    0.23894E-19    0.40472E-19    0.33022E-19    0.00000E+00    0.00000E+00    0.00000E+00
    0.49800E+07    0.28113E-19    0.47706E-19    0.38857E-19    0.00000E+00    0.00000E+00    0.00000E+00
    0.49850E+07    0.33067E-19    0.56215E-19    0.45709E-19    0.00000E+00    0.00000E+00    0.00000E+00
    0.49900E+07    0.38881E-19    0.66222E-19    0.53752E-19    0.00000E+00    0.00000E+00    0.00000E+00
    0.49950E+07    0.45703E-19    0.77985E-19    0.63189E-19    0.00000E+00    0.00000E+00    0.00000E+00
    0.50000E+07    0.53704E-19    0.91808E-19    0.74258E-19    0.00000E+00    0.00000E+00    0.00000E+00
    0.50050E+07    0.63086E-19    0.10805E-18    0.87239E-19    0.00000E+00    0.00000E+00    0.00000E+00
    0.50100E+07    0.74082E-19    0.12712E-18    0.10246E-18    0.00000E+00    0.00000E+00    0.00000E+00
    0.50150E+07    0.86966E-19    0.14951E-18    0.12029E-18    0.00000E+00    0.00000E+00    0.00000E+00
    0.50200E+07    0.10206E-18    0.17579E-18    0.14118E-18    0.00000E+00    0.00000E+00    0.00000E+00
    0.50250E+07    0.11973E-18    0.20662E-18    0.16564E-18    0.00000E+00    0.00000E+00    0.00000E+00
    0.50300E+07    0.14042E-18    0.24279E-18    0.19428E-18    0.00000E+00    0.00000E+00    0.00000E+00
    0.50350E+07    0.16463E-18    0.28519E-18    0.22779E-18    0.00000E+00    0.00000E+00    0.00000E+00
    0.50400E+07    0.19295E-18    0.33489E-18    0.26700E-18    0.00000E+00    0.00000E+00    0.00000E+00
    0.50450E+07    0.22606E-18    0.39313E-18    0.31286E-18    0.00000E+00    0.00000E+00    0.00000E+00
    0.50500E+07    0.26478E-18    0.46136E-18    0.36647E-18    0.00000E+00    0.00000E+00    0.00000E+00
    0.50550E+07    0.31002E-18    0.54125E-18    0.42913E-18    0.00000E+00    0.00000E+00    0.00000E+00
    0.50600E+07    0.36288E-18    0.63478E-18    0.50234E-18    0.00000E+00    0.00000E+00    0.00000E+00
    0.50650E+07    0.42461E-18    0.74424E-18    0.58785E-18    0.00000E+00    0.00000E+00    0.00000E+00
    0.50700E+07    0.49668E-18    0.87230E-18    0.68769E-18    0.00000E+00    0.00000E+00    0.00000E+00
    0.50750E+07    0.58080E-18    0.10221E-17    0.80423E-18    0.00000E+00    0.00000E+00    0.00000E+00
    0.50800E+07    0.67894E-18    0.11972E-17    0.94021E-18    0.00000E+00    0.00000E+00    0.00000E+00
    0.50850E+07    0.79340E-18    0.14018E-17    0.10988E-17    0.00000E+00    0.00000E+00    0.00000E+00
    0.50900E+07    0.92687E-18    0.16409E-17    0.12838E-17    0.00000E+00    0.00000E+00    0.00000E+00
    0.50950E+07    0.10824E-17    0.19203E-17    0.14994E-17    0.00000E+00    0.00000E+00    0.00000E+00
    0.51000E+07    0.12637E-17    0.22464E-17    0.17506E-17    0.00000E+00    0.00000E+00    0.00000E+00
    0.51050E+07    0.14748E-17    0.26271E-17    0.20432E-17    0.00000E+00    0.00000E+00    0.00000E+00
    0.51100E+07    0.17207E-17    0.30714E-17    0.23840E-17    0.00000E+00    0.00000E+00    0.00000E+00
    0.51150E+07    0.20068E-17    0.35896E-17    0.27808E-17    0.00000E+00    0.00000E+00    0.00000E+00
    0.51200E+07    0.23398E-17    0.41940E-17    0.32425E-17    0.00000E+00    0.00000E+00    0.00000E+00
    0.51250E+07    0.27272E-17    0.48986E-17    0.37796E-17    0.00000E+00    0.00000E+00    0.00000E+00
    0.51300E+07    0.31777E-17    0.57198E-17    0.44042E-17    0.00000E+00    0.00000E+00    0.00000E+00
    0.51350E+07    0.37013E-17    0.66764E-17    0.51304E-17    0.00000E+00    0.00000E+00    0.00000E+00
    0.51400E+07    0.43099E-17    0.77907E-17    0.59745E-17    0.00000E+00    0.00000E+00    0.00000E+00
    0.51450E+07    0.50169E-17    0.90880E-17    0.69550E-17    0.00000E+00    0.00000E+00    0.00000E+00
    0.51500E+07    0.58379E-17    0.10598E-16    0.80939E-17    0.00000E+00    0.00000E+00    0.00000E+00
    0.51550E+07    0.67911E-17    0.12355E-16    0.94161E-17    0.00000E+00    0.00000E+00    0.00000E+00
    0.51600E+07    0.78973E-17    0.14399E-16    0.10951E-16    0.00000E+00    0.00000E+00    0.00000E+00
    0.51650E+07    0.91808E-17    0.16775E-16    0.12731E-16    0.00000E+00    0.00000E+00    0.00000E+00
    0.51700E+07    0.10669E-16    0.19538E-16    0.14797E-16    0.00000E+00    0.00000E+00    0.00000E+00
    0.51750E+07    0.12395E-16    0.22749E-16    0.17191E-16    0.00000E+00    0.00000E+00    0.00000E+00
    0.51800E+07    0.14395E-16    0.26478E-16    0.19967E-16    0.00000E+00    0.00000E+00    0.00000E+00
    0.51850E+07    0.16713E-16    0.30809E-16    0.23183E-16    0.00000E+00    0.00000E+00    0.00000E+00
    0.51900E+07    0.19397E-16    0.35838E-16    0.26908E-16    0.00000E+00    0.00000E+00    0.00000E+00
    0.51950E+07    0.22505E-16    0.41674E-16    0.31222E-16    0.00000E+00    0.00000E+00    0.00000E+00
    0.52000E+07    0.26103E-16    0.48445E-16    0.36215E-16    0.00000E+00    0.00000E+00    0.00000E+00
    0.52050E+07    0.30265E-16    0.56298E-16    0.41993E-16    0.00000E+00    0.00000E+00    0.00000E+00
    0.52100E+07    0.35080E-16    0.65404E-16    0.48677E-16    0.00000E+00    0.00000E+00    0.00000E+00
    0.52150E+07    0.40648E-16    0.75958E-16    0.56407E-16    0.00000E+00    0.00000E+00    0.00000E+00
    0.52200E+07    0.47083E-16    0.88188E-16    0.65341E-16    0.00000E+00    0.00000E+00    0.00000E+00
    0.52250E+07    0.54520E-16    0.10235E-15    0.75666E-16    0.00000E+00    0.00000E+00    0.00000E+00
    0.52300E+07    0.63110E-16    0.11876E-15    0.87594E-16    0.00000E+00    0.00000E+00    0.00000E+00
    0.52350E+07    0.73030E-16    0.13775E-15    0.10137E-15    0.00000E+00    0.00000E+00    0.00000E+00
    0.52400E+07    0.84481E-16    0.15972E-15    0.11727E-15    0.00000E+00    0.00000E+00    0.00000E+00
    0.52450E+07    0.97696E-16    0.18514E-15    0.13562E-15    0.00000E+00    0.00000E+00    0.00000E+00
    0.52500E+07    0.11294E-15    0.21454E-15    0.15679E-15    0.00000E+00    0.00000E+00    0.00000E+00
    0.52550E+07    0.13052E-15    0.24853E-15    0.18121E-15    0.00000E+00    0.00000E+00    0.00000E+00
    0.52600E+07    0.15079E-15    0.28782E-15    0.20936E-15    0.00000E+00    0.00000E+00    0.00000E+00
    0.52650E+07    0.17414E-15    0.33320E-15    0.24180E-15    0.00000E+00    0.00000E+00    0.00000E+00
    0.52700E+07    0.20105E-15    0.38562E-15    0.27917E-15    0.00000E+00    0.00000E+00    0.00000E+00
    0.52750E+07    0.23204E-15    0.44615E-15    0.32221E-15    0.00000E+00    0.00000E+00    0.00000E+00
    0.52800E+07    0.26771E-15    0.51601E-15    0.37177E-15    0.00000E+00    0.00000E+00    0.00000E+00
    0.52850E+07    0.30876E-15    0.59662E-15    0.42880E-15    0.00000E+00    0.00000E+00    0.00000E+00
    0.52900E+07    0.35600E-15    0.68960E-15    0.49442E-15    0.00000E+00    0.00000E+00    0.00000E+00
    0.52950E+07    0.41032E-15    0.79682E-15    0.56989E-15    0.00000E+00    0.00000E+00    0.00000E+00
    0.53000E+07    0.47277E-15    0.92041E-15    0.65666E-15    0.00000E+00    0.00000E+00    0.00000E+00
    0.53050E+07    0.54455E-15    0.10628E-14    0.75639E-15    0.00000E+00    0.00000E+00    0.00000E+00
    0.53100E+07    0.62702E-15    0.12269E-14    0.87098E-15    0.00000E+00    0.00000E+00    0.00000E+00
    0.53150E+07    0.72173E-15    0.14159E-14    0.10026E-14    0.00000E+00    0.00000E+00    0.00000E+00
    0.53200E+07    0.83047E-15    0.16334E-14    0.11537E-14    0.00000E+00    0.00000E+00    0.00000E+00
    0.53250E+07    0.95528E-15    0.18837E-14    0.13271E-14    0.00000E+00    0.00000E+00    0.00000E+00
    0.53300E+07    0.10985E-14    0.21717E-14    0.15261E-14    0.00000E+00    0.00000E+00    0.00000E+00
    0.53350E+07    0.12627E-14    0.25030E-14    0.17543E-14    0.00000E+00    0.00000E+00    0.00000E+00
    0.53400E+07    0.14510E-14    0.28838E-14    0.20160E-14    0.00000E+00    0.00000E+00    0.00000E+00
    0.53450E+07    0.16668E-14    0.33215E-14    0.23160E-14    0.00000E+00    0.00000E+00    0.00000E+00
    0.53500E+07    0.19141E-14    0.38245E-14    0.26596E-14    0.00000E+00    0.00000E+00    0.00000E+00
    0.53550E+07    0.21973E-14    0.44021E-14    0.30533E-14    0.00000E+00    0.00000E+00    0.00000E+00
    0.53600E+07    0.25216E-14    0.50654E-14    0.35040E-14    0.00000E+00    0.00000E+00    0.00000E+00
    0.53650E+07    0.28928E-14    0.58268E-14    0.40198E-14    0.00000E+00    0.00000E+00    0.00000E+00
    0.53700E+07    0.33175E-14    0.67004E-14    0.46101E-14    0.00000E+00    0.00000E+00    0.00000E+00
    0.53750E+07    0.38032E-14    0.77026E-14    0.52852E-14    0.00000E+00    0.00000E+00    0.00000E+00
    0.53800E+07    0.43586E-14    0.88517E-14    0.60571E-14    0.00000E+00    0.00000E+00    0.00000E+00
    0.53850E+07    0.49934E-14    0.10169E-13    0.69394E-14    0.00000E+00    0.00000E+00    0.00000E+00
    0.53900E+07    0.57187E-14    0.11679E-13    0.79475E-14    0.00000E+00    0.00000E+00    0.00000E+00
    0.53950E+07    0.65471E-14    0.13408E-13    0.90989E-14    0.00000E+00    0.00000E+00    0.00000E+00
    0.54000E+07    0.74929E-14    0.15388E-13    0.10414E-13    0.00000E+00    0.00000E+00    0.00000E+00
    0.54050E+07    0.85725E-14    0.17656E-13    0.11914E-13    0.00000E+00    0.00000E+00    0.00000E+00
    0.54100E+07    0.98042E-14    0.20250E-13    0.13626E-13    0.00000E+00    0.00000E+00    0.00000E+00
    0.54150E+07    0.11209E-13    0.23219E-13    0.15579E-13    0.00000E+00    0.00000E+00    0.00000E+00
    0.54200E+07    0.12811E-13    0.26614E-13    0.17805E-13    0.00000E+00    0.00000E+00    0.00000E+00
    0.54250E+07    0.14637E-13    0.30495E-13    0.20343E-13    0.00000E+00    0.00000E+00    0.00000E+00
    0.54300E+07    0.16717E-13    0.34931E-13    0.23234E-13    0.00000E+00    0.00000E+00    0.00000E+00
    0.54350E+07    0.19086E-13    0.40000E-13    0.26527E-13    0.00000E+00    0.00000E+00    0.00000E+00
    0.54400E+07    0.21784E-13    0.45788E-13    0.30277E-13    0.00000E+00    0.00000E+00    0.00000E+00
    0.54450E+07    0.24854E-13    0.52398E-13    0.34544E-13    0.00000E+00    0.00000E+00    0.00000E+00
    0.54500E+07    0.28347E-13    0.59942E-13    0.39399E-13    0.00000E+00    0.00000E+00    0.00000E+00
    0.54550E+07    0.32320E-13    0.68549E-13    0.44920E-13    0.00000E+00    0.00000E+00    0.00000E+00
    0.54600E+07    0.36837E-13    0.78367E-13    0.51198E-13    0.00000E+00    0.00000E+00    0.00000E+00
    0.54650E+07    0.41971E-13    0.89562E-13    0.58332E-13    0.00000E+00    0.00000E+00    0.00000E+00
    0.54700E+07    0.47803E-13    0.10232E-12    0.66437E-13    0.00000E+00    0.00000E+00    0.00000E+00
    0.54750E+07    0.54427E-13    0.11686E-12    0.75642E-13    0.00000E+00    0.00000E+00    0.00000E+00
    0.54800E+07    0.61947E-13    0.13342E-12    0.86093E-13    0.00000E+00    0.00000E+00    0.00000E+00
    0.54850E+07    0.70481E-13    0.15228E-12    0.97952E-13    0.00000E+00    0.00000E+00    0.00000E+00
    0.54900E+07    0.80163E-13    0.17375E-12    0.11141E-12    0.00000E+00    0.00000E+00    0.00000E+00
    0.54950E+07    0.91144E-13    0.19817E-12    0.12666E-12    0.00000E+00    0.00000E+00    0.00000E+00
    0.55000E+07    0.10359E-12    0.22596E-12    0.14396E-12    0.00000E+00    0.00000E+00    0.00000E+00
    0.55050E+07    0.11770E-12    0.25756E-12    0.16356E-12    0.00000E+00    0.00000E+00    0.00000E+00
    0.55100E+07    0.13368E-12    0.29348E-12    0.18576E-12    0.00000E+00    0.00000E+00    0.00000E+00
    0.55150E+07    0.15177E-12    0.33429E-12    0.21090E-12    0.00000E+00    0.00000E+00    0.00000E+00
    0.55200E+07    0.17226E-12    0.38066E-12    0.23935E-12    0.00000E+00    0.00000E+00    0.00000E+00
    0.55250E+07    0.19544E-12    0.43331E-12    0.27155E-12    0.00000E+00    0.00000E+00    0.00000E+00
    0.55300E+07    0.22166E-12    0.49308E-12    0.30798E-12    0.00000E+00    0.00000E+00    0.00000E+00
    0.55350E+07    0.25131E-12    0.56090E-12    0.34916E-12    0.00000E+00    0.00000E+00    0.00000E+00
    0.55400E+07    0.28482E-12    0.63785E-12    0.39570E-12    0.00000E+00    0.00000E+00    0.00000E+00
    0.55450E+07    0.32268E-12    0.72510E-12    0.44829E-12    0.00000E+00    0.00000E+00    0.00000E+00
    0.55500E+07    0.36545E-12    0.82401E-12    0.50768E-12    0.00000E+00    0.00000E+00    0.00000E+00
    0.55550E+07    0.41374E-12    0.93610E-12    0.57473E-12    0.00000E+00    0.00000E+00    0.00000E+00
    0.55600E+07    0.46824E-12    0.10631E-11    0.65041E-12    0.00000E+00    0.00000E+00    0.00000E+00
    0.55650E+07    0.52973E-12    0.12069E-11    0.73578E-12    0.00000E+00    0.00000E+00    0.00000E+00
    0.55700E+07    0.59908E-12    0.13697E-11    0.83206E-12    0.00000E+00    0.00000E+00    0.00000E+00
    0.55750E+07    0.67754E-12    0.15538E-11    0.94018E-12    0.00000E+00    0.00000E+00    0.00000E+00
    0.55800E+07    0.76593E-12    0.17622E-11    0.10619E-11    0.00000E+00    0.00000E+00    0.00000E+00
    0.55800E+07    0.76593E-12    0.17622E-11    0.10619E-11    0.00000E+00    0.00000E+00    0.00000E+00
    0.55850E+07    0.86777E-12    0.19951E-11    0.11987E-11    0.00000E+00    0.00000E+00    0.00000E+00
    0.55900E+07    0.98227E-12    0.22586E-11    0.13524E-11    0.00000E+00    0.00000E+00    0.00000E+00
    0.55950E+07    0.11109E-11    0.25565E-11    0.15249E-11    0.00000E+00    0.00000E+00    0.00000E+00
    0.56000E+07    0.12554E-11    0.28932E-11    0.17185E-11    0.00000E+00    0.00000E+00    0.00000E+00
    0.56050E+07    0.14175E-11    0.32735E-11    0.19357E-11    0.00000E+00    0.00000E+00    0.00000E+00
    0.56100E+07    0.15994E-11    0.37028E-11    0.21791E-11    0.00000E+00    0.00000E+00    0.00000E+00
    0.56150E+07    0.18032E-11    0.41872E-11    0.24517E-11    0.00000E+00    0.00000E+00    0.00000E+00
    0.56200E+07    0.20316E-11    0.47335E-11    0.27569E-11    0.00000E+00    0.00000E+00    0.00000E+00
    0.56250E+07    0.22872E-11    0.53493E-11    0.30983E-11    0.00000E+00    0.00000E+00    0.00000E+00
    0.56300E+07    0.25733E-11    0.60430E-11    0.34800E-11    0.00000E+00    0.00000E+00    0.00000E+00
    0.56350E+07    0.28932E-11    0.68242E-11    0.39066E-11    0.00000E+00    0.00000E+00    0.00000E+00
    0.56400E+07    0.32507E-11    0.77033E-11    0.43829E-11    0.00000E+00    0.00000E+00    0.00000E+00
    0.56450E+07    0.36500E-11    0.86921E-11    0.49143E-11    0.00000E+00    0.00000E+00    0.00000E+00
    0.56500E+07    0.40956E-11    0.98037E-11    0.55071E-11    0.00000E+00    0.00000E+00    0.00000E+00
    0.56550E+07    0.45927E-11    0.11053E-10    0.61677E-11    0.00000E+00    0.00000E+00    0.00000E+00
    0.56600E+07    0.51469E-11    0.12455E-10    0.69034E-11    0.00000E+00    0.00000E+00    0.00000E+00
    0.56650E+07    0.57642E-11    0.14030E-10    0.77222E-11    0.00000E+00    0.00000E+00    0.00000E+00
    0.56700E+07    0.64515E-11    0.15796E-10    0.86330E-11    0.00000E+00    0.00000E+00    0.00000E+00
    0.56750E+07    0.72161E-11    0.17776E-10    0.96454E-11    0.00000E+00    0.00000E+00    0.00000E+00
    0.56800E+07    0.80662E-11    0.19994E-10    0.10770E-10    0.00000E+00    0.00000E+00    0.00000E+00
    0.56850E+07    0.90108E-11    0.22479E-10    0.12018E-10    0.00000E+00    0.00000E+00    0.00000E+00
    0.56900E+07    0.10060E-10    0.25260E-10    0.13403E-10    0.00000E+00    0.00000E+00    0.00000E+00
    0.56950E+07    0.11223E-10    0.28371E-10    0.14938E-10    0.00000E+00    0.00000E+00    0.00000E+00
    0.57000E+07    0.12514E-10    0.31849E-10    0.16638E-10    0.00000E+00    0.00000E+00    0.00000E+00
    0.57050E+07    0.13944E-10    0.35735E-10    0.18519E-10    0.00000E+00    0.00000E+00    0.00000E+00
    0.57100E+07    0.15527E-10    0.40075E-10    0.20601E-10    0.00000E+00    0.00000E+00    0.00000E+00
    0.57149E+07    0.17254E-10    0.44850E-10    0.22869E-10    0.00000E+00    0.00000E+00    0.00000E+00
    0.57199E+07    0.19161E-10    0.50166E-10    0.25369E-10    0.00000E+00    0.00000E+00    0.00000E+00
    0.57199E+07    0.27172E-10    0.42774E-10    0.24339E-10    0.00000E+00    0.00000E+00    0.00000E+00
    0.57200E+07    0.27208E-10    0.42947E-10    0.24386E-10    0.00000E+00    0.00000E+00    0.00000E+00
    0.57250E+07    0.28598E-10    0.49573E-10    0.26166E-10    0.00000E+00    0.00000E+00    0.00000E+00
    0.57300E+07    0.30104E-10    0.56855E-10    0.28088E-10    0.00000E+00    0.00000E+00    0.00000E+00
    0.57350E+07    0.31732E-10    0.64840E-10    0.30159E-10    0.00000E+00    0.00000E+00    0.00000E+00
    0.57400E+07    0.33487E-10    0.73576E-10    0.32385E-10    0.00000E+00    0.00000E+00    0.00000E+00
    0.57450E+07    0.35375E-10    0.83117E-10    0.34773E-10    0.00000E+00    0.00000E+00    0.00000E+00
    0.57500E+07    0.37404E-10    0.93522E-10    0.37330E-10    0.00000E+00    0.00000E+00    0.00000E+00
    0.57550E+07    0.39579E-10    0.10485E-09    0.40063E-10    0.00000E+00    0.00000E+00    0.00000E+00
    0.57600E+07    0.41908E-10    0.11717E-09    0.42979E-10    0.00000E+00    0.00000E+00    0.00000E+00
    0.57650E+07    0.44397E-10    0.13055E-09    0.46085E-10    0.00000E+00    0.00000E+00    0.00000E+00
    0.57700E+07    0.47053E-10    0.14506E-09    0.49388E-10    0.00000E+00    0.00000E+00    0.00000E+00
    0.57750E+07    0.49884E-10    0.16078E-09    0.52896E-10    0.00000E+00    0.00000E+00    0.00000E+00
    0.57800E+07    0.52897E-10    0.17779E-09    0.56615E-10    0.00000E+00    0.00000E+00    0.00000E+00
    0.57850E+07    0.56099E-10    0.19619E-09    0.60553E-10    0.00000E+00    0.00000E+00    0.00000E+00
    0.57900E+07    0.59497E-10    0.21606E-09    0.64716E-10    0.00000E+00    0.00000E+00    0.00000E+00
    0.57950E+07    0.63099E-10    0.23751E-09    0.69111E-10    0.00000E+00    0.00000E+00    0.00000E+00
    0.58000E+07    0.66912E-10    0.26063E-09    0.73743E-10    0.00000E+00    0.00000E+00    0.00000E+00
    0.58050E+07    0.70943E-10    0.28554E-09    0.78619E-10    0.00000E+00    0.00000E+00    0.00000E+00
    0.58100E+07    0.75199E-10    0.31234E-09    0.83743E-10    0.00000E+00    0.00000E+00    0.00000E+00
    0.58150E+07    0.79685E-10    0.34116E-09    0.89120E-10    0.00000E+00    0.00000E+00    0.00000E+00
    0.58200E+07    0.84409E-10    0.37212E-09    0.94754E-10    0.00000E+00    0.00000E+00    0.00000E+00
    0.58250E+07    0.89376E-10    0.40535E-09    0.10065E-09    0.00000E+00    0.00000E+00    0.00000E+00
    0.58300E+07    0.94593E-10    0.44099E-09    0.10680E-09    0.00000E+00    0.00000E+00    0.00000E+00
    0.58350E+07    0.10006E-09    0.47917E-09    0.11321E-09    0.00000E+00    0.00000E+00    0.00000E+00
    0.58400E+07    0.10579E-09    0.52006E-09    0.11989E-09    0.00000E+00    0.00000E+00    0.00000E+00
    0.58450E+07    0.11177E-09    0.56378E-09    0.12682E-09    0.00000E+00    0.00000E+00    0.00000E+00
    0.58500E+07    0.11802E-09    0.61052E-09    0.13401E-09    0.00000E+00    0.00000E+00    0.00000E+00
    0.58550E+07    0.12454E-09    0.66042E-09    0.14145E-09    0.00000E+00    0.00000E+00    0.00000E+00
    0.58600E+07    0.13132E-09    0.71365E-09    0.14914E-09    0.00000E+00    0.00000E+00    0.00000E+00
    0.58636E+07    0.13630E-09    0.75359E-09    0.15474E-09    0.00000E+00    0.00000E+00    0.00000E+00
    0.58636E+07    0.14447E-09    0.73520E-09    0.14251E-09    0.00000E+00    0.00000E+00    0.00000E+00
    0.58668E+07    0.14825E-09    0.77301E-09    0.14587E-09    0.00000E+00    0.00000E+00    0.00000E+00
    0.58700E+07    0.15205E-09    0.81223E-09    0.14916E-09    0.00000E+00    0.00000E+00    0.00000E+00
    0.58750E+07    0.15797E-09    0.87593E-09    0.15413E-09    0.00000E+00    0.00000E+00    0.00000E+00
    0.58800E+07    0.16390E-09    0.94321E-09    0.15889E-09    0.00000E+00    0.00000E+00    0.00000E+00
    0.58850E+07    0.16981E-09    0.10142E-08    0.16337E-09    0.00000E+00    0.00000E+00    0.00000E+00
    0.58900E+07    0.17568E-09    0.10889E-08    0.16753E-09    0.00000E+00    0.00000E+00    0.00000E+00
    0.58950E+07    0.18147E-09    0.11675E-08    0.17130E-09    0.00000E+00    0.00000E+00    0.00000E+00
    0.59000E+07    0.18714E-09    0.12500E-08    0.17463E-09    0.00000E+00    0.00000E+00    0.00000E+00
    0.59050E+07    0.19266E-09    0.13365E-08    0.17744E-09    0.00000E+00    0.00000E+00    0.00000E+00
    0.59100E+07    0.19799E-09    0.14271E-08    0.17967E-09    0.00000E+00    0.00000E+00    0.00000E+00
    0.59150E+07    0.20308E-09    0.15217E-08    0.18125E-09    0.00000E+00    0.00000E+00    0.00000E+00
    0.59200E+07    0.20790E-09    0.16204E-08    0.18210E-09    0.00000E+00    0.00000E+00    0.00000E+00
    0.59250E+07    0.21240E-09    0.17233E-08    0.18215E-09    0.00000E+00    0.00000E+00    0.00000E+00
    0.59300E+07    0.21653E-09    0.18302E-08    0.18131E-09    0.00000E+00    0.00000E+00    0.00000E+00
    0.59350E+07    0.22024E-09    0.19412E-08    0.17951E-09    0.00000E+00    0.00000E+00    0.00000E+00
    0.59400E+07    0.22349E-09    0.20561E-08    0.17666E-09    0.00000E+00    0.00000E+00    0.00000E+00
    0.59450E+07    0.22623E-09    0.21750E-08    0.17268E-09    0.00000E+00    0.00000E+00    0.00000E+00
    0.59500E+07    0.22842E-09    0.22976E-08    0.16749E-09    0.00000E+00    0.00000E+00    0.00000E+00
    0.59529E+07    0.22940E-09    0.23700E-08    0.16392E-09    0.00000E+00    0.00000E+00    0.00000E+00
    0.59558E+07    0.23018E-09    0.24436E-08    0.15991E-09    0.00000E+00    0.00000E+00    0.00000E+00
    0.59558E+07    0.26990E-09    0.22609E-08    0.56517E-10    0.00000E+00    0.00000E+00    0.00000E+00
    0.59600E+07    0.26082E-09    0.23760E-08    0.34719E-10    0.00000E+00    0.00000E+00    0.00000E+00
    0.59650E+07    0.24893E-09    0.25133E-08    0.79604E-11    0.00000E+00    0.00000E+00    0.00000E+00
    0.59700E+07    0.23611E-09    0.26506E-08   -0.20605E-10    0.00000E+00    0.00000E+00    0.00000E+00
    0.59750E+07    0.22240E-09    0.27873E-08   -0.50889E-10    0.00000E+00    0.00000E+00    0.00000E+00
    0.59800E+07    0.20789E-09    0.29227E-08   -0.82801E-10    0.00000E+00    0.00000E+00    0.00000E+00
    0.59850E+07    0.19266E-09    0.30560E-08   -0.11619E-09    0.00000E+00    0.00000E+00    0.00000E+00
    0.59900E+07    0.17682E-09    0.31864E-08   -0.15092E-09    0.00000E+00    0.00000E+00    0.00000E+00
    0.59950E+07    0.16051E-09    0.33132E-08   -0.18678E-09    0.00000E+00    0.00000E+00    0.00000E+00
    0.60000E+07    0.14387E-09    0.34354E-08   -0.22358E-09    0.00000E+00    0.00000E+00    0.00000E+00
    0.60050E+07    0.12708E-09    0.35524E-08   -0.26103E-09    0.00000E+00    0.00000E+00    0.00000E+00
    0.60100E+07    0.11033E-09    0.36631E-08   -0.29890E-09    0.00000E+00    0.00000E+00    0.00000E+00
    0.60150E+07    0.93824E-10    0.37668E-08   -0.33684E-09    0.00000E+00    0.00000E+00    0.00000E+00
    0.60200E+07    0.77802E-10    0.38625E-08   -0.37455E-09    0.00000E+00    0.00000E+00    0.00000E+00
    0.60250E+07    0.62510E-10    0.39494E-08   -0.41165E-09    0.00000E+00    0.00000E+00    0.00000E+00
    0.60300E+07    0.48217E-10    0.40266E-08   -0.44776E-09    0.00000E+00    0.00000E+00    0.00000E+00
    0.60350E+07    0.35205E-10    0.40933E-08   -0.48246E-09    0.00000E+00    0.00000E+00    0.00000E+00
    0.60400E+07    0.23770E-10    0.41487E-08   -0.51533E-09    0.00000E+00    0.00000E+00    0.00000E+00
    0.60450E+07    0.14221E-10    0.41921E-08   -0.54592E-09    0.00000E+00    0.00000E+00    0.00000E+00
    0.60500E+07    0.68719E-11    0.42227E-08   -0.57378E-09    0.00000E+00    0.00000E+00    0.00000E+00
    0.60550E+07    0.20441E-11    0.42401E-08   -0.59844E-09    0.00000E+00    0.00000E+00    0.00000E+00
    0.60600E+07    0.58294E-13    0.42434E-08   -0.61944E-09    0.00000E+00    0.00000E+00    0.00000E+00
    0.60650E+07    0.12321E-11    0.42325E-08   -0.63631E-09    0.00000E+00    0.00000E+00    0.00000E+00
    0.60700E+07    0.58720E-11    0.42068E-08   -0.64860E-09    0.00000E+00    0.00000E+00    0.00000E+00
    0.60738E+07    0.11937E-10    0.41741E-08   -0.65739E-09    0.00000E+00    0.00000E+00    0.00000E+00
    0.60788E+07    0.23473E-10    0.41218E-08   -0.66050E-09    0.00000E+00    0.00000E+00    0.00000E+00
    0.60838E+07    0.39278E-10    0.40543E-08   -0.65787E-09    0.00000E+00    0.00000E+00    0.00000E+00
    0.60888E+07    0.59590E-10    0.39716E-08   -0.64915E-09    0.00000E+00    0.00000E+00    0.00000E+00
    0.60938E+07    0.84602E-10    0.38739E-08   -0.63405E-09    0.00000E+00    0.00000E+00    0.00000E+00
    0.60988E+07    0.11447E-09    0.37617E-08   -0.61232E-09    0.00000E+00    0.00000E+00    0.00000E+00
    0.61038E+07    0.14929E-09    0.36354E-08   -0.58381E-09    0.00000E+00    0.00000E+00    0.00000E+00
    0.61088E+07    0.18913E-09    0.34957E-08   -0.54839E-09    0.00000E+00    0.00000E+00    0.00000E+00
    0.61138E+07    0.23397E-09    0.33436E-08   -0.50607E-09    0.00000E+00    0.00000E+00    0.00000E+00
    0.61188E+07    0.28375E-09    0.31798E-08   -0.45690E-09    0.00000E+00    0.00000E+00    0.00000E+00
    0.61238E+07    0.33831E-09    0.30057E-08   -0.40107E-09    0.00000E+00    0.00000E+00    0.00000E+00
    0.61288E+07    0.39744E-09    0.28225E-08   -0.33881E-09    0.00000E+00    0.00000E+00    0.00000E+00
    0.61338E+07    0.46085E-09    0.26317E-08   -0.27052E-09    0.00000E+00    0.00000E+00    0.00000E+00
    0.61388E+07    0.52816E-09    0.24348E-08   -0.19666E-09    0.00000E+00    0.00000E+00    0.00000E+00
    0.61438E+07    0.59891E-09    0.22335E-08   -0.11783E-09    0.00000E+00    0.00000E+00    0.00000E+00
    0.61488E+07    0.67257E-09    0.20298E-08   -0.34724E-10    0.00000E+00    0.00000E+00    0.00000E+00
    0.61538E+07    0.74852E-09    0.18254E-08    0.51851E-10    0.00000E+00    0.00000E+00    0.00000E+00
    0.61588E+07    0.82603E-09    0.16224E-08    0.14098E-09    0.00000E+00    0.00000E+00    0.00000E+00
    0.61638E+07    0.90598E-09    0.14219E-08    0.23138E-09    0.00000E+00    0.00000E+00    0.00000E+00
    0.61688E+07    0.98624E-09    0.12269E-08    0.32283E-09    0.00000E+00    0.00000E+00    0.00000E+00
    0.61738E+07    0.10660E-08    0.10396E-08    0.41404E-09    0.00000E+00    0.00000E+00    0.00000E+00
    0.61788E+07    0.11444E-08    0.86192E-09    0.50374E-09    0.00000E+00    0.00000E+00    0.00000E+00
    0.61838E+07    0.12201E-08    0.69601E-09    0.59055E-09    0.00000E+00    0.00000E+00    0.00000E+00
    0.61888E+07    0.12915E-08    0.54394E-09    0.67283E-09    0.00000E+00    0.00000E+00    0.00000E+00
    0.61938E+07    0.13570E-08    0.40761E-09    0.74885E-09    0.00000E+00    0.00000E+00    0.00000E+00
    0.61988E+07    0.14150E-08    0.28874E-09    0.81687E-09    0.00000E+00    0.00000E+00    0.00000E+00
    0.62038E+07    0.14662E-08    0.18856E-09    0.87741E-09    0.00000E+00    0.00000E+00    0.00000E+00
    0.62088E+07    0.15084E-08    0.10870E-09    0.92734E-09    0.00000E+00    0.00000E+00    0.00000E+00
    0.62138E+07    0.15386E-08    0.50295E-10    0.96313E-09    0.00000E+00    0.00000E+00    0.00000E+00
    0.62188E+07    0.15576E-08    0.13966E-10    0.98580E-09    0.00000E+00    0.00000E+00    0.00000E+00
    0.62238E+07    0.15650E-08    0.16051E-12    0.99465E-09    0.00000E+00    0.00000E+00    0.00000E+00
    0.62288E+07    0.15607E-08    0.90230E-11    0.98929E-09    0.00000E+00    0.00000E+00    0.00000E+00
    0.62338E+07    0.15446E-08    0.40373E-10    0.96952E-09    0.00000E+00    0.00000E+00    0.00000E+00
    0.62388E+07    0.15169E-08    0.93704E-10    0.93541E-09    0.00000E+00    0.00000E+00    0.00000E+00
    0.62438E+07    0.14774E-08    0.16819E-09    0.88712E-09    0.00000E+00    0.00000E+00    0.00000E+00
    0.62488E+07    0.14265E-08    0.26272E-09    0.82521E-09    0.00000E+00    0.00000E+00    0.00000E+00
    0.62538E+07    0.13648E-08    0.37586E-09    0.75063E-09    0.00000E+00    0.00000E+00    0.00000E+00
    0.62588E+07    0.12932E-08    0.50593E-09    0.66470E-09    0.00000E+00    0.00000E+00    0.00000E+00
    0.62638E+07    0.12126E-08    0.65109E-09    0.56905E-09    0.00000E+00    0.00000E+00    0.00000E+00
    0.62688E+07    0.11243E-08    0.80932E-09    0.46581E-09    0.00000E+00    0.00000E+00    0.00000E+00
    0.62738E+07    0.10305E-08    0.97842E-09    0.35759E-09    0.00000E+00    0.00000E+00    0.00000E+00
    0.62788E+07    0.93322E-09    0.11561E-08    0.24718E-09    0.00000E+00    0.00000E+00    0.00000E+00
    0.62838E+07    0.83532E-09    0.13398E-08    0.13734E-09    0.00000E+00    0.00000E+00    0.00000E+00
    0.62888E+07    0.73904E-09    0.15272E-08    0.30451E-10    0.00000E+00    0.00000E+00    0.00000E+00
    0.62938E+07    0.64632E-09    0.17156E-08   -0.71550E-10    0.00000E+00    0.00000E+00    0.00000E+00
    0.62988E+07    0.55864E-09    0.19028E-08   -0.16721E-09    0.00000E+00    0.00000E+00    0.00000E+00
    0.63038E+07    0.47495E-09    0.20948E-08   -0.25827E-09    0.00000E+00    0.00000E+00    0.00000E+00
    0.63088E+07    0.39836E-09    0.22816E-08   -0.34085E-09    0.00000E+00    0.00000E+00    0.00000E+00
    0.63138E+07    0.33085E-09    0.24509E-08   -0.41348E-09    0.00000E+00    0.00000E+00    0.00000E+00
    0.63188E+07    0.27042E-09    0.26099E-08   -0.47981E-09    0.00000E+00    0.00000E+00    0.00000E+00
    0.63238E+07    0.21705E-09    0.27571E-08   -0.54010E-09    0.00000E+00    0.00000E+00    0.00000E+00
    0.63288E+07    0.16910E-09    0.28909E-08   -0.59574E-09    0.00000E+00    0.00000E+00    0.00000E+00
    0.63313E+07    0.14995E-09    0.30019E-08   -0.55248E-09    0.00000E+00    0.00000E+00    0.00000E+00
    0.63326E+07    0.14066E-09    0.30323E-08   -0.56327E-09    0.00000E+00    0.00000E+00    0.00000E+00
    0.63332E+07    0.13612E-09    0.30473E-08   -0.56853E-09    0.00000E+00    0.00000E+00    0.00000E+00
    0.63344E+07    0.12781E-09    0.30747E-08   -0.57817E-09    0.00000E+00    0.00000E+00    0.00000E+00
    0.63354E+07    0.12027E-09    0.30998E-08   -0.58693E-09    0.00000E+00    0.00000E+00    0.00000E+00
    0.63360E+07    0.11659E-09    0.31121E-08   -0.59120E-09    0.00000E+00    0.00000E+00    0.00000E+00
    0.63379E+07    0.10460E-09    0.31526E-08   -0.60507E-09    0.00000E+00    0.00000E+00    0.00000E+00
    0.63397E+07    0.93291E-10    0.31913E-08   -0.61814E-09    0.00000E+00    0.00000E+00    0.00000E+00
    0.63416E+07    0.82648E-10    0.32281E-08   -0.63043E-09    0.00000E+00    0.00000E+00    0.00000E+00
    0.63434E+07    0.72665E-10    0.32632E-08   -0.64173E-09    0.00000E+00    0.00000E+00    0.00000E+00
    0.63453E+07    0.63344E-10    0.32965E-08   -0.65202E-09    0.00000E+00    0.00000E+00    0.00000E+00
    0.63471E+07    0.54698E-10    0.33277E-08   -0.66178E-09    0.00000E+00    0.00000E+00    0.00000E+00
    0.63508E+07    0.39369E-10    0.33844E-08   -0.67878E-09    0.00000E+00    0.00000E+00    0.00000E+00
    0.63508E+07    0.39369E-10    0.33844E-08   -0.67878E-09    0.00000E+00    0.00000E+00    0.00000E+00
    0.63530E+07    0.31550E-10    0.34145E-08   -0.68720E-09    0.00000E+00    0.00000E+00    0.00000E+00
    0.63552E+07    0.24630E-10    0.34416E-08   -0.69486E-09    0.00000E+00    0.00000E+00    0.00000E+00
    0.63574E+07    0.18609E-10    0.34638E-08   -0.70439E-09    0.00000E+00    0.00000E+00    0.00000E+00
    0.63596E+07    0.13427E-10    0.34822E-08   -0.71425E-09    0.00000E+00    0.00000E+00    0.00000E+00
    0.63596E+07    0.25826E-10    0.27162E-08   -0.13474E-08    0.00000E+00    0.00000E+00    0.00000E+00
    0.63607E+07    0.19103E-10    0.26877E-08   -0.14101E-08    0.00000E+00    0.00000E+00    0.00000E+00
    0.63624E+07    0.10060E-10    0.26418E-08   -0.15012E-08    0.00000E+00    0.00000E+00    0.00000E+00
    0.63640E+07    0.34607E-11    0.25916E-08   -0.15874E-08    0.00000E+00    0.00000E+00    0.00000E+00
    0.63656E+07    0.14900E-12    0.18095E-08   -0.24389E-08    0.00000E+00    0.00000E+00    0.00000E+00
    0.63656E+07    0.31190E-09    0.83935E-10   -0.32042E-08    0.00000E+00    0.00000E+00    0.00000E+00
    0.63658E+07    0.00000E+00    0.84617E-10   -0.32567E-08    0.00000E+00    0.00000E+00    0.00000E+00
    0.63658E+07    0.00000E+00    0.00000E+00    0.00000E+00    0.00000E+00    0.00000E+00    0.00000E+00
    0.63671E+07    0.00000E+00    0.00000E+00    0.00000E+00    0.00000E+00    0.00000E+00    0.00000E+00
    0.63684E+07    0.00000E+00    0.00000E+00    0.00000E+00    0.00000E+00    0.00000E+00    0.00000E+00
    0.63697E+07    0.00000E+00    0.00000E+00    0.00000E+00    0.00000E+00    0.00000E+00    0.00000E+00
    0.63710E+07    0.00000E+00    0.00000E+00    0.00000E+00    0.00000E+00    0.00000E+00    0.00000E+00
