    0.34800E+07    0.19734E-43    0.10243E-25    0.51981E-26    0.00000E+00    0.00000E+00    0.00000E+00
    0.34850E+07    0.38538E-28    0.10317E-25    0.52591E-26    0.00000E+00    0.00000E+00    0.00000E+00
    0.34900E+07    0.15433E-27    0.10492E-25    0.54211E-26    0.00000E+00    0.00000E+00    0.00000E+00
    0.34950E+07    0.34874E-27    0.10769E-25    0.56863E-26    0.00000E+00    0.00000E+00    0.00000E+00
    0.35000E+07    0.62462E-27    0.11153E-25    0.60590E-26    0.00000E+00    0.00000E+00    0.00000E+00
    0.35050E+07    0.98633E-27    0.11651E-25    0.65452E-26    0.00000E+00    0.00000E+00    0.00000E+00
    0.35100E+07    0.14398E-26    0.12272E-25    0.71534E-26    0.00000E+00    0.00000E+00    0.00000E+00
    0.35150E+07    0.19926E-26    0.13026E-25    0.78940E-26    0.00000E+00    0.00000E+00    0.00000E+00
    0.35200E+07    0.26541E-26    0.13927E-25    0.87799E-26    0.00000E+00    0.00000E+00    0.00000E+00
    0.35250E+07    0.34356E-26    0.14990E-25    0.98264E-26    0.00000E+00    0.00000E+00    0.00000E+00
    0.35300E+07    0.43504E-26    0.16235E-25    0.11052E-25    0.00000E+00    0.00000E+00    0.00000E+00
    0.35350E+07    0.54142E-26    0.17683E-25    0.12478E-25    0.00000E+00    0.00000E+00    0.00000E+00
    0.35400E+07    0.66453E-26    0.19360E-25    0.14128E-25    0.00000E+00    0.00000E+00    0.00000E+00
    0.35450E+07    0.80647E-26    0.21295E-25    0.16033E-25    0.00000E+00    0.00000E+00    0.00000E+00
    0.35500E+07    0.96966E-26    0.23523E-25    0.18224E-25    0.00000E+00    0.00000E+00    0.00000E+00
    0.35550E+07    0.11569E-25    0.26081E-25    0.20739E-25    0.00000E+00    0.00000E+00    0.00000E+00
    0.35600E+07    0.13714E-25    0.29014E-25    0.23623E-25    0.00000E+00    0.00000E+00    0.00000E+00
    0.35650E+07    0.16167E-25    0.32373E-25    0.26924E-25    0.00000E+00    0.00000E+00    0.00000E+00
    0.35700E+07    0.18971E-25    0.36217E-25    0.30699E-25    0.00000E+00    0.00000E+00    0.00000E+00
    0.35750E+07    0.22172E-25    0.40610E-25    0.35012E-25    0.00000E+00    0.00000E+00    0.00000E+00
    0.35800E+07    0.25825E-25    0.45629E-25    0.39937E-25    0.00000E+00    0.00000E+00    0.00000E+00
    0.35850E+07    0.29991E-25    0.51359E-25    0.45557E-25    0.00000E+00    0.00000E+00    0.00000E+00
    0.35900E+07    0.34740E-25    0.57896E-25    0.51966E-25    0.00000E+00    0.00000E+00    0.00000E+00
    0.35950E+07    0.40151E-25    0.65353E-25    0.59274E-25    0.00000E+00    0.00000E+00    0.00000E+00
    0.36000E+07    0.46313E-25    0.73855E-25    0.67601E-25    0.00000E+00    0.00000E+00    0.00000E+00
    0.36050E+07    0.53329E-25    0.83545E-25    0.77088E-25    0.00000E+00    0.00000E+00    0.00000E+00
    0.36100E+07    0.61314E-25    0.94585E-25    0.87892E-25    0.00000E+00    0.00000E+00    0.00000E+00
    0.36150E+07    0.70400E-25    0.10716E-24    0.10019E-24    0.00000E+00    0.00000E+00    0.00000E+00
    0.36200E+07    0.80736E-25    0.12148E-24    0.11419E-24    0.00000E+00    0.00000E+00    0.00000E+00
    0.36250E+07    0.92490E-25    0.13778E-24    0.13012E-24    0.00000E+00    0.00000E+00    0.00000E+00
    0.36300E+07    0.10585E-24    0.15632E-24    0.14824E-24    0.00000E+00    0.00000E+00    0.00000E+00
    0.36300E+07    0.10586E-24    0.15632E-24    0.14824E-24    0.00000E+00    0.00000E+00    0.00000E+00
    0.36350E+07    0.12116E-24    0.17738E-24    0.16882E-24    0.00000E+00    0.00000E+00    0.00000E+00
    0.36400E+07    0.13854E-24    0.20133E-24    0.19221E-24    0.00000E+00    0.00000E+00    0.00000E+00
    0.36450E+07    0.15830E-24    0.22858E-24    0.21880E-24    0.00000E+00    0.00000E+00    0.00000E+00
    0.36500E+07    0.18074E-24    0.25957E-24    0.24900E-24    0.00000E+00    0.00000E+00    0.00000E+00
    0.36550E+07    0.20623E-24    0.29480E-24    0.28331E-24    0.00000E+00    0.00000E+00    0.00000E+00
    0.36600E+07    0.23516E-24    0.33484E-24    0.32227E-24    0.00000E+00    0.00000E+00    0.00000E+00
    0.36650E+07    0.26801E-24    0.38034E-24    0.36649E-24    0.00000E+00    0.00000E+00    0.00000E+00
    0.36700E+07    0.30528E-24    0.43203E-24    0.41668E-24    0.00000E+00    0.00000E+00    0.00000E+00
    0.36750E+07    0.34756E-24    0.49074E-24    0.47363E-24    0.00000E+00    0.00000E+00    0.00000E+00
    0.36800E+07    0.39552E-24    0.55740E-24    0.53824E-24    0.00000E+00    0.00000E+00    0.00000E+00
    0.36850E+07    0.44990E-24    0.63308E-24    0.61150E-24    0.00000E+00    0.00000E+00    0.00000E+00
    0.36900E+07    0.51154E-24    0.71897E-24    0.69457E-24    0.00000E+00    0.00000E+00    0.00000E+00
    0.36950E+07    0.58141E-24    0.81642E-24    0.78874E-24    0.00000E+00    0.00000E+00    0.00000E+00
    0.37000E+07    0.66059E-24    0.92697E-24    0.89545E-24    0.00000E+00    0.00000E+00    0.00000E+00
    0.37050E+07    0.75028E-24    0.10523E-23    0.10164E-23    0.00000E+00    0.00000E+00    0.00000E+00
    0.37100E+07    0.85186E-24    0.11945E-23    0.11533E-23    0.00000E+00    0.00000E+00    0.00000E+00
    0.37150E+07    0.96687E-24    0.13557E-23    0.13084E-23    0.00000E+00    0.00000E+00    0.00000E+00
    0.37200E+07    0.10971E-23    0.15383E-23    0.14840E-23    0.00000E+00    0.00000E+00    0.00000E+00
    0.37250E+07    0.12444E-23    0.17452E-23    0.16827E-23    0.00000E+00    0.00000E+00    0.00000E+00
    0.37300E+07    0.14111E-23    0.19796E-23    0.19076E-23    0.00000E+00    0.00000E+00    0.00000E+00
    0.37350E+07    0.15997E-23    0.22450E-23    0.21621E-23    0.00000E+00    0.00000E+00    0.00000E+00
    0.37400E+07    0.18130E-23    0.25456E-23    0.24498E-23    0.00000E+00    0.00000E+00    0.00000E+00
    0.37450E+07    0.20542E-23    0.28858E-23    0.27753E-23    0.00000E+00    0.00000E+00    0.00000E+00
    0.37500E+07    0.23268E-23    0.32707E-23    0.31432E-23    0.00000E+00    0.00000E+00    0.00000E+00
    0.37550E+07    0.26348E-23    0.37063E-23    0.35590E-23    0.00000E+00    0.00000E+00    0.00000E+00
    0.37600E+07    0.29829E-23    0.41990E-23    0.40289E-23    0.00000E+00    0.00000E+00    0.00000E+00
    0.37650E+07    0.33761E-23    0.47562E-23    0.45597E-23    0.00000E+00    0.00000E+00    0.00000E+00
    0.37700E+07    0.38201E-23    0.53862E-23    0.51593E-23    0.00000E+00    0.00000E+00    0.00000E+00
    0.37750E+07    0.43213E-23    0.60983E-23    0.58363E-23    0.00000E+00    0.00000E+00    0.00000E+00
    0.37800E+07    0.48872E-23    0.69031E-23    0.66006E-23    0.00000E+00    0.00000E+00    0.00000E+00
    0.37850E+07    0.55257E-23    0.78123E-23    0.74631E-23    0.00000E+00    0.00000E+00    0.00000E+00
    0.37900E+07    0.62462E-23    0.88393E-23    0.84365E-23    0.00000E+00    0.00000E+00    0.00000E+00
    0.37950E+07    0.70588E-23    0.99991E-23    0.95345E-23    0.00000E+00    0.00000E+00    0.00000E+00
    0.38000E+07    0.79752E-23    0.11309E-22    0.10773E-22    0.00000E+00    0.00000E+00    0.00000E+00
    0.38050E+07    0.90083E-23    0.12787E-22    0.12169E-22    0.00000E+00    0.00000E+00    0.00000E+00
    0.38100E+07    0.10173E-22    0.14455E-22    0.13744E-22    0.00000E+00    0.00000E+00    0.00000E+00
    0.38150E+07    0.11485E-22    0.16337E-22    0.15518E-22    0.00000E+00    0.00000E+00    0.00000E+00
    0.38200E+07    0.12964E-22    0.18460E-22    0.17517E-22    0.00000E+00    0.00000E+00    0.00000E+00
    0.38250E+07    0.14629E-22    0.20854E-22    0.19769E-22    0.00000E+00    0.00000E+00    0.00000E+00
    0.38300E+07    0.16505E-22    0.23553E-22    0.22306E-22    0.00000E+00    0.00000E+00    0.00000E+00
    0.38350E+07    0.18616E-22    0.26596E-22    0.25162E-22    0.00000E+00    0.00000E+00    0.00000E+00
    0.38400E+07    0.20993E-22    0.30025E-22    0.28377E-22    0.00000E+00    0.00000E+00    0.00000E+00
    0.38450E+07    0.23668E-22    0.33888E-22    0.31995E-22    0.00000E+00    0.00000E+00    0.00000E+00
    0.38500E+07    0.26677E-22    0.38241E-22    0.36067E-22    0.00000E+00    0.00000E+00    0.00000E+00
    0.38550E+07    0.30061E-22    0.43142E-22    0.40648E-22    0.00000E+00    0.00000E+00    0.00000E+00
    0.38600E+07    0.33868E-22    0.48660E-22    0.45800E-22    0.00000E+00    0.00000E+00    0.00000E+00
    0.38650E+07    0.38147E-22    0.54873E-22    0.51592E-22    0.00000E+00    0.00000E+00    0.00000E+00
    0.38700E+07    0.42957E-22    0.61864E-22    0.58104E-22    0.00000E+00    0.00000E+00    0.00000E+00
    0.38750E+07    0.48363E-22    0.69730E-22    0.65424E-22    0.00000E+00    0.00000E+00    0.00000E+00
    0.38800E+07    0.54436E-22    0.78580E-22    0.73648E-22    0.00000E+00    0.00000E+00    0.00000E+00
    0.38850E+07    0.61258E-22    0.88532E-22    0.82887E-22    0.00000E+00    0.00000E+00    0.00000E+00
    0.38900E+07    0.68919E-22    0.99723E-22    0.93264E-22    0.00000E+00    0.00000E+00    0.00000E+00
    0.38950E+07    0.77520E-22    0.11230E-21    0.10492E-21    0.00000E+00    0.00000E+00    0.00000E+00
    0.39000E+07    0.87175E-22    0.12644E-21    0.11800E-21    0.00000E+00    0.00000E+00    0.00000E+00
    0.39050E+07    0.98011E-22    0.14233E-21    0.13268E-21    0.00000E+00    0.00000E+00    0.00000E+00
    0.39100E+07    0.11017E-21    0.16018E-21    0.14915E-21    0.00000E+00    0.00000E+00    0.00000E+00
    0.39150E+07    0.12380E-21    0.18022E-21    0.16764E-21    0.00000E+00    0.00000E+00    0.00000E+00
    0.39200E+07    0.13910E-21    0.20274E-21    0.18837E-21    0.00000E+00    0.00000E+00    0.00000E+00
    0.39250E+07    0.15624E-21    0.22801E-21    0.21162E-21    0.00000E+00    0.00000E+00    0.00000E+00
    0.39300E+07    0.17546E-21    0.25637E-21    0.23768E-21    0.00000E+00    0.00000E+00    0.00000E+00
    0.39350E+07    0.19701E-21    0.28820E-21    0.26689E-21    0.00000E+00    0.00000E+00    0.00000E+00
    0.39400E+07    0.22114E-21    0.32391E-21    0.29962E-21    0.00000E+00    0.00000E+00    0.00000E+00
    0.39450E+07    0.24818E-21    0.36397E-21    0.33630E-21    0.00000E+00    0.00000E+00    0.00000E+00
    0.39500E+07    0.27846E-21    0.40889E-21    0.37738E-21    0.00000E+00    0.00000E+00    0.00000E+00
    0.39550E+07    0.31236E-21    0.45925E-21    0.42338E-21    0.00000E+00    0.00000E+00    0.00000E+00
    0.39600E+07    0.35032E-21    0.51571E-21    0.47488E-21    0.00000E+00    0.00000E+00    0.00000E+00
    0.39650E+07    0.39280E-21    0.57897E-21    0.53253E-21    0.00000E+00    0.00000E+00    0.00000E+00
    0.39700E+07    0.44033E-21    0.64986E-21    0.59705E-21    0.00000E+00    0.00000E+00    0.00000E+00
    0.39750E+07    0.49351E-21    0.72926E-21    0.66923E-21    0.00000E+00    0.00000E+00    0.00000E+00
    0.39800E+07    0.55298E-21    0.81819E-21    0.74998E-21    0.00000E+00    0.00000E+00    0.00000E+00
    0.39850E+07    0.61948E-21    0.91777E-21    0.84028E-21    0.00000E+00    0.00000E+00    0.00000E+00
    0.39900E+07    0.69383E-21    0.10292E-20    0.94124E-21    0.00000E+00    0.00000E+00    0.00000E+00
    0.39950E+07    0.77693E-21    0.11540E-20    0.10541E-20    0.00000E+00    0.00000E+00    0.00000E+00
    0.40000E+07    0.86979E-21    0.12936E-20    0.11802E-20    0.00000E+00    0.00000E+00    0.00000E+00
    0.40050E+07    0.97353E-21    0.14498E-20    0.13212E-20    0.00000E+00    0.00000E+00    0.00000E+00
    0.40100E+07    0.10894E-20    0.16245E-20    0.14786E-20    0.00000E+00    0.00000E+00    0.00000E+00
    0.40150E+07    0.12188E-20    0.18198E-20    0.16545E-20    0.00000E+00    0.00000E+00    0.00000E+00
    0.40200E+07    0.13633E-20    0.20382E-20    0.18508E-20    0.00000E+00    0.00000E+00    0.00000E+00
    0.40250E+07    0.15245E-20    0.22823E-20    0.20700E-20    0.00000E+00    0.00000E+00    0.00000E+00
    0.40300E+07    0.17045E-20    0.25551E-20    0.23146E-20    0.00000E+00    0.00000E+00    0.00000E+00
    0.40350E+07    0.19053E-20    0.28599E-20    0.25876E-20    0.00000E+00    0.00000E+00    0.00000E+00
    0.40400E+07    0.21293E-20    0.32004E-20    0.28922E-20    0.00000E+00    0.00000E+00    0.00000E+00
    0.40450E+07    0.23791E-20    0.35806E-20    0.32319E-20    0.00000E+00    0.00000E+00    0.00000E+00
    0.40500E+07    0.26576E-20    0.40051E-20    0.36107E-20    0.00000E+00    0.00000E+00    0.00000E+00
    0.40550E+07    0.29681E-20    0.44791E-20    0.40330E-20    0.00000E+00    0.00000E+00    0.00000E+00
    0.40600E+07    0.33141E-20    0.50081E-20    0.45038E-20    0.00000E+00    0.00000E+00    0.00000E+00
    0.40650E+07    0.36997E-20    0.55983E-20    0.50284E-20    0.00000E+00    0.00000E+00    0.00000E+00
    0.40700E+07    0.41293E-20    0.62568E-20    0.56129E-20    0.00000E+00    0.00000E+00    0.00000E+00
    0.40750E+07    0.46077E-20    0.69912E-20    0.62640E-20    0.00000E+00    0.00000E+00    0.00000E+00
    0.40800E+07    0.51405E-20    0.78103E-20    0.69892E-20    0.00000E+00    0.00000E+00    0.00000E+00
    0.40850E+07    0.57336E-20    0.87234E-20    0.77965E-20    0.00000E+00    0.00000E+00    0.00000E+00
    0.40900E+07    0.63937E-20    0.97413E-20    0.86953E-20    0.00000E+00    0.00000E+00    0.00000E+00
    0.40950E+07    0.71284E-20    0.10876E-19    0.96956E-20    0.00000E+00    0.00000E+00    0.00000E+00
    0.41000E+07    0.79457E-20    0.12139E-19    0.10809E-19    0.00000E+00    0.00000E+00    0.00000E+00
    0.41050E+07    0.88549E-20    0.13547E-19    0.12047E-19    0.00000E+00    0.00000E+00    0.00000E+00
    0.41100E+07    0.98660E-20    0.15115E-19    0.13424E-19    0.00000E+00    0.00000E+00    0.00000E+00
    0.41150E+07    0.10990E-19    0.16861E-19    0.14956E-19    0.00000E+00    0.00000E+00    0.00000E+00
    0.41200E+07    0.12240E-19    0.18805E-19    0.16658E-19    0.00000E+00    0.00000E+00    0.00000E+00
    0.41250E+07    0.13629E-19    0.20968E-19    0.18551E-19    0.00000E+00    0.00000E+00    0.00000E+00
    0.41300E+07    0.15172E-19    0.23376E-19    0.20654E-19    0.00000E+00    0.00000E+00    0.00000E+00
    0.41350E+07    0.16886E-19    0.26054E-19    0.22990E-19    0.00000E+00    0.00000E+00    0.00000E+00
    0.41400E+07    0.18790E-19    0.29034E-19    0.25586E-19    0.00000E+00    0.00000E+00    0.00000E+00
    0.41450E+07    0.20905E-19    0.32347E-19    0.28468E-19    0.00000E+00    0.00000E+00    0.00000E+00
    0.41500E+07    0.23252E-19    0.36031E-19    0.31669E-19    0.00000E+00    0.00000E+00    0.00000E+00
    0.41550E+07    0.25857E-19    0.40126E-19    0.35222E-19    0.00000E+00    0.00000E+00    0.00000E+00
    0.41600E+07    0.28749E-19    0.44677E-19    0.39165E-19    0.00000E+00    0.00000E+00    0.00000E+00
    0.41650E+07    0.31957E-19    0.49735E-19    0.43540E-19    0.00000E+00    0.00000E+00    0.00000E+00
    0.41700E+07    0.35515E-19    0.55353E-19    0.48394E-19    0.00000E+00    0.00000E+00    0.00000E+00
    0.41750E+07    0.39461E-19    0.61593E-19    0.53778E-19    0.00000E+00    0.00000E+00    0.00000E+00
    0.41800E+07    0.43836E-19    0.68523E-19    0.59748E-19    0.00000E+00    0.00000E+00    0.00000E+00
    0.41850E+07    0.48687E-19    0.76217E-19    0.66366E-19    0.00000E+00    0.00000E+00    0.00000E+00
    0.41900E+07    0.54062E-19    0.84758E-19    0.73703E-19    0.00000E+00    0.00000E+00    0.00000E+00
    0.41950E+07    0.60018E-19    0.94236E-19    0.81833E-19    0.00000E+00    0.00000E+00    0.00000E+00
    0.42000E+07    0.66617E-19    0.10475E-18    0.90841E-19    0.00000E+00    0.00000E+00    0.00000E+00
    0.42050E+07    0.73926E-19    0.11642E-18    0.10082E-18    0.00000E+00    0.00000E+00    0.00000E+00
    0.42100E+07    0.82019E-19    0.12936E-18    0.11187E-18    0.00000E+00    0.00000E+00    0.00000E+00
    0.42150E+07    0.90980E-19    0.14371E-18    0.12411E-18    0.00000E+00    0.00000E+00    0.00000E+00
    0.42200E+07    0.10090E-18    0.15961E-18    0.13765E-18    0.00000E+00    0.00000E+00    0.00000E+00
    0.42250E+07    0.11187E-18    0.17725E-18    0.15265E-18    0.00000E+00    0.00000E+00    0.00000E+00
    0.42300E+07    0.12402E-18    0.19679E-18    0.16924E-18    0.00000E+00    0.00000E+00    0.00000E+00
    0.42350E+07    0.13745E-18    0.21844E-18    0.18759E-18    0.00000E+00    0.00000E+00    0.00000E+00
    0.42400E+07    0.15231E-18    0.24242E-18    0.20789E-18    0.00000E+00    0.00000E+00    0.00000E+00
    0.42450E+07    0.16874E-18    0.26898E-18    0.23034E-18    0.00000E+00    0.00000E+00    0.00000E+00
    0.42500E+07    0.18690E-18    0.29839E-18    0.25516E-18    0.00000E+00    0.00000E+00    0.00000E+00
    0.42550E+07    0.20697E-18    0.33096E-18    0.28260E-18    0.00000E+00    0.00000E+00    0.00000E+00
    0.42600E+07    0.22916E-18    0.36700E-18    0.31293E-18    0.00000E+00    0.00000E+00    0.00000E+00
    0.42650E+07    0.25366E-18    0.40688E-18    0.34643E-18    0.00000E+00    0.00000E+00    0.00000E+00
    0.42700E+07    0.28073E-18    0.45101E-18    0.38345E-18    0.00000E+00    0.00000E+00    0.00000E+00
    0.42750E+07    0.31063E-18    0.49982E-18    0.42433E-18    0.00000E+00    0.00000E+00    0.00000E+00
    0.42800E+07    0.34364E-18    0.55380E-18    0.46947E-18    0.00000E+00    0.00000E+00    0.00000E+00
    0.42850E+07    0.38007E-18    0.61349E-18    0.51931E-18    0.00000E+00    0.00000E+00    0.00000E+00
    0.42900E+07    0.42028E-18    0.67948E-18    0.57432E-18    0.00000E+00    0.00000E+00    0.00000E+00
    0.42950E+07    0.46466E-18    0.75242E-18    0.63503E-18    0.00000E+00    0.00000E+00    0.00000E+00
    0.43000E+07    0.51361E-18    0.83302E-18    0.70201E-18    0.00000E+00    0.00000E+00    0.00000E+00
    0.43050E+07    0.56760E-18    0.92207E-18    0.77589E-18    0.00000E+00    0.00000E+00    0.00000E+00
    0.43100E+07    0.62714E-18    0.10204E-17    0.85738E-18    0.00000E+00    0.00000E+00    0.00000E+00
    0.43150E+07    0.69278E-18    0.11291E-17    0.94722E-18    0.00000E+00    0.00000E+00    0.00000E+00
    0.43200E+07    0.76513E-18    0.12490E-17    0.10463E-17    0.00000E+00    0.00000E+00    0.00000E+00
    0.43250E+07    0.84487E-18    0.13814E-17    0.11554E-17    0.00000E+00    0.00000E+00    0.00000E+00
    0.43300E+07    0.93273E-18    0.15276E-17    0.12757E-17    0.00000E+00    0.00000E+00    0.00000E+00
    0.43350E+07    0.10295E-17    0.16889E-17    0.14083E-17    0.00000E+00    0.00000E+00    0.00000E+00
    0.43400E+07    0.11361E-17    0.18668E-17    0.15542E-17    0.00000E+00    0.00000E+00    0.00000E+00
    0.43450E+07    0.12535E-17    0.20631E-17    0.17150E-17    0.00000E+00    0.00000E+00    0.00000E+00
    0.43500E+07    0.13827E-17    0.22796E-17    0.18920E-17    0.00000E+00    0.00000E+00    0.00000E+00
    0.43550E+07    0.15249E-17    0.25183E-17    0.20869E-17    0.00000E+00    0.00000E+00    0.00000E+00
    0.43600E+07    0.16814E-17    0.27814E-17    0.23013E-17    0.00000E+00    0.00000E+00    0.00000E+00
    0.43650E+07    0.18537E-17    0.30715E-17    0.25373E-17    0.00000E+00    0.00000E+00    0.00000E+00
    0.43700E+07    0.20431E-17    0.33911E-17    0.27969E-17    0.00000E+00    0.00000E+00    0.00000E+00
    0.43750E+07    0.22514E-17    0.37432E-17    0.30824E-17    0.00000E+00    0.00000E+00    0.00000E+00
    0.43800E+07    0.24805E-17    0.41311E-17    0.33964E-17    0.00000E+00    0.00000E+00    0.00000E+00
    0.43850E+07    0.27323E-17    0.45582E-17    0.37416E-17    0.00000E+00    0.00000E+00    0.00000E+00
    0.43900E+07    0.30091E-17    0.50286E-17    0.41210E-17    0.00000E+00    0.00000E+00    0.00000E+00
    0.43950E+07    0.33132E-17    0.55464E-17    0.45381E-17    0.00000E+00    0.00000E+00    0.00000E+00
    0.44000E+07    0.36473E-17    0.61163E-17    0.49963E-17    0.00000E+00    0.00000E+00    0.00000E+00
    0.44050E+07    0.40144E-17    0.67435E-17    0.54996E-17    0.00000E+00    0.00000E+00    0.00000E+00
    0.44100E+07    0.44174E-17    0.74336E-17    0.60524E-17    0.00000E+00    0.00000E+00    0.00000E+00
    0.44150E+07    0.48600E-17    0.81926E-17    0.66595E-17    0.00000E+00    0.00000E+00    0.00000E+00
    0.44200E+07    0.53458E-17    0.90274E-17    0.73259E-17    0.00000E+00    0.00000E+00    0.00000E+00
    0.44250E+07    0.58790E-17    0.99454E-17    0.80575E-17    0.00000E+00    0.00000E+00    0.00000E+00
    0.44300E+07    0.64641E-17    0.10954E-16    0.88603E-17    0.00000E+00    0.00000E+00    0.00000E+00
    0.44350E+07    0.71060E-17    0.12064E-16    0.97411E-17    0.00000E+00    0.00000E+00    0.00000E+00
    0.44400E+07    0.78100E-17    0.13283E-16    0.10707E-16    0.00000E+00    0.00000E+00    0.00000E+00
    0.44450E+07    0.85821E-17    0.14622E-16    0.11767E-16    0.00000E+00    0.00000E+00    0.00000E+00
    0.44500E+07    0.94285E-17    0.16093E-16    0.12929E-16    0.00000E+00    0.00000E+00    0.00000E+00
    0.44550E+07    0.10356E-16    0.17709E-16    0.14203E-16    0.00000E+00    0.00000E+00    0.00000E+00
    0.44600E+07    0.11373E-16    0.19483E-16    0.15599E-16    0.00000E+00    0.00000E+00    0.00000E+00
    0.44650E+07    0.12488E-16    0.21431E-16    0.17129E-16    0.00000E+00    0.00000E+00    0.00000E+00
    0.44700E+07    0.13708E-16    0.23569E-16    0.18805E-16    0.00000E+00    0.00000E+00    0.00000E+00
    0.44750E+07    0.15045E-16    0.25915E-16    0.20641E-16    0.00000E+00    0.00000E+00    0.00000E+00
    0.44800E+07    0.16509E-16    0.28489E-16    0.22652E-16    0.00000E+00    0.00000E+00    0.00000E+00
    0.44850E+07    0.18112E-16    0.31313E-16    0.24854E-16    0.00000E+00    0.00000E+00    0.00000E+00
    0.44900E+07    0.19867E-16    0.34410E-16    0.27264E-16    0.00000E+00    0.00000E+00    0.00000E+00
    0.44950E+07    0.21787E-16    0.37807E-16    0.29902E-16    0.00000E+00    0.00000E+00    0.00000E+00
    0.45000E+07    0.23888E-16    0.41530E-16    0.32789E-16    0.00000E+00    0.00000E+00    0.00000E+00
    0.45050E+07    0.26187E-16    0.45612E-16    0.35947E-16    0.00000E+00    0.00000E+00    0.00000E+00
    0.45100E+07    0.28700E-16    0.50085E-16    0.39401E-16    0.00000E+00    0.00000E+00    0.00000E+00
    0.45150E+07    0.31449E-16    0.54986E-16    0.43179E-16    0.00000E+00    0.00000E+00    0.00000E+00
    0.45200E+07    0.34454E-16    0.60355E-16    0.47309E-16    0.00000E+00    0.00000E+00    0.00000E+00
    0.45250E+07    0.37739E-16    0.66236E-16    0.51825E-16    0.00000E+00    0.00000E+00    0.00000E+00
    0.45300E+07    0.41329E-16    0.72676E-16    0.56759E-16    0.00000E+00    0.00000E+00    0.00000E+00
    0.45350E+07    0.45251E-16    0.79727E-16    0.62152E-16    0.00000E+00    0.00000E+00    0.00000E+00
    0.45400E+07    0.49536E-16    0.87445E-16    0.68042E-16    0.00000E+00    0.00000E+00    0.00000E+00
    0.45450E+07    0.54216E-16    0.95892E-16    0.74477E-16    0.00000E+00    0.00000E+00    0.00000E+00
    0.45500E+07    0.59325E-16    0.10513E-15    0.81503E-16    0.00000E+00    0.00000E+00    0.00000E+00
    0.45550E+07    0.64904E-16    0.11525E-15    0.89175E-16    0.00000E+00    0.00000E+00    0.00000E+00
    0.45600E+07    0.70992E-16    0.12631E-15    0.97549E-16    0.00000E+00    0.00000E+00    0.00000E+00
    0.45650E+07    0.77637E-16    0.13840E-15    0.10669E-15    0.00000E+00    0.00000E+00    0.00000E+00
    0.45700E+07    0.84886E-16    0.15163E-15    0.11666E-15    0.00000E+00    0.00000E+00    0.00000E+00
    0.45750E+07    0.92794E-16    0.16608E-15    0.12754E-15    0.00000E+00    0.00000E+00    0.00000E+00
    0.45800E+07    0.10142E-15    0.18188E-15    0.13940E-15    0.00000E+00    0.00000E+00    0.00000E+00
    0.45850E+07    0.11082E-15    0.19915E-15    0.15234E-15    0.00000E+00    0.00000E+00    0.00000E+00
    0.45900E+07    0.12108E-15    0.21801E-15    0.16645E-15    0.00000E+00    0.00000E+00    0.00000E+00
    0.45950E+07    0.13225E-15    0.23861E-15    0.18183E-15    0.00000E+00    0.00000E+00    0.00000E+00
    0.46000E+07    0.14443E-15    0.26112E-15    0.19859E-15    0.00000E+00    0.00000E+00    0.00000E+00
    0.46050E+07    0.15769E-15    0.28569E-15    0.21684E-15    0.00000E+00    0.00000E+00    0.00000E+00
    0.46100E+07    0.17214E-15    0.31251E-15    0.23673E-15    0.00000E+00    0.00000E+00    0.00000E+00
    0.46150E+07    0.18788E-15    0.34178E-15    0.25840E-15    0.00000E+00    0.00000E+00    0.00000E+00
    0.46200E+07    0.20502E-15    0.37373E-15    0.28199E-15    0.00000E+00    0.00000E+00    0.00000E+00
    0.46250E+07    0.22367E-15    0.40859E-15    0.30767E-15    0.00000E+00    0.00000E+00    0.00000E+00
    0.46300E+07    0.24398E-15    0.44661E-15    0.33562E-15    0.00000E+00    0.00000E+00    0.00000E+00
    0.46350E+07    0.26607E-15    0.48808E-15    0.36604E-15    0.00000E+00    0.00000E+00    0.00000E+00
    0.46400E+07    0.29011E-15    0.53329E-15    0.39914E-15    0.00000E+00    0.00000E+00    0.00000E+00
    0.46450E+07    0.31625E-15    0.58259E-15    0.43515E-15    0.00000E+00    0.00000E+00    0.00000E+00
    0.46500E+07    0.34469E-15    0.63632E-15    0.47430E-15    0.00000E+00    0.00000E+00    0.00000E+00
    0.46550E+07    0.37560E-15    0.69488E-15    0.51688E-15    0.00000E+00    0.00000E+00    0.00000E+00
    0.46600E+07    0.40921E-15    0.75869E-15    0.56317E-15    0.00000E+00    0.00000E+00    0.00000E+00
    0.46650E+07    0.44574E-15    0.82819E-15    0.61348E-15    0.00000E+00    0.00000E+00    0.00000E+00
    0.46700E+07    0.48543E-15    0.90389E-15    0.66815E-15    0.00000E+00    0.00000E+00    0.00000E+00
    0.46750E+07    0.52855E-15    0.98633E-15    0.72755E-15    0.00000E+00    0.00000E+00    0.00000E+00
    0.46800E+07    0.57538E-15    0.10761E-14    0.79208E-15    0.00000E+00    0.00000E+00    0.00000E+00
    0.46850E+07    0.62624E-15    0.11738E-14    0.86215E-15    0.00000E+00    0.00000E+00    0.00000E+00
    0.46900E+07    0.68147E-15    0.12801E-14    0.93823E-15    0.00000E+00    0.00000E+00    0.00000E+00
    0.46950E+07    0.74141E-15    0.13958E-14    0.10208E-14    0.00000E+00    0.00000E+00    0.00000E+00
    0.47000E+07    0.80647E-15    0.15217E-14    0.11105E-14    0.00000E+00    0.00000E+00    0.00000E+00
    0.47050E+07    0.87706E-15    0.16586E-14    0.12078E-14    0.00000E+00    0.00000E+00    0.00000E+00
    0.47100E+07    0.95364E-15    0.18075E-14    0.13133E-14    0.00000E+00    0.00000E+00    0.00000E+00
    0.47150E+07    0.10367E-14    0.19693E-14    0.14278E-14    0.00000E+00    0.00000E+00    0.00000E+00
    0.47200E+07    0.11268E-14    0.21453E-14    0.15519E-14    0.00000E+00    0.00000E+00    0.00000E+00
    0.47250E+07    0.12244E-14    0.23365E-14    0.16865E-14    0.00000E+00    0.00000E+00    0.00000E+00
    0.47300E+07    0.13303E-14    0.25444E-14    0.18324E-14    0.00000E+00    0.00000E+00    0.00000E+00
    0.47350E+07    0.14450E-14    0.27702E-14    0.19905E-14    0.00000E+00    0.00000E+00    0.00000E+00
    0.47400E+07    0.15693E-14    0.30154E-14    0.21619E-14    0.00000E+00    0.00000E+00    0.00000E+00
    0.47450E+07    0.17040E-14    0.32818E-14    0.23475E-14    0.00000E+00    0.00000E+00    0.00000E+00
    0.47500E+07    0.18498E-14    0.35710E-14    0.25486E-14    0.00000E+00    0.00000E+00    0.00000E+00
    0.47550E+07    0.20078E-14    0.38850E-14    0.27663E-14    0.00000E+00    0.00000E+00    0.00000E+00
    0.47600E+07    0.21787E-14    0.42257E-14    0.30020E-14    0.00000E+00    0.00000E+00    0.00000E+00
    0.47650E+07    0.23638E-14    0.45955E-14    0.32572E-14    0.00000E+00    0.00000E+00    0.00000E+00
    0.47700E+07    0.25641E-14    0.49968E-14    0.35333E-14    0.00000E+00    0.00000E+00    0.00000E+00
    0.47750E+07    0.27808E-14    0.54321E-14    0.38321E-14    0.00000E+00    0.00000E+00    0.00000E+00
    0.47800E+07    0.30152E-14    0.59041E-14    0.41553E-14    0.00000E+00    0.00000E+00    0.00000E+00
    0.47850E+07    0.32687E-14    0.64160E-14    0.45049E-14    0.00000E+00    0.00000E+00    0.00000E+00
    0.47900E+07    0.35429E-14    0.69710E-14    0.48829E-14    0.00000E+00    0.00000E+00    0.00000E+00
    0.47950E+07    0.38392E-14    0.75725E-14    0.52916E-14    0.00000E+00    0.00000E+00    0.00000E+00
    0.48000E+07    0.41596E-14    0.82244E-14    0.57333E-14    0.00000E+00    0.00000E+00    0.00000E+00
    0.48050E+07    0.45057E-14    0.89307E-14    0.62107E-14    0.00000E+00    0.00000E+00    0.00000E+00
    0.48100E+07    0.48797E-14    0.96959E-14    0.67264E-14    0.00000E+00    0.00000E+00    0.00000E+00
    0.48150E+07    0.52837E-14    0.10525E-13    0.72835E-14    0.00000E+00    0.00000E+00    0.00000E+00
    0.48200E+07    0.57199E-14    0.11422E-13    0.78852E-14    0.00000E+00    0.00000E+00    0.00000E+00
    0.48250E+07    0.61910E-14    0.12394E-13    0.85348E-14    0.00000E+00    0.00000E+00    0.00000E+00
    0.48300E+07    0.66995E-14    0.13446E-13    0.92361E-14    0.00000E+00    0.00000E+00    0.00000E+00
    0.48350E+07    0.72484E-14    0.14584E-13    0.99930E-14    0.00000E+00    0.00000E+00    0.00000E+00
    0.48400E+07    0.78406E-14    0.15816E-13    0.10810E-13    0.00000E+00    0.00000E+00    0.00000E+00
    0.48450E+07    0.84795E-14    0.17149E-13    0.11691E-13    0.00000E+00    0.00000E+00    0.00000E+00
    0.48500E+07    0.91687E-14    0.18590E-13    0.12641E-13    0.00000E+00    0.00000E+00    0.00000E+00
    0.48550E+07    0.99118E-14    0.20149E-13    0.13666E-13    0.00000E+00    0.00000E+00    0.00000E+00
    0.48600E+07    0.10713E-13    0.21834E-13    0.14771E-13    0.00000E+00    0.00000E+00    0.00000E+00
    0.48650E+07    0.11577E-13    0.23656E-13    0.15963E-13    0.00000E+00    0.00000E+00    0.00000E+00
    0.48700E+07    0.12508E-13    0.25625E-13    0.17246E-13    0.00000E+00    0.00000E+00    0.00000E+00
    0.48750E+07    0.13511E-13    0.27753E-13    0.18630E-13    0.00000E+00    0.00000E+00    0.00000E+00
    0.48800E+07    0.14591E-13    0.30052E-13    0.20120E-13    0.00000E+00    0.00000E+00    0.00000E+00
    0.48850E+07    0.15755E-13    0.32536E-13    0.21725E-13    0.00000E+00    0.00000E+00    0.00000E+00
    0.48900E+07    0.17008E-13    0.35218E-13    0.23453E-13    0.00000E+00    0.00000E+00    0.00000E+00
    0.48950E+07    0.18357E-13    0.38114E-13    0.25313E-13    0.00000E+00    0.00000E+00    0.00000E+00
    0.49000E+07    0.19809E-13    0.41240E-13    0.27316E-13    0.00000E+00    0.00000E+00    0.00000E+00
    0.49050E+07    0.21372E-13    0.44614E-13    0.29471E-13    0.00000E+00    0.00000E+00    0.00000E+00
    0.49100E+07    0.23053E-13    0.48255E-13    0.31789E-13    0.00000E+00    0.00000E+00    0.00000E+00
    0.49150E+07    0.24861E-13    0.52184E-13    0.34283E-13    0.00000E+00    0.00000E+00    0.00000E+00
    0.49200E+07    0.26806E-13    0.56422E-13    0.36965E-13    0.00000E+00    0.00000E+00    0.00000E+00
    0.49250E+07    0.28897E-13    0.60993E-13    0.39849E-13    0.00000E+00    0.00000E+00    0.00000E+00
    0.49300E+07    0.31145E-13    0.65922E-13    0.42949E-13    0.00000E+00    0.00000E+00    0.00000E+00
    0.49350E+07    0.33562E-13    0.71235E-13    0.46280E-13    0.00000E+00    0.00000E+00    0.00000E+00
    0.49400E+07    0.36158E-13    0.76963E-13    0.49860E-13    0.00000E+00    0.00000E+00    0.00000E+00
    0.49450E+07    0.38947E-13    0.83135E-13    0.53705E-13    0.00000E+00    0.00000E+00    0.00000E+00
    0.49500E+07    0.41943E-13    0.89785E-13    0.57836E-13    0.00000E+00    0.00000E+00    0.00000E+00
    0.49550E+07    0.45160E-13    0.96949E-13    0.62271E-13    0.00000E+00    0.00000E+00    0.00000E+00
    0.49600E+07    0.48613E-13    0.10467E-12    0.67032E-13    0.00000E+00    0.00000E+00    0.00000E+00
    0.49650E+07    0.52321E-13    0.11297E-12    0.72143E-13    0.00000E+00    0.00000E+00    0.00000E+00
    0.49700E+07    0.56299E-13    0.12192E-12    0.77628E-13    0.00000E+00    0.00000E+00    0.00000E+00
    0.49750E+07    0.60568E-13    0.13155E-12    0.83512E-13    0.00000E+00    0.00000E+00    0.00000E+00
    0.49800E+07    0.65147E-13    0.14191E-12    0.89823E-13    0.00000E+00    0.00000E+00    0.00000E+00
    0.49850E+07    0.70058E-13    0.15306E-12    0.96592E-13    0.00000E+00    0.00000E+00    0.00000E+00
    0.49900E+07    0.75324E-13    0.16506E-12    0.10385E-12    0.00000E+00    0.00000E+00    0.00000E+00
    0.49950E+07    0.80969E-13    0.17796E-12    0.11163E-12    0.00000E+00    0.00000E+00    0.00000E+00
    0.50000E+07    0.87018E-13    0.19183E-12    0.11996E-12    0.00000E+00    0.00000E+00    0.00000E+00
    0.50050E+07    0.93502E-13    0.20675E-12    0.12890E-12    0.00000E+00    0.00000E+00    0.00000E+00
    0.50100E+07    0.10045E-12    0.22278E-12    0.13847E-12    0.00000E+00    0.00000E+00    0.00000E+00
    0.50150E+07    0.10789E-12    0.24002E-12    0.14871E-12    0.00000E+00    0.00000E+00    0.00000E+00
    0.50200E+07    0.11585E-12    0.25853E-12    0.15969E-12    0.00000E+00    0.00000E+00    0.00000E+00
    0.50250E+07    0.12438E-12    0.27843E-12    0.17144E-12    0.00000E+00    0.00000E+00    0.00000E+00
    0.50300E+07    0.13351E-12    0.29979E-12    0.18401E-12    0.00000E+00    0.00000E+00    0.00000E+00
    0.50350E+07    0.14328E-12    0.32274E-12    0.19746E-12    0.00000E+00    0.00000E+00    0.00000E+00
    0.50400E+07    0.15373E-12    0.34737E-12    0.21185E-12    0.00000E+00    0.00000E+00    0.00000E+00
    0.50450E+07    0.16491E-12    0.37382E-12    0.22725E-12    0.00000E+00    0.00000E+00    0.00000E+00
    0.50500E+07    0.17686E-12    0.40220E-12    0.24371E-12    0.00000E+00    0.00000E+00    0.00000E+00
    0.50550E+07    0.18965E-12    0.43265E-12    0.26131E-12    0.00000E+00    0.00000E+00    0.00000E+00
    0.50600E+07    0.20331E-12    0.46532E-12    0.28012E-12    0.00000E+00    0.00000E+00    0.00000E+00
    0.50650E+07    0.21791E-12    0.50037E-12    0.30022E-12    0.00000E+00    0.00000E+00    0.00000E+00
    0.50700E+07    0.23352E-12    0.53795E-12    0.32169E-12    0.00000E+00    0.00000E+00    0.00000E+00
    0.50750E+07    0.25019E-12    0.57824E-12    0.34463E-12    0.00000E+00    0.00000E+00    0.00000E+00
    0.50800E+07    0.26799E-12    0.62143E-12    0.36913E-12    0.00000E+00    0.00000E+00    0.00000E+00
    0.50850E+07    0.28699E-12    0.66772E-12    0.39528E-12    0.00000E+00    0.00000E+00    0.00000E+00
    0.50900E+07    0.30729E-12    0.71733E-12    0.42319E-12    0.00000E+00    0.00000E+00    0.00000E+00
    0.50950E+07    0.32895E-12    0.77046E-12    0.45298E-12    0.00000E+00    0.00000E+00    0.00000E+00
    0.51000E+07    0.35205E-12    0.82738E-12    0.48476E-12    0.00000E+00    0.00000E+00    0.00000E+00
    0.51050E+07    0.37671E-12    0.88834E-12    0.51865E-12    0.00000E+00    0.00000E+00    0.00000E+00
    0.51100E+07    0.40300E-12    0.95360E-12    0.55480E-12    0.00000E+00    0.00000E+00    0.00000E+00
    0.51150E+07    0.43104E-12    0.10235E-11    0.59334E-12    0.00000E+00    0.00000E+00    0.00000E+00
    0.51200E+07    0.46092E-12    0.10982E-11    0.63443E-12    0.00000E+00    0.00000E+00    0.00000E+00
    0.51250E+07    0.49278E-12    0.11782E-11    0.67820E-12    0.00000E+00    0.00000E+00    0.00000E+00
    0.51300E+07    0.52673E-12    0.12638E-11    0.72485E-12    0.00000E+00    0.00000E+00    0.00000E+00
    0.51350E+07    0.56290E-12    0.13554E-11    0.77453E-12    0.00000E+00    0.00000E+00    0.00000E+00
    0.51400E+07    0.60141E-12    0.14533E-11    0.82744E-12    0.00000E+00    0.00000E+00    0.00000E+00
    0.51450E+07    0.64243E-12    0.15579E-11    0.88376E-12    0.00000E+00    0.00000E+00    0.00000E+00
    0.51500E+07    0.68610E-12    0.16698E-11    0.94372E-12    0.00000E+00    0.00000E+00    0.00000E+00
    0.51550E+07    0.73258E-12    0.17894E-11    0.10075E-11    0.00000E+00    0.00000E+00    0.00000E+00
    0.51600E+07    0.78203E-12    0.19172E-11    0.10754E-11    0.00000E+00    0.00000E+00    0.00000E+00
    0.51650E+07    0.83465E-12    0.20536E-11    0.11476E-11    0.00000E+00    0.00000E+00    0.00000E+00
    0.51700E+07    0.89061E-12    0.21994E-11    0.12244E-11    0.00000E+00    0.00000E+00    0.00000E+00
    0.51750E+07    0.95012E-12    0.23551E-11    0.13060E-11    0.00000E+00    0.00000E+00    0.00000E+00
    0.51800E+07    0.10134E-11    0.25213E-11    0.13928E-11    0.00000E+00    0.00000E+00    0.00000E+00
    0.51850E+07    0.10806E-11    0.26987E-11    0.14850E-11    0.00000E+00    0.00000E+00    0.00000E+00
    0.51900E+07    0.11521E-11    0.28881E-11    0.15829E-11    0.00000E+00    0.00000E+00    0.00000E+00
    0.51950E+07    0.12280E-11    0.30901E-11    0.16869E-11    0.00000E+00    0.00000E+00    0.00000E+00
    0.52000E+07    0.13086E-11    0.33056E-11    0.17974E-11    0.00000E+00    0.00000E+00    0.00000E+00
    0.52050E+07    0.13942E-11    0.35354E-11    0.19146E-11    0.00000E+00    0.00000E+00    0.00000E+00
    0.52100E+07    0.14851E-11    0.37805E-11    0.20391E-11    0.00000E+00    0.00000E+00    0.00000E+00
    0.52150E+07    0.15815E-11    0.40418E-11    0.21711E-11    0.00000E+00    0.00000E+00    0.00000E+00
    0.52200E+07    0.16839E-11    0.43203E-11    0.23112E-11    0.00000E+00    0.00000E+00    0.00000E+00
    0.52250E+07    0.17924E-11    0.46171E-11    0.24598E-11    0.00000E+00    0.00000E+00    0.00000E+00
    0.52300E+07    0.19076E-11    0.49333E-11    0.26173E-11    0.00000E+00    0.00000E+00    0.00000E+00
    0.52350E+07    0.20296E-11    0.52701E-11    0.27842E-11    0.00000E+00    0.00000E+00    0.00000E+00
    0.52400E+07    0.21590E-11    0.56288E-11    0.29612E-11    0.00000E+00    0.00000E+00    0.00000E+00
    0.52450E+07    0.22962E-11    0.60107E-11    0.31486E-11    0.00000E+00    0.00000E+00    0.00000E+00
    0.52500E+07    0.24415E-11    0.64173E-11    0.33472E-11    0.00000E+00    0.00000E+00    0.00000E+00
    0.52550E+07    0.25954E-11    0.68501E-11    0.35574E-11    0.00000E+00    0.00000E+00    0.00000E+00
    0.52600E+07    0.27584E-11    0.73105E-11    0.37800E-11    0.00000E+00    0.00000E+00    0.00000E+00
    0.52650E+07    0.29310E-11    0.78004E-11    0.40156E-11    0.00000E+00    0.00000E+00    0.00000E+00
    0.52700E+07    0.31137E-11    0.83215E-11    0.42649E-11    0.00000E+00    0.00000E+00    0.00000E+00
    0.52750E+07    0.33070E-11    0.88756E-11    0.45285E-11    0.00000E+00    0.00000E+00    0.00000E+00
    0.52800E+07    0.35114E-11    0.94647E-11    0.48074E-11    0.00000E+00    0.00000E+00    0.00000E+00
    0.52850E+07    0.37277E-11    0.10091E-10    0.51022E-11    0.00000E+00    0.00000E+00    0.00000E+00
    0.52900E+07    0.39564E-11    0.10756E-10    0.54139E-11    0.00000E+00    0.00000E+00    0.00000E+00
    0.52950E+07    0.41982E-11    0.11463E-10    0.57432E-11    0.00000E+00    0.00000E+00    0.00000E+00
    0.53000E+07    0.44536E-11    0.12215E-10    0.60911E-11    0.00000E+00    0.00000E+00    0.00000E+00
    0.53050E+07    0.47236E-11    0.13012E-10    0.64585E-11    0.00000E+00    0.00000E+00    0.00000E+00
    0.53100E+07    0.50087E-11    0.13859E-10    0.68465E-11    0.00000E+00    0.00000E+00    0.00000E+00
    0.53150E+07    0.53098E-11    0.14759E-10    0.72560E-11    0.00000E+00    0.00000E+00    0.00000E+00
    0.53200E+07    0.56277E-11    0.15713E-10    0.76881E-11    0.00000E+00    0.00000E+00    0.00000E+00
    0.53250E+07    0.59633E-11    0.16726E-10    0.81440E-11    0.00000E+00    0.00000E+00    0.00000E+00
    0.53300E+07    0.63173E-11    0.17800E-10    0.86249E-11    0.00000E+00    0.00000E+00    0.00000E+00
    0.53350E+07    0.66908E-11    0.18940E-10    0.91320E-11    0.00000E+00    0.00000E+00    0.00000E+00
    0.53400E+07    0.70847E-11    0.20148E-10    0.96665E-11    0.00000E+00    0.00000E+00    0.00000E+00
    0.53450E+07    0.75000E-11    0.21429E-10    0.10230E-10    0.00000E+00    0.00000E+00    0.00000E+00
    0.53500E+07    0.79377E-11    0.22788E-10    0.10823E-10    0.00000E+00    0.00000E+00    0.00000E+00
    0.53550E+07    0.83990E-11    0.24227E-10    0.11448E-10    0.00000E+00    0.00000E+00    0.00000E+00
    0.53600E+07    0.88850E-11    0.25752E-10    0.12106E-10    0.00000E+00    0.00000E+00    0.00000E+00
    0.53650E+07    0.93968E-11    0.27367E-10    0.12799E-10    0.00000E+00    0.00000E+00    0.00000E+00
    0.53700E+07    0.99357E-11    0.29077E-10    0.13528E-10    0.00000E+00    0.00000E+00    0.00000E+00
    0.53750E+07    0.10503E-10    0.30888E-10    0.14295E-10    0.00000E+00    0.00000E+00    0.00000E+00
    0.53800E+07    0.11100E-10    0.32806E-10    0.15102E-10    0.00000E+00    0.00000E+00    0.00000E+00
    0.53850E+07    0.11728E-10    0.34834E-10    0.15950E-10    0.00000E+00    0.00000E+00    0.00000E+00
    0.53900E+07    0.12388E-10    0.36981E-10    0.16841E-10    0.00000E+00    0.00000E+00    0.00000E+00
    0.53950E+07    0.13083E-10    0.39252E-10    0.17778E-10    0.00000E+00    0.00000E+00    0.00000E+00
    0.54000E+07    0.13813E-10    0.41654E-10    0.18762E-10    0.00000E+00    0.00000E+00    0.00000E+00
    0.54050E+07    0.14580E-10    0.44194E-10    0.19796E-10    0.00000E+00    0.00000E+00    0.00000E+00
    0.54100E+07    0.15386E-10    0.46878E-10    0.20880E-10    0.00000E+00    0.00000E+00    0.00000E+00
    0.54150E+07    0.16232E-10    0.49716E-10    0.22019E-10    0.00000E+00    0.00000E+00    0.00000E+00
    0.54200E+07    0.17121E-10    0.52714E-10    0.23214E-10    0.00000E+00    0.00000E+00    0.00000E+00
    0.54250E+07    0.18053E-10    0.55881E-10    0.24467E-10    0.00000E+00    0.00000E+00    0.00000E+00
    0.54300E+07    0.19032E-10    0.59226E-10    0.25781E-10    0.00000E+00    0.00000E+00    0.00000E+00
    0.54350E+07    0.20059E-10    0.62758E-10    0.27158E-10    0.00000E+00    0.00000E+00    0.00000E+00
    0.54400E+07    0.21135E-10    0.66486E-10    0.28601E-10    0.00000E+00    0.00000E+00    0.00000E+00
    0.54450E+07    0.22264E-10    0.70422E-10    0.30113E-10    0.00000E+00    0.00000E+00    0.00000E+00
    0.54500E+07    0.23447E-10    0.74574E-10    0.31696E-10    0.00000E+00    0.00000E+00    0.00000E+00
    0.54550E+07    0.24686E-10    0.78954E-10    0.33354E-10    0.00000E+00    0.00000E+00    0.00000E+00
    0.54600E+07    0.25984E-10    0.83574E-10    0.35088E-10    0.00000E+00    0.00000E+00    0.00000E+00
    0.54650E+07    0.27344E-10    0.88445E-10    0.36903E-10    0.00000E+00    0.00000E+00    0.00000E+00
    0.54700E+07    0.28766E-10    0.93581E-10    0.38801E-10    0.00000E+00    0.00000E+00    0.00000E+00
    0.54750E+07    0.30255E-10    0.98993E-10    0.40785E-10    0.00000E+00    0.00000E+00    0.00000E+00
    0.54800E+07    0.31813E-10    0.10470E-09    0.42859E-10    0.00000E+00    0.00000E+00    0.00000E+00
    0.54850E+07    0.33442E-10    0.11070E-09    0.45026E-10    0.00000E+00    0.00000E+00    0.00000E+00
    0.54900E+07    0.35145E-10    0.11703E-09    0.47288E-10    0.00000E+00    0.00000E+00    0.00000E+00
    0.54950E+07    0.36924E-10    0.12369E-09    0.49651E-10    0.00000E+00    0.00000E+00    0.00000E+00
    0.55000E+07    0.38784E-10    0.13070E-09    0.52117E-10    0.00000E+00    0.00000E+00    0.00000E+00
    0.55050E+07    0.40726E-10    0.13808E-09    0.54689E-10    0.00000E+00    0.00000E+00    0.00000E+00
    0.55100E+07    0.42753E-10    0.14585E-09    0.57372E-10    0.00000E+00    0.00000E+00    0.00000E+00
    0.55150E+07    0.44869E-10    0.15401E-09    0.60169E-10    0.00000E+00    0.00000E+00    0.00000E+00
    0.55200E+07    0.47077E-10    0.16260E-09    0.63084E-10    0.00000E+00    0.00000E+00    0.00000E+00
    0.55250E+07    0.49381E-10    0.17163E-09    0.66121E-10    0.00000E+00    0.00000E+00    0.00000E+00
    0.55300E+07    0.51782E-10    0.18113E-09    0.69284E-10    0.00000E+00    0.00000E+00    0.00000E+00
    0.55350E+07    0.54285E-10    0.19110E-09    0.72577E-10    0.00000E+00    0.00000E+00    0.00000E+00
    0.55400E+07    0.56892E-10    0.20158E-09    0.76003E-10    0.00000E+00    0.00000E+00    0.00000E+00
    0.55450E+07    0.59609E-10    0.21258E-09    0.79567E-10    0.00000E+00    0.00000E+00    0.00000E+00
    0.55500E+07    0.62437E-10    0.22414E-09    0.83273E-10    0.00000E+00    0.00000E+00    0.00000E+00
    0.55550E+07    0.65381E-10    0.23627E-09    0.87125E-10    0.00000E+00    0.00000E+00    0.00000E+00
    0.55600E+07    0.68444E-10    0.24901E-09    0.91127E-10    0.00000E+00    0.00000E+00    0.00000E+00
    0.55650E+07    0.71630E-10    0.26237E-09    0.95283E-10    0.00000E+00    0.00000E+00    0.00000E+00
    0.55700E+07    0.74942E-10    0.27638E-09    0.99598E-10    0.00000E+00    0.00000E+00    0.00000E+00
    0.55750E+07    0.78419E-10    0.29106E-09    0.10400E-09    0.00000E+00    0.00000E+00    0.00000E+00
    0.55800E+07    0.82027E-10    0.30646E-09    0.10855E-09    0.00000E+00    0.00000E+00    0.00000E+00
    0.55800E+07    0.82027E-10    0.30646E-09    0.10855E-09    0.00000E+00    0.00000E+00    0.00000E+00
    0.55850E+07    0.86007E-10    0.32214E-09    0.11312E-09    0.00000E+00    0.00000E+00    0.00000E+00
    0.55900E+07    0.90120E-10    0.33857E-09    0.11781E-09    0.00000E+00    0.00000E+00    0.00000E+00
    0.55950E+07    0.94369E-10    0.35580E-09    0.12264E-09    0.00000E+00    0.00000E+00    0.00000E+00
    0.56000E+07    0.98754E-10    0.37385E-09    0.12759E-09    0.00000E+00    0.00000E+00    0.00000E+00
    0.56050E+07    0.10328E-09    0.39276E-09    0.13267E-09    0.00000E+00    0.00000E+00    0.00000E+00
    0.56100E+07    0.10794E-09    0.41254E-09    0.13788E-09    0.00000E+00    0.00000E+00    0.00000E+00
    0.56150E+07    0.11274E-09    0.43325E-09    0.14321E-09    0.00000E+00    0.00000E+00    0.00000E+00
    0.56200E+07    0.11768E-09    0.45491E-09    0.14866E-09    0.00000E+00    0.00000E+00    0.00000E+00
    0.56250E+07    0.12276E-09    0.47756E-09    0.15422E-09    0.00000E+00    0.00000E+00    0.00000E+00
    0.56300E+07    0.12798E-09    0.50122E-09    0.15990E-09    0.00000E+00    0.00000E+00    0.00000E+00
    0.56350E+07    0.13333E-09    0.52595E-09    0.16568E-09    0.00000E+00    0.00000E+00    0.00000E+00
    0.56400E+07    0.13882E-09    0.55177E-09    0.17157E-09    0.00000E+00    0.00000E+00    0.00000E+00
    0.56450E+07    0.14445E-09    0.57871E-09    0.17755E-09    0.00000E+00    0.00000E+00    0.00000E+00
    0.56500E+07    0.15022E-09    0.60683E-09    0.18362E-09    0.00000E+00    0.00000E+00    0.00000E+00
    0.56550E+07    0.15611E-09    0.63615E-09    0.18977E-09    0.00000E+00    0.00000E+00    0.00000E+00
    0.56600E+07    0.16214E-09    0.66670E-09    0.19599E-09    0.00000E+00    0.00000E+00    0.00000E+00
    0.56650E+07    0.16829E-09    0.69854E-09    0.20228E-09    0.00000E+00    0.00000E+00    0.00000E+00
    0.56700E+07    0.17456E-09    0.73170E-09    0.20861E-09    0.00000E+00    0.00000E+00    0.00000E+00
    0.56750E+07    0.18095E-09    0.76622E-09    0.21499E-09    0.00000E+00    0.00000E+00    0.00000E+00
    0.56800E+07    0.18745E-09    0.80213E-09    0.22140E-09    0.00000E+00    0.00000E+00    0.00000E+00
    0.56850E+07    0.19406E-09    0.83948E-09    0.22782E-09    0.00000E+00    0.00000E+00    0.00000E+00
    0.56900E+07    0.20077E-09    0.87829E-09    0.23425E-09    0.00000E+00    0.00000E+00    0.00000E+00
    0.56950E+07    0.20757E-09    0.91862E-09    0.24067E-09    0.00000E+00    0.00000E+00    0.00000E+00
    0.57000E+07    0.21447E-09    0.96050E-09    0.24705E-09    0.00000E+00    0.00000E+00    0.00000E+00
    0.57050E+07    0.22144E-09    0.10040E-08    0.25339E-09    0.00000E+00    0.00000E+00    0.00000E+00
    0.57100E+07    0.22848E-09    0.10491E-08    0.25966E-09    0.00000E+00    0.00000E+00    0.00000E+00
    0.57149E+07    0.23548E-09    0.10952E-08    0.26577E-09    0.00000E+00    0.00000E+00    0.00000E+00
    0.57199E+07    0.24254E-09    0.11429E-08    0.27177E-09    0.00000E+00    0.00000E+00    0.00000E+00
    0.57199E+07    0.34394E-09    0.97450E-09    0.19763E-09    0.00000E+00    0.00000E+00    0.00000E+00
    0.57200E+07    0.34386E-09    0.97601E-09    0.19746E-09    0.00000E+00    0.00000E+00    0.00000E+00
    0.57250E+07    0.34101E-09    0.10319E-08    0.19095E-09    0.00000E+00    0.00000E+00    0.00000E+00
    0.57300E+07    0.33787E-09    0.10890E-08    0.18389E-09    0.00000E+00    0.00000E+00    0.00000E+00
    0.57350E+07    0.33443E-09    0.11472E-08    0.17626E-09    0.00000E+00    0.00000E+00    0.00000E+00
    0.57400E+07    0.33069E-09    0.12066E-08    0.16806E-09    0.00000E+00    0.00000E+00    0.00000E+00
    0.57450E+07    0.32663E-09    0.12671E-08    0.15927E-09    0.00000E+00    0.00000E+00    0.00000E+00
    0.57500E+07    0.32227E-09    0.13285E-08    0.14988E-09    0.00000E+00    0.00000E+00    0.00000E+00
    0.57550E+07    0.31759E-09    0.13909E-08    0.13988E-09    0.00000E+00    0.00000E+00    0.00000E+00
    0.57600E+07    0.31258E-09    0.14541E-08    0.12926E-09    0.00000E+00    0.00000E+00    0.00000E+00
    0.57650E+07    0.30726E-09    0.15181E-08    0.11802E-09    0.00000E+00    0.00000E+00    0.00000E+00
    0.57700E+07    0.30160E-09    0.15829E-08    0.10615E-09    0.00000E+00    0.00000E+00    0.00000E+00
    0.57750E+07    0.29563E-09    0.16482E-08    0.93651E-10    0.00000E+00    0.00000E+00    0.00000E+00
    0.57800E+07    0.28933E-09    0.17141E-08    0.80518E-10    0.00000E+00    0.00000E+00    0.00000E+00
    0.57850E+07    0.28272E-09    0.17804E-08    0.66754E-10    0.00000E+00    0.00000E+00    0.00000E+00
    0.57900E+07    0.27579E-09    0.18471E-08    0.52369E-10    0.00000E+00    0.00000E+00    0.00000E+00
    0.57950E+07    0.26855E-09    0.19140E-08    0.37358E-10    0.00000E+00    0.00000E+00    0.00000E+00
    0.58000E+07    0.26102E-09    0.19811E-08    0.21735E-10    0.00000E+00    0.00000E+00    0.00000E+00
    0.58050E+07    0.25319E-09    0.20483E-08    0.55102E-11    0.00000E+00    0.00000E+00    0.00000E+00
    0.58100E+07    0.24508E-09    0.21154E-08   -0.11302E-10    0.00000E+00    0.00000E+00    0.00000E+00
    0.58150E+07    0.23670E-09    0.21823E-08   -0.28689E-10    0.00000E+00    0.00000E+00    0.00000E+00
    0.58200E+07    0.22807E-09    0.22489E-08   -0.46624E-10    0.00000E+00    0.00000E+00    0.00000E+00
    0.58250E+07    0.21921E-09    0.23151E-08   -0.65096E-10    0.00000E+00    0.00000E+00    0.00000E+00
    0.58300E+07    0.21013E-09    0.23808E-08   -0.84076E-10    0.00000E+00    0.00000E+00    0.00000E+00
    0.58350E+07    0.20084E-09    0.24459E-08   -0.10353E-09    0.00000E+00    0.00000E+00    0.00000E+00
    0.58400E+07    0.19139E-09    0.25102E-08   -0.12344E-09    0.00000E+00    0.00000E+00    0.00000E+00
    0.58450E+07    0.18178E-09    0.25736E-08   -0.14377E-09    0.00000E+00    0.00000E+00    0.00000E+00
    0.58500E+07    0.17204E-09    0.26360E-08   -0.16448E-09    0.00000E+00    0.00000E+00    0.00000E+00
    0.58550E+07    0.16221E-09    0.26972E-08   -0.18552E-09    0.00000E+00    0.00000E+00    0.00000E+00
    0.58600E+07    0.15230E-09    0.27571E-08   -0.20686E-09    0.00000E+00    0.00000E+00    0.00000E+00
    0.58636E+07    0.14524E-09    0.27988E-08   -0.22218E-09    0.00000E+00    0.00000E+00    0.00000E+00
    0.58636E+07    0.15396E-09    0.27305E-08   -0.28005E-09    0.00000E+00    0.00000E+00    0.00000E+00
    0.58668E+07    0.14613E-09    0.27661E-08   -0.29764E-09    0.00000E+00    0.00000E+00    0.00000E+00
    0.58700E+07    0.13831E-09    0.28007E-08   -0.31534E-09    0.00000E+00    0.00000E+00    0.00000E+00
    0.58750E+07    0.12624E-09    0.28527E-08   -0.34291E-09    0.00000E+00    0.00000E+00    0.00000E+00
    0.58800E+07    0.11427E-09    0.29024E-08   -0.37055E-09    0.00000E+00    0.00000E+00    0.00000E+00
    0.58850E+07    0.10248E-09    0.29495E-08   -0.39817E-09    0.00000E+00    0.00000E+00    0.00000E+00
    0.58900E+07    0.90939E-10    0.29940E-08   -0.42567E-09    0.00000E+00    0.00000E+00    0.00000E+00
    0.58950E+07    0.79717E-10    0.30356E-08   -0.45294E-09    0.00000E+00    0.00000E+00    0.00000E+00
    0.59000E+07    0.68891E-10    0.30742E-08   -0.47987E-09    0.00000E+00    0.00000E+00    0.00000E+00
    0.59050E+07    0.58538E-10    0.31096E-08   -0.50634E-09    0.00000E+00    0.00000E+00    0.00000E+00
    0.59100E+07    0.48742E-10    0.31417E-08   -0.53224E-09    0.00000E+00    0.00000E+00    0.00000E+00
    0.59150E+07    0.39586E-10    0.31703E-08   -0.55742E-09    0.00000E+00    0.00000E+00    0.00000E+00
    0.59200E+07    0.31158E-10    0.31952E-08   -0.58177E-09    0.00000E+00    0.00000E+00    0.00000E+00
    0.59250E+07    0.23545E-10    0.32164E-08   -0.60515E-09    0.00000E+00    0.00000E+00    0.00000E+00
    0.59300E+07    0.16839E-10    0.32337E-08   -0.62742E-09    0.00000E+00    0.00000E+00    0.00000E+00
    0.59350E+07    0.11130E-10    0.32470E-08   -0.64846E-09    0.00000E+00    0.00000E+00    0.00000E+00
    0.59400E+07    0.65128E-11    0.32561E-08   -0.66811E-09    0.00000E+00    0.00000E+00    0.00000E+00
    0.59450E+07    0.30790E-11    0.32609E-08   -0.68624E-09    0.00000E+00    0.00000E+00    0.00000E+00
    0.59500E+07    0.92220E-12    0.32614E-08   -0.70270E-09    0.00000E+00    0.00000E+00    0.00000E+00
    0.59529E+07    0.29509E-12    0.32596E-08   -0.71139E-09    0.00000E+00    0.00000E+00    0.00000E+00
    0.59558E+07    0.14138E-12    0.32564E-08   -0.71944E-09    0.00000E+00    0.00000E+00    0.00000E+00
    0.59558E+07    0.16577E-12    0.30128E-08   -0.89221E-09    0.00000E+00    0.00000E+00    0.00000E+00
    0.59600E+07    0.12460E-11    0.30066E-08   -0.90405E-09    0.00000E+00    0.00000E+00    0.00000E+00
    0.59650E+07    0.49223E-11    0.29948E-08   -0.91370E-09    0.00000E+00    0.00000E+00    0.00000E+00
    0.59700E+07    0.11323E-10    0.29772E-08   -0.91969E-09    0.00000E+00    0.00000E+00    0.00000E+00
    0.59750E+07    0.20571E-10    0.29538E-08   -0.92183E-09    0.00000E+00    0.00000E+00    0.00000E+00
    0.59800E+07    0.32783E-10    0.29246E-08   -0.91996E-09    0.00000E+00    0.00000E+00    0.00000E+00
    0.59850E+07    0.48062E-10    0.28897E-08   -0.91391E-09    0.00000E+00    0.00000E+00    0.00000E+00
    0.59900E+07    0.66502E-10    0.28490E-08   -0.90357E-09    0.00000E+00    0.00000E+00    0.00000E+00
    0.59950E+07    0.88184E-10    0.28027E-08   -0.88881E-09    0.00000E+00    0.00000E+00    0.00000E+00
    0.60000E+07    0.11317E-09    0.27508E-08   -0.86954E-09    0.00000E+00    0.00000E+00    0.00000E+00
    0.60050E+07    0.14152E-09    0.26935E-08   -0.84567E-09    0.00000E+00    0.00000E+00    0.00000E+00
    0.60100E+07    0.17325E-09    0.26309E-08   -0.81717E-09    0.00000E+00    0.00000E+00    0.00000E+00
    0.60150E+07    0.20840E-09    0.25633E-08   -0.78400E-09    0.00000E+00    0.00000E+00    0.00000E+00
    0.60200E+07    0.24694E-09    0.24908E-08   -0.74616E-09    0.00000E+00    0.00000E+00    0.00000E+00
    0.60250E+07    0.28886E-09    0.24137E-08   -0.70369E-09    0.00000E+00    0.00000E+00    0.00000E+00
    0.60300E+07    0.33411E-09    0.23322E-08   -0.65664E-09    0.00000E+00    0.00000E+00    0.00000E+00
    0.60350E+07    0.38263E-09    0.22467E-08   -0.60510E-09    0.00000E+00    0.00000E+00    0.00000E+00
    0.60400E+07    0.43431E-09    0.21575E-08   -0.54919E-09    0.00000E+00    0.00000E+00    0.00000E+00
    0.60450E+07    0.48905E-09    0.20649E-08   -0.48907E-09    0.00000E+00    0.00000E+00    0.00000E+00
    0.60500E+07    0.54669E-09    0.19693E-08   -0.42492E-09    0.00000E+00    0.00000E+00    0.00000E+00
    0.60550E+07    0.60708E-09    0.18712E-08   -0.35697E-09    0.00000E+00    0.00000E+00    0.00000E+00
    0.60600E+07    0.67003E-09    0.17709E-08   -0.28548E-09    0.00000E+00    0.00000E+00    0.00000E+00
    0.60650E+07    0.73531E-09    0.16689E-08   -0.21073E-09    0.00000E+00    0.00000E+00    0.00000E+00
    0.60700E+07    0.80267E-09    0.15657E-08   -0.13306E-09    0.00000E+00    0.00000E+00    0.00000E+00
    0.60738E+07    0.85662E-09    0.14856E-08   -0.72420E-10    0.00000E+00    0.00000E+00    0.00000E+00
    0.60788E+07    0.92722E-09    0.13813E-08    0.97743E-11    0.00000E+00    0.00000E+00    0.00000E+00
    0.60838E+07    0.99910E-09    0.12772E-08    0.93804E-10    0.00000E+00    0.00000E+00    0.00000E+00
    0.60888E+07    0.10719E-08    0.11738E-08    0.17924E-09    0.00000E+00    0.00000E+00    0.00000E+00
    0.60938E+07    0.11453E-08    0.10716E-08    0.26560E-09    0.00000E+00    0.00000E+00    0.00000E+00
    0.60988E+07    0.12190E-08    0.97110E-09    0.35237E-09    0.00000E+00    0.00000E+00    0.00000E+00
    0.61038E+07    0.12924E-08    0.87288E-09    0.43901E-09    0.00000E+00    0.00000E+00    0.00000E+00
    0.61088E+07    0.13652E-08    0.77748E-09    0.52498E-09    0.00000E+00    0.00000E+00    0.00000E+00
    0.61138E+07    0.14369E-08    0.68542E-09    0.60968E-09    0.00000E+00    0.00000E+00    0.00000E+00
    0.61188E+07    0.15072E-08    0.59722E-09    0.69254E-09    0.00000E+00    0.00000E+00    0.00000E+00
    0.61238E+07    0.15755E-08    0.51339E-09    0.77293E-09    0.00000E+00    0.00000E+00    0.00000E+00
    0.61288E+07    0.16413E-08    0.43443E-09    0.85026E-09    0.00000E+00    0.00000E+00    0.00000E+00
    0.61338E+07    0.17043E-08    0.36080E-09    0.92389E-09    0.00000E+00    0.00000E+00    0.00000E+00
    0.61388E+07    0.17639E-08    0.29297E-09    0.99322E-09    0.00000E+00    0.00000E+00    0.00000E+00
    0.61438E+07    0.18197E-08    0.23134E-09    0.10576E-08    0.00000E+00    0.00000E+00    0.00000E+00
    0.61488E+07    0.18711E-08    0.17631E-09    0.11165E-08    0.00000E+00    0.00000E+00    0.00000E+00
    0.61538E+07    0.19179E-08    0.12824E-09    0.11693E-08    0.00000E+00    0.00000E+00    0.00000E+00
    0.61588E+07    0.19594E-08    0.87447E-10    0.12154E-08    0.00000E+00    0.00000E+00    0.00000E+00
    0.61638E+07    0.19988E-08    0.54155E-10    0.12557E-08    0.00000E+00    0.00000E+00    0.00000E+00
    0.61688E+07    0.20319E-08    0.28658E-10    0.12882E-08    0.00000E+00    0.00000E+00    0.00000E+00
    0.61738E+07    0.20589E-08    0.11150E-10    0.13127E-08    0.00000E+00    0.00000E+00    0.00000E+00
    0.61788E+07    0.20794E-08    0.17749E-11    0.13286E-08    0.00000E+00    0.00000E+00    0.00000E+00
    0.61838E+07    0.20926E-08    0.62620E-12    0.13353E-08    0.00000E+00    0.00000E+00    0.00000E+00
    0.61888E+07    0.20974E-08    0.77386E-11    0.13321E-08    0.00000E+00    0.00000E+00    0.00000E+00
    0.61938E+07    0.20932E-08    0.23086E-10    0.13185E-08    0.00000E+00    0.00000E+00    0.00000E+00
    0.61988E+07    0.20792E-08    0.46579E-10    0.12943E-08    0.00000E+00    0.00000E+00    0.00000E+00
    0.62038E+07    0.20583E-08    0.77994E-10    0.12623E-08    0.00000E+00    0.00000E+00    0.00000E+00
    0.62088E+07    0.20287E-08    0.11714E-09    0.12199E-08    0.00000E+00    0.00000E+00    0.00000E+00
    0.62138E+07    0.19880E-08    0.16390E-09    0.11643E-08    0.00000E+00    0.00000E+00    0.00000E+00
    0.62188E+07    0.19385E-08    0.21782E-09    0.10987E-08    0.00000E+00    0.00000E+00    0.00000E+00
    0.62238E+07    0.18808E-08    0.27849E-09    0.10236E-08    0.00000E+00    0.00000E+00    0.00000E+00
    0.62288E+07    0.18156E-08    0.34542E-09    0.93972E-09    0.00000E+00    0.00000E+00    0.00000E+00
    0.62338E+07    0.17436E-08    0.41810E-09    0.84763E-09    0.00000E+00    0.00000E+00    0.00000E+00
    0.62388E+07    0.16655E-08    0.49596E-09    0.74810E-09    0.00000E+00    0.00000E+00    0.00000E+00
    0.62438E+07    0.15815E-08    0.57844E-09    0.64186E-09    0.00000E+00    0.00000E+00    0.00000E+00
    0.62488E+07    0.14921E-08    0.66493E-09    0.52980E-09    0.00000E+00    0.00000E+00    0.00000E+00
    0.62538E+07    0.13982E-08    0.75482E-09    0.41300E-09    0.00000E+00    0.00000E+00    0.00000E+00
    0.62588E+07    0.13005E-08    0.84746E-09    0.29267E-09    0.00000E+00    0.00000E+00    0.00000E+00
    0.62638E+07    0.11996E-08    0.94231E-09    0.17015E-09    0.00000E+00    0.00000E+00    0.00000E+00
    0.62688E+07    0.10965E-08    0.10388E-08    0.46982E-10    0.00000E+00    0.00000E+00    0.00000E+00
    0.62738E+07    0.99276E-09    0.11364E-08   -0.75092E-10    0.00000E+00    0.00000E+00    0.00000E+00
    0.62788E+07    0.88973E-09    0.12344E-08   -0.19433E-09    0.00000E+00    0.00000E+00    0.00000E+00
    0.62838E+07    0.78934E-09    0.13321E-08   -0.30919E-09    0.00000E+00    0.00000E+00    0.00000E+00
    0.62888E+07    0.69309E-09    0.14285E-08   -0.41840E-09    0.00000E+00    0.00000E+00    0.00000E+00
    0.62938E+07    0.60216E-09    0.15231E-08   -0.52103E-09    0.00000E+00    0.00000E+00    0.00000E+00
    0.62988E+07    0.51740E-09    0.16149E-08   -0.61647E-09    0.00000E+00    0.00000E+00    0.00000E+00
    0.63038E+07    0.43740E-09    0.17102E-08   -0.70685E-09    0.00000E+00    0.00000E+00    0.00000E+00
    0.63088E+07    0.36473E-09    0.18015E-08   -0.78892E-09    0.00000E+00    0.00000E+00    0.00000E+00
    0.63138E+07    0.30098E-09    0.18802E-08   -0.86148E-09    0.00000E+00    0.00000E+00    0.00000E+00
    0.63188E+07    0.24423E-09    0.19527E-08   -0.92775E-09    0.00000E+00    0.00000E+00    0.00000E+00
    0.63238E+07    0.19422E-09    0.20188E-08   -0.98799E-09    0.00000E+00    0.00000E+00    0.00000E+00
    0.63288E+07    0.15006E-09    0.20778E-08   -0.10429E-08    0.00000E+00    0.00000E+00    0.00000E+00
    0.63313E+07    0.13179E-09    0.21398E-08   -0.10192E-08    0.00000E+00    0.00000E+00    0.00000E+00
    0.63326E+07    0.12277E-09    0.21530E-08   -0.10306E-08    0.00000E+00    0.00000E+00    0.00000E+00
    0.63332E+07    0.11838E-09    0.21594E-08   -0.10362E-08    0.00000E+00    0.00000E+00    0.00000E+00
    0.63344E+07    0.11036E-09    0.21713E-08   -0.10464E-08    0.00000E+00    0.00000E+00    0.00000E+00
    0.63354E+07    0.10311E-09    0.21820E-08   -0.10556E-08    0.00000E+00    0.00000E+00    0.00000E+00
    0.63360E+07    0.99582E-10    0.21873E-08   -0.10601E-08    0.00000E+00    0.00000E+00    0.00000E+00
    0.63379E+07    0.88141E-10    0.22045E-08   -0.10747E-08    0.00000E+00    0.00000E+00    0.00000E+00
    0.63397E+07    0.77418E-10    0.22210E-08   -0.10884E-08    0.00000E+00    0.00000E+00    0.00000E+00
    0.63416E+07    0.67409E-10    0.22365E-08   -0.11013E-08    0.00000E+00    0.00000E+00    0.00000E+00
    0.63434E+07    0.58105E-10    0.22512E-08   -0.11132E-08    0.00000E+00    0.00000E+00    0.00000E+00
    0.63453E+07    0.49506E-10    0.22652E-08   -0.11240E-08    0.00000E+00    0.00000E+00    0.00000E+00
    0.63471E+07    0.41622E-10    0.22780E-08   -0.11342E-08    0.00000E+00    0.00000E+00    0.00000E+00
    0.63508E+07    0.27946E-10    0.23011E-08   -0.11518E-08    0.00000E+00    0.00000E+00    0.00000E+00
    0.63508E+07    0.27946E-10    0.23011E-08   -0.11518E-08    0.00000E+00    0.00000E+00    0.00000E+00
    0.63530E+07    0.21183E-10    0.23133E-08   -0.11605E-08    0.00000E+00    0.00000E+00    0.00000E+00
    0.63552E+07    0.15377E-10    0.23241E-08   -0.11682E-08    0.00000E+00    0.00000E+00    0.00000E+00
    0.63574E+07    0.10528E-10    0.23321E-08   -0.11767E-08    0.00000E+00    0.00000E+00    0.00000E+00
    0.63596E+07    0.65964E-11    0.23382E-08   -0.11849E-08    0.00000E+00    0.00000E+00    0.00000E+00
    0.63596E+07    0.12688E-10    0.18239E-08   -0.16113E-08    0.00000E+00    0.00000E+00    0.00000E+00
    0.63607E+07    0.91630E-11    0.18012E-08   -0.16525E-08    0.00000E+00    0.00000E+00    0.00000E+00
    0.63624E+07    0.46185E-11    0.17662E-08   -0.17122E-08    0.00000E+00    0.00000E+00    0.00000E+00
    0.63640E+07    0.14349E-11    0.17299E-08   -0.17689E-08    0.00000E+00    0.00000E+00    0.00000E+00
    0.63656E+07    0.47105E-13    0.12069E-08   -0.23366E-08    0.00000E+00    0.00000E+00    0.00000E+00
    0.63656E+07    0.98602E-10    0.55981E-10   -0.28561E-08    0.00000E+00    0.00000E+00    0.00000E+00
    0.63658E+07    0.10547E-27    0.56146E-10   -0.28730E-08    0.00000E+00    0.00000E+00    0.00000E+00
    0.63658E+07    0.00000E+00    0.00000E+00    0.00000E+00    0.00000E+00    0.00000E+00    0.00000E+00
    0.63671E+07    0.00000E+00    0.00000E+00    0.00000E+00    0.00000E+00    0.00000E+00    0.00000E+00
    0.63684E+07    0.00000E+00    0.00000E+00    0.00000E+00    0.00000E+00    0.00000E+00    0.00000E+00
    0.63697E+07    0.00000E+00    0.00000E+00    0.00000E+00    0.00000E+00    0.00000E+00    0.00000E+00
    0.63710E+07    0.00000E+00    0.00000E+00    0.00000E+00    0.00000E+00    0.00000E+00    0.00000E+00
