    0.34800E+07    0.00000E+00    0.00000E+00    0.00000E+00    0.00000E+00    0.00000E+00    0.00000E+00
    0.34850E+07    0.00000E+00    0.00000E+00    0.00000E+00    0.00000E+00    0.00000E+00    0.00000E+00
    0.34900E+07    0.00000E+00    0.00000E+00    0.00000E+00    0.00000E+00    0.00000E+00    0.00000E+00
    0.34950E+07    0.00000E+00    0.00000E+00    0.00000E+00    0.00000E+00    0.00000E+00    0.00000E+00
    0.35000E+07    0.00000E+00    0.00000E+00    0.00000E+00    0.00000E+00    0.00000E+00    0.00000E+00
    0.35050E+07    0.00000E+00    0.00000E+00    0.00000E+00    0.00000E+00    0.00000E+00    0.00000E+00
    0.35100E+07    0.00000E+00    0.00000E+00    0.00000E+00    0.00000E+00    0.00000E+00    0.00000E+00
    0.35150E+07    0.00000E+00    0.00000E+00    0.00000E+00    0.00000E+00    0.00000E+00    0.00000E+00
    0.35200E+07    0.00000E+00    0.00000E+00    0.00000E+00    0.00000E+00    0.00000E+00    0.00000E+00
    0.35250E+07    0.00000E+00    0.00000E+00    0.00000E+00    0.00000E+00    0.00000E+00    0.00000E+00
    0.35300E+07    0.00000E+00    0.00000E+00    0.00000E+00    0.00000E+00    0.00000E+00    0.00000E+00
    0.35350E+07    0.00000E+00    0.00000E+00    0.00000E+00    0.00000E+00    0.00000E+00    0.00000E+00
    0.35400E+07    0.00000E+00    0.00000E+00    0.00000E+00    0.00000E+00    0.00000E+00    0.00000E+00
    0.35450E+07    0.00000E+00    0.00000E+00    0.00000E+00    0.00000E+00    0.00000E+00    0.00000E+00
    0.35500E+07    0.00000E+00    0.00000E+00    0.00000E+00    0.00000E+00    0.00000E+00    0.00000E+00
    0.35550E+07    0.00000E+00    0.00000E+00    0.00000E+00    0.00000E+00    0.00000E+00    0.00000E+00
    0.35600E+07    0.00000E+00    0.00000E+00    0.00000E+00    0.00000E+00    0.00000E+00    0.00000E+00
    0.35650E+07    0.00000E+00    0.00000E+00    0.00000E+00    0.00000E+00    0.00000E+00    0.00000E+00
    0.35700E+07    0.00000E+00    0.00000E+00    0.00000E+00    0.00000E+00    0.00000E+00    0.00000E+00
    0.35750E+07    0.00000E+00    0.00000E+00    0.00000E+00    0.00000E+00    0.00000E+00    0.00000E+00
    0.35800E+07    0.00000E+00    0.00000E+00    0.00000E+00    0.00000E+00    0.00000E+00    0.00000E+00
    0.35850E+07    0.00000E+00    0.00000E+00    0.00000E+00    0.00000E+00    0.00000E+00    0.00000E+00
    0.35900E+07    0.00000E+00    0.00000E+00    0.00000E+00    0.00000E+00    0.00000E+00    0.00000E+00
    0.35950E+07    0.00000E+00    0.00000E+00    0.00000E+00    0.00000E+00    0.00000E+00    0.00000E+00
    0.36000E+07    0.00000E+00    0.00000E+00    0.00000E+00    0.00000E+00    0.00000E+00    0.00000E+00
    0.36050E+07    0.00000E+00    0.00000E+00    0.00000E+00    0.00000E+00    0.00000E+00    0.00000E+00
    0.36100E+07    0.00000E+00    0.00000E+00    0.00000E+00    0.00000E+00    0.00000E+00    0.00000E+00
    0.36150E+07    0.00000E+00    0.00000E+00    0.00000E+00    0.00000E+00    0.00000E+00    0.00000E+00
    0.36200E+07    0.00000E+00    0.00000E+00    0.00000E+00    0.00000E+00    0.00000E+00    0.00000E+00
    0.36250E+07    0.00000E+00    0.00000E+00    0.00000E+00    0.00000E+00    0.00000E+00    0.00000E+00
    0.36300E+07    0.00000E+00    0.00000E+00    0.00000E+00    0.00000E+00    0.00000E+00    0.00000E+00
    0.36300E+07    0.00000E+00    0.00000E+00    0.00000E+00    0.00000E+00    0.00000E+00    0.00000E+00
    0.36350E+07    0.00000E+00    0.00000E+00    0.00000E+00    0.00000E+00    0.00000E+00    0.00000E+00
    0.36400E+07    0.00000E+00    0.00000E+00    0.00000E+00    0.00000E+00    0.00000E+00    0.00000E+00
    0.36450E+07    0.00000E+00    0.00000E+00    0.00000E+00    0.00000E+00    0.00000E+00    0.00000E+00
    0.36500E+07    0.00000E+00    0.00000E+00    0.00000E+00    0.00000E+00    0.00000E+00    0.00000E+00
    0.36550E+07    0.00000E+00    0.00000E+00    0.00000E+00    0.00000E+00    0.00000E+00    0.00000E+00
    0.36600E+07    0.00000E+00    0.00000E+00    0.00000E+00    0.00000E+00    0.00000E+00    0.00000E+00
    0.36650E+07    0.00000E+00    0.00000E+00    0.00000E+00    0.00000E+00    0.00000E+00    0.00000E+00
    0.36700E+07    0.00000E+00    0.00000E+00    0.00000E+00    0.00000E+00    0.00000E+00    0.00000E+00
    0.36750E+07    0.00000E+00    0.00000E+00    0.00000E+00    0.00000E+00    0.00000E+00    0.00000E+00
    0.36800E+07    0.00000E+00    0.00000E+00    0.00000E+00    0.00000E+00    0.00000E+00    0.00000E+00
    0.36850E+07    0.00000E+00    0.00000E+00    0.00000E+00    0.00000E+00    0.00000E+00    0.00000E+00
    0.36900E+07    0.00000E+00    0.00000E+00    0.00000E+00    0.00000E+00    0.00000E+00    0.00000E+00
    0.36950E+07    0.00000E+00    0.00000E+00    0.00000E+00    0.00000E+00    0.00000E+00    0.00000E+00
    0.37000E+07    0.00000E+00    0.00000E+00    0.00000E+00    0.00000E+00    0.00000E+00    0.00000E+00
    0.37050E+07    0.00000E+00    0.00000E+00    0.00000E+00    0.00000E+00    0.00000E+00    0.00000E+00
    0.37100E+07    0.00000E+00    0.00000E+00    0.00000E+00    0.00000E+00    0.00000E+00    0.00000E+00
    0.37150E+07    0.00000E+00    0.00000E+00    0.00000E+00    0.00000E+00    0.00000E+00    0.00000E+00
    0.37200E+07    0.00000E+00    0.00000E+00    0.00000E+00    0.00000E+00    0.00000E+00    0.00000E+00
    0.37250E+07    0.00000E+00    0.00000E+00    0.00000E+00    0.00000E+00    0.00000E+00    0.00000E+00
    0.37300E+07    0.00000E+00    0.00000E+00    0.00000E+00    0.00000E+00    0.00000E+00    0.00000E+00
    0.37350E+07    0.00000E+00    0.00000E+00    0.00000E+00    0.00000E+00    0.00000E+00    0.00000E+00
    0.37400E+07    0.00000E+00    0.00000E+00    0.00000E+00    0.00000E+00    0.00000E+00    0.00000E+00
    0.37450E+07    0.00000E+00    0.00000E+00    0.00000E+00    0.00000E+00    0.00000E+00    0.00000E+00
    0.37500E+07    0.00000E+00    0.00000E+00    0.00000E+00    0.00000E+00    0.00000E+00    0.00000E+00
    0.37550E+07    0.00000E+00    0.00000E+00    0.00000E+00    0.00000E+00    0.00000E+00    0.00000E+00
    0.37600E+07    0.00000E+00    0.00000E+00    0.00000E+00    0.00000E+00    0.00000E+00    0.00000E+00
    0.37650E+07    0.00000E+00    0.00000E+00    0.00000E+00    0.00000E+00    0.00000E+00    0.00000E+00
    0.37700E+07    0.00000E+00    0.00000E+00    0.00000E+00    0.00000E+00    0.00000E+00    0.00000E+00
    0.37750E+07    0.00000E+00    0.00000E+00    0.00000E+00    0.00000E+00    0.00000E+00    0.00000E+00
    0.37800E+07    0.00000E+00    0.00000E+00    0.00000E+00    0.00000E+00    0.00000E+00    0.00000E+00
    0.37850E+07    0.00000E+00    0.00000E+00    0.00000E+00    0.00000E+00    0.00000E+00    0.00000E+00
    0.37900E+07    0.00000E+00    0.00000E+00    0.00000E+00    0.00000E+00    0.00000E+00    0.00000E+00
    0.37950E+07    0.00000E+00    0.00000E+00    0.00000E+00    0.00000E+00    0.00000E+00    0.00000E+00
    0.38000E+07    0.00000E+00    0.00000E+00    0.00000E+00    0.00000E+00    0.00000E+00    0.00000E+00
    0.38050E+07    0.00000E+00    0.00000E+00    0.00000E+00    0.00000E+00    0.00000E+00    0.00000E+00
    0.38100E+07    0.00000E+00    0.00000E+00    0.00000E+00    0.00000E+00    0.00000E+00    0.00000E+00
    0.38150E+07    0.00000E+00    0.00000E+00    0.00000E+00    0.00000E+00    0.00000E+00    0.00000E+00
    0.38200E+07    0.00000E+00    0.00000E+00    0.00000E+00    0.00000E+00    0.00000E+00    0.00000E+00
    0.38250E+07    0.00000E+00    0.00000E+00    0.00000E+00    0.00000E+00    0.00000E+00    0.00000E+00
    0.38300E+07    0.00000E+00    0.00000E+00    0.00000E+00    0.00000E+00    0.00000E+00    0.00000E+00
    0.38350E+07    0.00000E+00    0.00000E+00    0.00000E+00    0.00000E+00    0.00000E+00    0.00000E+00
    0.38400E+07    0.00000E+00    0.00000E+00    0.00000E+00    0.00000E+00    0.00000E+00    0.00000E+00
    0.38450E+07    0.00000E+00    0.00000E+00    0.00000E+00    0.00000E+00    0.00000E+00    0.00000E+00
    0.38500E+07    0.00000E+00    0.00000E+00    0.00000E+00    0.00000E+00    0.00000E+00    0.00000E+00
    0.38550E+07    0.00000E+00    0.00000E+00    0.00000E+00    0.00000E+00    0.00000E+00    0.00000E+00
    0.38600E+07    0.00000E+00    0.00000E+00    0.00000E+00    0.00000E+00    0.00000E+00    0.00000E+00
    0.38650E+07    0.00000E+00    0.00000E+00    0.00000E+00    0.00000E+00    0.00000E+00    0.00000E+00
    0.38700E+07    0.00000E+00    0.00000E+00    0.00000E+00    0.00000E+00    0.00000E+00    0.00000E+00
    0.38750E+07    0.00000E+00    0.00000E+00    0.00000E+00    0.00000E+00    0.00000E+00    0.00000E+00
    0.38800E+07    0.00000E+00    0.00000E+00    0.00000E+00    0.00000E+00    0.00000E+00    0.00000E+00
    0.38850E+07    0.00000E+00    0.00000E+00    0.00000E+00    0.00000E+00    0.00000E+00    0.00000E+00
    0.38900E+07    0.00000E+00    0.00000E+00    0.00000E+00    0.00000E+00    0.00000E+00    0.00000E+00
    0.38950E+07    0.00000E+00    0.00000E+00    0.00000E+00    0.00000E+00    0.00000E+00    0.00000E+00
    0.39000E+07    0.00000E+00    0.00000E+00    0.00000E+00    0.00000E+00    0.00000E+00    0.00000E+00
    0.39050E+07    0.00000E+00    0.00000E+00    0.00000E+00    0.00000E+00    0.00000E+00    0.00000E+00
    0.39100E+07    0.00000E+00    0.00000E+00    0.00000E+00    0.00000E+00    0.00000E+00    0.00000E+00
    0.39150E+07    0.00000E+00    0.00000E+00    0.00000E+00    0.00000E+00    0.00000E+00    0.00000E+00
    0.39200E+07    0.00000E+00    0.00000E+00    0.00000E+00    0.00000E+00    0.00000E+00    0.00000E+00
    0.39250E+07    0.00000E+00    0.00000E+00    0.00000E+00    0.00000E+00    0.00000E+00    0.00000E+00
    0.39300E+07    0.00000E+00    0.00000E+00    0.00000E+00    0.00000E+00    0.00000E+00    0.00000E+00
    0.39350E+07    0.00000E+00    0.00000E+00    0.00000E+00    0.00000E+00    0.00000E+00    0.00000E+00
    0.39400E+07    0.00000E+00    0.00000E+00    0.00000E+00    0.00000E+00    0.00000E+00    0.00000E+00
    0.39450E+07    0.00000E+00    0.00000E+00    0.00000E+00    0.00000E+00    0.00000E+00    0.00000E+00
    0.39500E+07    0.00000E+00    0.00000E+00    0.00000E+00    0.00000E+00    0.00000E+00    0.00000E+00
    0.39550E+07    0.00000E+00    0.00000E+00    0.00000E+00    0.00000E+00    0.00000E+00    0.00000E+00
    0.39600E+07    0.00000E+00    0.00000E+00    0.00000E+00    0.00000E+00    0.00000E+00    0.00000E+00
    0.39650E+07    0.00000E+00    0.00000E+00    0.00000E+00    0.00000E+00    0.00000E+00    0.00000E+00
    0.39700E+07    0.00000E+00    0.00000E+00    0.00000E+00    0.00000E+00    0.00000E+00    0.00000E+00
    0.39750E+07    0.00000E+00    0.00000E+00    0.00000E+00    0.00000E+00    0.00000E+00    0.00000E+00
    0.39800E+07    0.00000E+00    0.00000E+00    0.00000E+00    0.00000E+00    0.00000E+00    0.00000E+00
    0.39850E+07    0.00000E+00    0.00000E+00    0.00000E+00    0.00000E+00    0.00000E+00    0.00000E+00
    0.39900E+07    0.00000E+00    0.00000E+00    0.00000E+00    0.00000E+00    0.00000E+00    0.00000E+00
    0.39950E+07    0.00000E+00    0.00000E+00    0.00000E+00    0.00000E+00    0.00000E+00    0.00000E+00
    0.40000E+07    0.00000E+00    0.00000E+00    0.00000E+00    0.00000E+00    0.00000E+00    0.00000E+00
    0.40050E+07    0.00000E+00    0.00000E+00    0.00000E+00    0.00000E+00    0.00000E+00    0.00000E+00
    0.40100E+07    0.00000E+00    0.00000E+00    0.00000E+00    0.00000E+00    0.00000E+00    0.00000E+00
    0.40150E+07    0.00000E+00    0.00000E+00    0.00000E+00    0.00000E+00    0.00000E+00    0.00000E+00
    0.40200E+07    0.00000E+00    0.00000E+00    0.00000E+00    0.00000E+00    0.00000E+00    0.00000E+00
    0.40250E+07    0.00000E+00    0.00000E+00    0.00000E+00    0.00000E+00    0.00000E+00    0.00000E+00
    0.40300E+07    0.00000E+00    0.00000E+00    0.00000E+00    0.00000E+00    0.00000E+00    0.00000E+00
    0.40350E+07    0.00000E+00    0.00000E+00    0.00000E+00    0.00000E+00    0.00000E+00    0.00000E+00
    0.40400E+07    0.00000E+00    0.00000E+00    0.00000E+00    0.00000E+00    0.00000E+00    0.00000E+00
    0.40450E+07    0.00000E+00    0.00000E+00    0.00000E+00    0.00000E+00    0.00000E+00    0.00000E+00
    0.40500E+07    0.00000E+00    0.00000E+00    0.00000E+00    0.00000E+00    0.00000E+00    0.00000E+00
    0.40550E+07    0.00000E+00    0.00000E+00    0.00000E+00    0.00000E+00    0.00000E+00    0.00000E+00
    0.40600E+07    0.00000E+00    0.00000E+00    0.00000E+00    0.00000E+00    0.00000E+00    0.00000E+00
    0.40650E+07    0.00000E+00    0.00000E+00    0.00000E+00    0.00000E+00    0.00000E+00    0.00000E+00
    0.40700E+07    0.00000E+00    0.00000E+00    0.00000E+00    0.00000E+00    0.00000E+00    0.00000E+00
    0.40750E+07    0.00000E+00    0.00000E+00    0.00000E+00    0.00000E+00    0.00000E+00    0.00000E+00
    0.40800E+07    0.00000E+00    0.00000E+00    0.00000E+00    0.00000E+00    0.00000E+00    0.00000E+00
    0.40850E+07    0.00000E+00    0.00000E+00    0.00000E+00    0.00000E+00    0.00000E+00    0.00000E+00
    0.40900E+07    0.00000E+00    0.00000E+00    0.00000E+00    0.00000E+00    0.00000E+00    0.00000E+00
    0.40950E+07    0.00000E+00    0.00000E+00    0.00000E+00    0.00000E+00    0.00000E+00    0.00000E+00
    0.41000E+07    0.00000E+00    0.00000E+00    0.00000E+00    0.00000E+00    0.00000E+00    0.00000E+00
    0.41050E+07    0.00000E+00    0.00000E+00    0.00000E+00    0.00000E+00    0.00000E+00    0.00000E+00
    0.41100E+07    0.00000E+00    0.00000E+00    0.00000E+00    0.00000E+00    0.00000E+00    0.00000E+00
    0.41150E+07    0.00000E+00    0.00000E+00    0.00000E+00    0.00000E+00    0.00000E+00    0.00000E+00
    0.41200E+07    0.00000E+00    0.00000E+00    0.00000E+00    0.00000E+00    0.00000E+00    0.00000E+00
    0.41250E+07    0.00000E+00    0.00000E+00    0.00000E+00    0.00000E+00    0.00000E+00    0.00000E+00
    0.41300E+07    0.00000E+00    0.00000E+00    0.00000E+00    0.00000E+00    0.00000E+00    0.00000E+00
    0.41350E+07    0.00000E+00    0.00000E+00    0.00000E+00    0.00000E+00    0.00000E+00    0.00000E+00
    0.41400E+07    0.00000E+00    0.00000E+00    0.00000E+00    0.00000E+00    0.00000E+00    0.00000E+00
    0.41450E+07    0.00000E+00    0.00000E+00    0.00000E+00    0.00000E+00    0.00000E+00    0.00000E+00
    0.41500E+07    0.00000E+00    0.00000E+00    0.00000E+00    0.00000E+00    0.00000E+00    0.00000E+00
    0.41550E+07    0.00000E+00    0.00000E+00    0.00000E+00    0.00000E+00    0.00000E+00    0.00000E+00
    0.41600E+07    0.00000E+00    0.00000E+00    0.00000E+00    0.00000E+00    0.00000E+00    0.00000E+00
    0.41650E+07    0.00000E+00    0.00000E+00    0.00000E+00    0.00000E+00    0.00000E+00    0.00000E+00
    0.41700E+07    0.00000E+00    0.00000E+00    0.00000E+00    0.00000E+00    0.00000E+00    0.00000E+00
    0.41750E+07    0.00000E+00    0.00000E+00    0.00000E+00    0.00000E+00    0.00000E+00    0.00000E+00
    0.41800E+07    0.00000E+00    0.00000E+00    0.00000E+00    0.00000E+00    0.00000E+00    0.00000E+00
    0.41850E+07    0.00000E+00    0.00000E+00    0.00000E+00    0.00000E+00    0.00000E+00    0.00000E+00
    0.41900E+07    0.00000E+00    0.00000E+00    0.00000E+00    0.00000E+00    0.00000E+00    0.00000E+00
    0.41950E+07    0.00000E+00    0.00000E+00    0.00000E+00    0.00000E+00    0.00000E+00    0.00000E+00
    0.42000E+07    0.00000E+00    0.00000E+00    0.00000E+00    0.00000E+00    0.00000E+00    0.00000E+00
    0.42050E+07    0.00000E+00    0.00000E+00    0.00000E+00    0.00000E+00    0.00000E+00    0.00000E+00
    0.42100E+07    0.00000E+00    0.00000E+00    0.00000E+00    0.00000E+00    0.00000E+00    0.00000E+00
    0.42150E+07    0.00000E+00    0.00000E+00    0.00000E+00    0.00000E+00    0.00000E+00    0.00000E+00
    0.42200E+07    0.00000E+00    0.00000E+00    0.00000E+00    0.00000E+00    0.00000E+00    0.00000E+00
    0.42250E+07    0.00000E+00    0.00000E+00    0.00000E+00    0.00000E+00    0.00000E+00    0.00000E+00
    0.42300E+07    0.00000E+00    0.00000E+00    0.00000E+00    0.00000E+00    0.00000E+00    0.00000E+00
    0.42350E+07    0.00000E+00    0.00000E+00    0.00000E+00    0.00000E+00    0.00000E+00    0.00000E+00
    0.42400E+07    0.00000E+00    0.00000E+00    0.00000E+00    0.00000E+00    0.00000E+00    0.00000E+00
    0.42450E+07    0.00000E+00    0.00000E+00    0.00000E+00    0.00000E+00    0.00000E+00    0.00000E+00
    0.42500E+07    0.00000E+00    0.00000E+00    0.00000E+00    0.00000E+00    0.00000E+00    0.00000E+00
    0.42550E+07    0.00000E+00    0.00000E+00    0.00000E+00    0.00000E+00    0.00000E+00    0.00000E+00
    0.42600E+07    0.00000E+00    0.00000E+00    0.00000E+00    0.00000E+00    0.00000E+00    0.00000E+00
    0.42650E+07    0.00000E+00    0.00000E+00    0.00000E+00    0.00000E+00    0.00000E+00    0.00000E+00
    0.42700E+07    0.00000E+00    0.00000E+00    0.00000E+00    0.00000E+00    0.00000E+00    0.00000E+00
    0.42750E+07    0.00000E+00    0.00000E+00    0.00000E+00    0.00000E+00    0.00000E+00    0.00000E+00
    0.42800E+07    0.00000E+00    0.00000E+00    0.00000E+00    0.00000E+00    0.00000E+00    0.00000E+00
    0.42850E+07    0.00000E+00    0.00000E+00    0.00000E+00    0.00000E+00    0.00000E+00    0.00000E+00
    0.42900E+07    0.00000E+00    0.00000E+00    0.00000E+00    0.00000E+00    0.00000E+00    0.00000E+00
    0.42950E+07    0.00000E+00    0.00000E+00    0.00000E+00    0.00000E+00    0.00000E+00    0.00000E+00
    0.43000E+07    0.00000E+00    0.00000E+00    0.00000E+00    0.00000E+00    0.00000E+00    0.00000E+00
    0.43050E+07    0.00000E+00    0.00000E+00    0.00000E+00    0.00000E+00    0.00000E+00    0.00000E+00
    0.43100E+07    0.00000E+00    0.00000E+00    0.00000E+00    0.00000E+00    0.00000E+00    0.00000E+00
    0.43150E+07    0.00000E+00    0.00000E+00    0.00000E+00    0.00000E+00    0.00000E+00    0.00000E+00
    0.43200E+07    0.00000E+00    0.00000E+00    0.00000E+00    0.00000E+00    0.00000E+00    0.00000E+00
    0.43250E+07    0.00000E+00    0.00000E+00    0.00000E+00    0.00000E+00    0.00000E+00    0.00000E+00
    0.43300E+07    0.00000E+00    0.00000E+00    0.00000E+00    0.00000E+00    0.00000E+00    0.00000E+00
    0.43350E+07    0.00000E+00    0.00000E+00    0.00000E+00    0.00000E+00    0.00000E+00    0.00000E+00
    0.43400E+07    0.00000E+00    0.00000E+00    0.00000E+00    0.00000E+00    0.00000E+00    0.00000E+00
    0.43450E+07    0.00000E+00    0.00000E+00    0.00000E+00    0.00000E+00    0.00000E+00    0.00000E+00
    0.43500E+07    0.00000E+00    0.00000E+00    0.00000E+00    0.00000E+00    0.00000E+00    0.00000E+00
    0.43550E+07    0.00000E+00    0.00000E+00    0.00000E+00    0.00000E+00    0.00000E+00    0.00000E+00
    0.43600E+07    0.00000E+00    0.00000E+00    0.00000E+00    0.00000E+00    0.00000E+00    0.00000E+00
    0.43650E+07    0.00000E+00    0.00000E+00    0.00000E+00    0.00000E+00    0.00000E+00    0.00000E+00
    0.43700E+07    0.00000E+00    0.00000E+00    0.00000E+00    0.00000E+00    0.00000E+00    0.00000E+00
    0.43750E+07    0.00000E+00    0.00000E+00    0.00000E+00    0.00000E+00    0.00000E+00    0.00000E+00
    0.43800E+07    0.00000E+00    0.00000E+00    0.00000E+00    0.00000E+00    0.00000E+00    0.00000E+00
    0.43850E+07    0.00000E+00    0.00000E+00    0.00000E+00    0.00000E+00    0.00000E+00    0.00000E+00
    0.43900E+07    0.00000E+00    0.00000E+00    0.00000E+00    0.00000E+00    0.00000E+00    0.00000E+00
    0.43950E+07    0.00000E+00    0.00000E+00    0.00000E+00    0.00000E+00    0.00000E+00    0.00000E+00
    0.44000E+07    0.00000E+00    0.00000E+00    0.00000E+00    0.00000E+00    0.00000E+00    0.00000E+00
    0.44050E+07    0.00000E+00    0.00000E+00    0.00000E+00    0.00000E+00    0.00000E+00    0.00000E+00
    0.44100E+07    0.00000E+00    0.00000E+00    0.00000E+00    0.00000E+00    0.00000E+00    0.00000E+00
    0.44150E+07    0.00000E+00    0.00000E+00    0.00000E+00    0.00000E+00    0.00000E+00    0.00000E+00
    0.44200E+07    0.00000E+00    0.00000E+00    0.00000E+00    0.00000E+00    0.00000E+00    0.00000E+00
    0.44250E+07    0.00000E+00    0.00000E+00    0.00000E+00    0.00000E+00    0.00000E+00    0.00000E+00
    0.44300E+07    0.00000E+00    0.00000E+00    0.00000E+00    0.00000E+00    0.00000E+00    0.00000E+00
    0.44350E+07    0.00000E+00    0.00000E+00    0.00000E+00    0.00000E+00    0.00000E+00    0.00000E+00
    0.44400E+07    0.00000E+00    0.00000E+00    0.00000E+00    0.00000E+00    0.00000E+00    0.00000E+00
    0.44450E+07    0.00000E+00    0.00000E+00    0.00000E+00    0.00000E+00    0.00000E+00    0.00000E+00
    0.44500E+07    0.00000E+00    0.00000E+00    0.00000E+00    0.00000E+00    0.00000E+00    0.00000E+00
    0.44550E+07    0.00000E+00    0.00000E+00    0.00000E+00    0.00000E+00    0.00000E+00    0.00000E+00
    0.44600E+07    0.00000E+00    0.00000E+00    0.00000E+00    0.00000E+00    0.00000E+00    0.00000E+00
    0.44650E+07    0.00000E+00    0.00000E+00    0.00000E+00    0.00000E+00    0.00000E+00    0.00000E+00
    0.44700E+07    0.00000E+00    0.00000E+00    0.00000E+00    0.00000E+00    0.00000E+00    0.00000E+00
    0.44750E+07    0.00000E+00    0.00000E+00    0.00000E+00    0.00000E+00    0.00000E+00    0.00000E+00
    0.44800E+07    0.00000E+00    0.00000E+00    0.00000E+00    0.00000E+00    0.00000E+00    0.00000E+00
    0.44850E+07    0.00000E+00    0.00000E+00    0.00000E+00    0.00000E+00    0.00000E+00    0.00000E+00
    0.44900E+07    0.00000E+00    0.00000E+00    0.00000E+00    0.00000E+00    0.00000E+00    0.00000E+00
    0.44950E+07    0.00000E+00    0.00000E+00    0.00000E+00    0.00000E+00    0.00000E+00    0.00000E+00
    0.45000E+07    0.00000E+00    0.00000E+00    0.00000E+00    0.00000E+00    0.00000E+00    0.00000E+00
    0.45050E+07    0.00000E+00    0.00000E+00    0.00000E+00    0.00000E+00    0.00000E+00    0.00000E+00
    0.45100E+07    0.00000E+00    0.00000E+00    0.00000E+00    0.00000E+00    0.00000E+00    0.00000E+00
    0.45150E+07    0.00000E+00    0.00000E+00    0.00000E+00    0.00000E+00    0.00000E+00    0.00000E+00
    0.45200E+07    0.00000E+00    0.00000E+00    0.00000E+00    0.00000E+00    0.00000E+00    0.00000E+00
    0.45250E+07    0.00000E+00    0.00000E+00    0.00000E+00    0.00000E+00    0.00000E+00    0.00000E+00
    0.45300E+07    0.00000E+00    0.00000E+00    0.00000E+00    0.00000E+00    0.00000E+00    0.00000E+00
    0.45350E+07    0.00000E+00    0.00000E+00    0.00000E+00    0.00000E+00    0.00000E+00    0.00000E+00
    0.45400E+07    0.00000E+00    0.00000E+00    0.00000E+00    0.00000E+00    0.00000E+00    0.00000E+00
    0.45450E+07    0.00000E+00    0.00000E+00    0.00000E+00    0.00000E+00    0.00000E+00    0.00000E+00
    0.45500E+07    0.00000E+00    0.00000E+00    0.00000E+00    0.00000E+00    0.00000E+00    0.00000E+00
    0.45550E+07    0.00000E+00    0.00000E+00    0.00000E+00    0.00000E+00    0.00000E+00    0.00000E+00
    0.45600E+07    0.00000E+00    0.00000E+00    0.00000E+00    0.00000E+00    0.00000E+00    0.00000E+00
    0.45650E+07    0.00000E+00    0.00000E+00    0.00000E+00    0.00000E+00    0.00000E+00    0.00000E+00
    0.45700E+07    0.00000E+00    0.00000E+00    0.00000E+00    0.00000E+00    0.00000E+00    0.00000E+00
    0.45750E+07    0.00000E+00    0.00000E+00    0.00000E+00    0.00000E+00    0.00000E+00    0.00000E+00
    0.45800E+07    0.00000E+00    0.00000E+00    0.00000E+00    0.00000E+00    0.00000E+00    0.00000E+00
    0.45850E+07    0.00000E+00    0.00000E+00    0.00000E+00    0.00000E+00    0.00000E+00    0.00000E+00
    0.45900E+07    0.00000E+00    0.00000E+00    0.00000E+00    0.00000E+00    0.00000E+00    0.00000E+00
    0.45950E+07    0.00000E+00    0.00000E+00    0.00000E+00    0.00000E+00    0.00000E+00    0.00000E+00
    0.46000E+07    0.00000E+00    0.00000E+00    0.00000E+00    0.00000E+00    0.00000E+00    0.00000E+00
    0.46050E+07    0.00000E+00    0.00000E+00    0.00000E+00    0.00000E+00    0.00000E+00    0.00000E+00
    0.46100E+07    0.00000E+00    0.00000E+00    0.00000E+00    0.00000E+00    0.00000E+00    0.00000E+00
    0.46150E+07    0.00000E+00    0.00000E+00    0.00000E+00    0.00000E+00    0.00000E+00    0.00000E+00
    0.46200E+07    0.00000E+00    0.00000E+00    0.00000E+00    0.00000E+00    0.00000E+00    0.00000E+00
    0.46250E+07    0.00000E+00    0.00000E+00    0.00000E+00    0.00000E+00    0.00000E+00    0.00000E+00
    0.46300E+07    0.00000E+00    0.00000E+00    0.00000E+00    0.00000E+00    0.00000E+00    0.00000E+00
    0.46350E+07    0.00000E+00    0.00000E+00    0.00000E+00    0.00000E+00    0.00000E+00    0.00000E+00
    0.46400E+07    0.00000E+00    0.00000E+00    0.00000E+00    0.00000E+00    0.00000E+00    0.00000E+00
    0.46450E+07    0.00000E+00    0.00000E+00    0.00000E+00    0.00000E+00    0.00000E+00    0.00000E+00
    0.46500E+07    0.00000E+00    0.00000E+00    0.00000E+00    0.00000E+00    0.00000E+00    0.00000E+00
    0.46550E+07    0.00000E+00    0.00000E+00    0.00000E+00    0.00000E+00    0.00000E+00    0.00000E+00
    0.46600E+07    0.00000E+00    0.00000E+00    0.00000E+00    0.00000E+00    0.00000E+00    0.00000E+00
    0.46650E+07    0.00000E+00    0.00000E+00    0.00000E+00    0.00000E+00    0.00000E+00    0.00000E+00
    0.46700E+07    0.00000E+00    0.00000E+00    0.00000E+00    0.00000E+00    0.00000E+00    0.00000E+00
    0.46750E+07    0.00000E+00    0.00000E+00    0.00000E+00    0.00000E+00    0.00000E+00    0.00000E+00
    0.46800E+07    0.00000E+00    0.00000E+00    0.00000E+00    0.00000E+00    0.00000E+00    0.00000E+00
    0.46850E+07    0.00000E+00    0.00000E+00    0.00000E+00    0.00000E+00    0.00000E+00    0.00000E+00
    0.46900E+07    0.00000E+00    0.00000E+00    0.00000E+00    0.00000E+00    0.00000E+00    0.00000E+00
    0.46950E+07    0.00000E+00    0.00000E+00    0.00000E+00    0.00000E+00    0.00000E+00    0.00000E+00
    0.47000E+07    0.00000E+00    0.00000E+00    0.00000E+00    0.00000E+00    0.00000E+00    0.00000E+00
    0.47050E+07    0.00000E+00    0.00000E+00    0.00000E+00    0.00000E+00    0.00000E+00    0.00000E+00
    0.47100E+07    0.00000E+00    0.00000E+00    0.00000E+00    0.00000E+00    0.00000E+00    0.00000E+00
    0.47150E+07    0.00000E+00    0.00000E+00    0.00000E+00    0.00000E+00    0.00000E+00    0.00000E+00
    0.47200E+07    0.00000E+00    0.00000E+00    0.00000E+00    0.00000E+00    0.00000E+00    0.00000E+00
    0.47250E+07    0.00000E+00    0.00000E+00    0.00000E+00    0.00000E+00    0.00000E+00    0.00000E+00
    0.47300E+07    0.00000E+00    0.00000E+00    0.00000E+00    0.00000E+00    0.00000E+00    0.00000E+00
    0.47350E+07    0.00000E+00    0.00000E+00    0.00000E+00    0.00000E+00    0.00000E+00    0.00000E+00
    0.47400E+07    0.00000E+00    0.00000E+00    0.00000E+00    0.00000E+00    0.00000E+00    0.00000E+00
    0.47450E+07    0.00000E+00    0.00000E+00    0.00000E+00    0.00000E+00    0.00000E+00    0.00000E+00
    0.47500E+07    0.00000E+00    0.00000E+00    0.00000E+00    0.00000E+00    0.00000E+00    0.00000E+00
    0.47550E+07    0.00000E+00    0.00000E+00    0.00000E+00    0.00000E+00    0.00000E+00    0.00000E+00
    0.47600E+07    0.00000E+00    0.00000E+00    0.00000E+00    0.00000E+00    0.00000E+00    0.00000E+00
    0.47650E+07    0.00000E+00    0.00000E+00    0.00000E+00    0.00000E+00    0.00000E+00    0.00000E+00
    0.47700E+07    0.00000E+00    0.00000E+00    0.00000E+00    0.00000E+00    0.00000E+00    0.00000E+00
    0.47750E+07    0.00000E+00    0.00000E+00    0.00000E+00    0.00000E+00    0.00000E+00    0.00000E+00
    0.47800E+07    0.00000E+00    0.00000E+00    0.00000E+00    0.00000E+00    0.00000E+00    0.00000E+00
    0.47850E+07    0.00000E+00    0.00000E+00    0.00000E+00    0.00000E+00    0.00000E+00    0.00000E+00
    0.47900E+07    0.00000E+00    0.00000E+00    0.00000E+00    0.00000E+00    0.00000E+00    0.00000E+00
    0.47950E+07    0.00000E+00    0.00000E+00    0.00000E+00    0.00000E+00    0.00000E+00    0.00000E+00
    0.48000E+07    0.00000E+00    0.00000E+00    0.00000E+00    0.00000E+00    0.00000E+00    0.00000E+00
    0.48050E+07    0.00000E+00    0.00000E+00    0.00000E+00    0.00000E+00    0.00000E+00    0.00000E+00
    0.48100E+07    0.00000E+00    0.00000E+00    0.00000E+00    0.00000E+00    0.00000E+00    0.00000E+00
    0.48150E+07    0.00000E+00    0.00000E+00    0.00000E+00    0.00000E+00    0.00000E+00    0.00000E+00
    0.48200E+07    0.00000E+00    0.00000E+00    0.00000E+00    0.00000E+00    0.00000E+00    0.00000E+00
    0.48250E+07    0.00000E+00    0.00000E+00    0.00000E+00    0.00000E+00    0.00000E+00    0.00000E+00
    0.48300E+07    0.00000E+00    0.00000E+00    0.00000E+00    0.00000E+00    0.00000E+00    0.00000E+00
    0.48350E+07    0.00000E+00    0.00000E+00    0.00000E+00    0.00000E+00    0.00000E+00    0.00000E+00
    0.48400E+07    0.00000E+00    0.00000E+00    0.00000E+00    0.00000E+00    0.00000E+00    0.00000E+00
    0.48450E+07    0.00000E+00    0.00000E+00    0.00000E+00    0.00000E+00    0.00000E+00    0.00000E+00
    0.48500E+07    0.00000E+00    0.00000E+00    0.00000E+00    0.00000E+00    0.00000E+00    0.00000E+00
    0.48550E+07    0.00000E+00    0.00000E+00    0.00000E+00    0.00000E+00    0.00000E+00    0.00000E+00
    0.48600E+07    0.00000E+00    0.00000E+00    0.00000E+00    0.00000E+00    0.00000E+00    0.00000E+00
    0.48650E+07    0.00000E+00    0.00000E+00    0.00000E+00    0.00000E+00    0.00000E+00    0.00000E+00
    0.48700E+07    0.00000E+00    0.00000E+00    0.00000E+00    0.00000E+00    0.00000E+00    0.00000E+00
    0.48750E+07    0.00000E+00    0.00000E+00    0.00000E+00    0.00000E+00    0.00000E+00    0.00000E+00
    0.48800E+07    0.00000E+00    0.00000E+00    0.00000E+00    0.00000E+00    0.00000E+00    0.00000E+00
    0.48850E+07    0.00000E+00    0.00000E+00    0.00000E+00    0.00000E+00    0.00000E+00    0.00000E+00
    0.48900E+07    0.00000E+00    0.00000E+00    0.00000E+00    0.00000E+00    0.00000E+00    0.00000E+00
    0.48950E+07    0.00000E+00    0.00000E+00    0.00000E+00    0.00000E+00    0.00000E+00    0.00000E+00
    0.49000E+07    0.00000E+00    0.00000E+00    0.00000E+00    0.00000E+00    0.00000E+00    0.00000E+00
    0.49050E+07    0.00000E+00    0.00000E+00    0.00000E+00    0.00000E+00    0.00000E+00    0.00000E+00
    0.49100E+07    0.00000E+00    0.00000E+00    0.00000E+00    0.00000E+00    0.00000E+00    0.00000E+00
    0.49150E+07    0.00000E+00    0.00000E+00    0.00000E+00    0.00000E+00    0.00000E+00    0.00000E+00
    0.49200E+07    0.00000E+00    0.00000E+00    0.00000E+00    0.00000E+00    0.00000E+00    0.00000E+00
    0.49250E+07    0.00000E+00    0.00000E+00    0.00000E+00    0.00000E+00    0.00000E+00    0.00000E+00
    0.49300E+07    0.00000E+00    0.00000E+00    0.00000E+00    0.00000E+00    0.00000E+00    0.00000E+00
    0.49350E+07    0.00000E+00    0.00000E+00    0.00000E+00    0.00000E+00    0.00000E+00    0.00000E+00
    0.49400E+07    0.00000E+00    0.00000E+00    0.00000E+00    0.00000E+00    0.00000E+00    0.00000E+00
    0.49450E+07    0.00000E+00    0.00000E+00    0.00000E+00    0.00000E+00    0.00000E+00    0.00000E+00
    0.49500E+07    0.00000E+00    0.00000E+00    0.00000E+00    0.00000E+00    0.00000E+00    0.00000E+00
    0.49550E+07    0.00000E+00    0.00000E+00    0.00000E+00    0.00000E+00    0.00000E+00    0.00000E+00
    0.49600E+07    0.00000E+00    0.00000E+00    0.00000E+00    0.00000E+00    0.00000E+00    0.00000E+00
    0.49650E+07    0.00000E+00    0.00000E+00    0.00000E+00    0.00000E+00    0.00000E+00    0.00000E+00
    0.49700E+07    0.00000E+00    0.00000E+00    0.00000E+00    0.00000E+00    0.00000E+00    0.00000E+00
    0.49750E+07    0.00000E+00    0.00000E+00    0.00000E+00    0.00000E+00    0.00000E+00    0.00000E+00
    0.49800E+07    0.00000E+00    0.00000E+00    0.00000E+00    0.00000E+00    0.00000E+00    0.00000E+00
    0.49850E+07    0.00000E+00    0.00000E+00    0.00000E+00    0.00000E+00    0.00000E+00    0.00000E+00
    0.49900E+07    0.00000E+00    0.00000E+00    0.00000E+00    0.00000E+00    0.00000E+00    0.00000E+00
    0.49950E+07    0.00000E+00    0.00000E+00    0.00000E+00    0.00000E+00    0.00000E+00    0.00000E+00
    0.50000E+07    0.00000E+00    0.00000E+00    0.00000E+00    0.00000E+00    0.00000E+00    0.00000E+00
    0.50050E+07    0.00000E+00    0.00000E+00    0.00000E+00    0.00000E+00    0.00000E+00    0.00000E+00
    0.50100E+07    0.00000E+00    0.00000E+00    0.00000E+00    0.00000E+00    0.00000E+00    0.00000E+00
    0.50150E+07    0.00000E+00    0.00000E+00    0.00000E+00    0.00000E+00    0.00000E+00    0.00000E+00
    0.50200E+07    0.00000E+00    0.00000E+00    0.00000E+00    0.00000E+00    0.00000E+00    0.00000E+00
    0.50250E+07    0.00000E+00    0.00000E+00    0.00000E+00    0.00000E+00    0.00000E+00    0.00000E+00
    0.50300E+07    0.00000E+00    0.00000E+00    0.00000E+00    0.00000E+00    0.00000E+00    0.00000E+00
    0.50350E+07    0.00000E+00    0.00000E+00    0.00000E+00    0.00000E+00    0.00000E+00    0.00000E+00
    0.50400E+07    0.00000E+00    0.00000E+00    0.00000E+00    0.00000E+00    0.00000E+00    0.00000E+00
    0.50450E+07    0.00000E+00    0.00000E+00    0.00000E+00    0.00000E+00    0.00000E+00    0.00000E+00
    0.50500E+07    0.00000E+00    0.00000E+00    0.00000E+00    0.00000E+00    0.00000E+00    0.00000E+00
    0.50550E+07    0.00000E+00    0.00000E+00    0.00000E+00    0.00000E+00    0.00000E+00    0.00000E+00
    0.50600E+07    0.00000E+00    0.00000E+00    0.00000E+00    0.00000E+00    0.00000E+00    0.00000E+00
    0.50650E+07    0.00000E+00    0.00000E+00    0.00000E+00    0.00000E+00    0.00000E+00    0.00000E+00
    0.50700E+07    0.00000E+00    0.00000E+00    0.00000E+00    0.00000E+00    0.00000E+00    0.00000E+00
    0.50750E+07    0.00000E+00    0.00000E+00    0.00000E+00    0.00000E+00    0.00000E+00    0.00000E+00
    0.50800E+07    0.00000E+00    0.00000E+00    0.00000E+00    0.00000E+00    0.00000E+00    0.00000E+00
    0.50850E+07    0.00000E+00    0.00000E+00    0.00000E+00    0.00000E+00    0.00000E+00    0.00000E+00
    0.50900E+07    0.00000E+00    0.00000E+00    0.00000E+00    0.00000E+00    0.00000E+00    0.00000E+00
    0.50950E+07    0.00000E+00    0.00000E+00    0.00000E+00    0.00000E+00    0.00000E+00    0.00000E+00
    0.51000E+07    0.00000E+00    0.00000E+00    0.00000E+00    0.00000E+00    0.00000E+00    0.00000E+00
    0.51050E+07    0.00000E+00    0.00000E+00    0.00000E+00    0.00000E+00    0.00000E+00    0.00000E+00
    0.51100E+07    0.00000E+00    0.00000E+00    0.00000E+00    0.00000E+00    0.00000E+00    0.00000E+00
    0.51150E+07    0.00000E+00    0.00000E+00    0.00000E+00    0.00000E+00    0.00000E+00    0.00000E+00
    0.51200E+07    0.00000E+00    0.00000E+00    0.00000E+00    0.00000E+00    0.00000E+00    0.00000E+00
    0.51250E+07    0.00000E+00    0.00000E+00    0.00000E+00    0.00000E+00    0.00000E+00    0.00000E+00
    0.51300E+07    0.00000E+00    0.00000E+00    0.00000E+00    0.00000E+00    0.00000E+00    0.00000E+00
    0.51350E+07    0.00000E+00    0.00000E+00    0.00000E+00    0.00000E+00    0.00000E+00    0.00000E+00
    0.51400E+07    0.00000E+00    0.00000E+00    0.00000E+00    0.00000E+00    0.00000E+00    0.00000E+00
    0.51450E+07    0.00000E+00    0.00000E+00    0.00000E+00    0.00000E+00    0.00000E+00    0.00000E+00
    0.51500E+07    0.00000E+00    0.00000E+00    0.00000E+00    0.00000E+00    0.00000E+00    0.00000E+00
    0.51550E+07    0.00000E+00    0.00000E+00    0.00000E+00    0.00000E+00    0.00000E+00    0.00000E+00
    0.51600E+07    0.00000E+00    0.00000E+00    0.00000E+00    0.00000E+00    0.00000E+00    0.00000E+00
    0.51650E+07    0.00000E+00    0.00000E+00    0.00000E+00    0.00000E+00    0.00000E+00    0.00000E+00
    0.51700E+07    0.00000E+00    0.00000E+00    0.00000E+00    0.00000E+00    0.00000E+00    0.00000E+00
    0.51750E+07    0.00000E+00    0.00000E+00    0.00000E+00    0.00000E+00    0.00000E+00    0.00000E+00
    0.51800E+07    0.00000E+00    0.00000E+00    0.00000E+00    0.00000E+00    0.00000E+00    0.00000E+00
    0.51850E+07    0.00000E+00    0.00000E+00    0.00000E+00    0.00000E+00    0.00000E+00    0.00000E+00
    0.51900E+07    0.00000E+00    0.00000E+00    0.00000E+00    0.00000E+00    0.00000E+00    0.00000E+00
    0.51950E+07    0.00000E+00    0.00000E+00    0.00000E+00    0.00000E+00    0.00000E+00    0.00000E+00
    0.52000E+07    0.00000E+00    0.00000E+00    0.00000E+00    0.00000E+00    0.00000E+00    0.00000E+00
    0.52050E+07    0.00000E+00    0.00000E+00    0.00000E+00    0.00000E+00    0.00000E+00    0.00000E+00
    0.52100E+07    0.00000E+00    0.00000E+00    0.00000E+00    0.00000E+00    0.00000E+00    0.00000E+00
    0.52150E+07    0.00000E+00    0.00000E+00    0.00000E+00    0.00000E+00    0.00000E+00    0.00000E+00
    0.52200E+07    0.00000E+00    0.00000E+00    0.00000E+00    0.00000E+00    0.00000E+00    0.00000E+00
    0.52250E+07    0.00000E+00    0.00000E+00    0.00000E+00    0.00000E+00    0.00000E+00    0.00000E+00
    0.52300E+07    0.00000E+00    0.00000E+00    0.00000E+00    0.00000E+00    0.00000E+00    0.00000E+00
    0.52350E+07    0.00000E+00    0.00000E+00    0.00000E+00    0.00000E+00    0.00000E+00    0.00000E+00
    0.52400E+07    0.00000E+00    0.00000E+00    0.00000E+00    0.00000E+00    0.00000E+00    0.00000E+00
    0.52450E+07    0.00000E+00    0.00000E+00    0.00000E+00    0.00000E+00    0.00000E+00    0.00000E+00
    0.52500E+07    0.00000E+00    0.00000E+00    0.00000E+00    0.00000E+00    0.00000E+00    0.00000E+00
    0.52550E+07    0.00000E+00    0.00000E+00    0.00000E+00    0.00000E+00    0.00000E+00    0.00000E+00
    0.52600E+07    0.00000E+00    0.00000E+00    0.00000E+00    0.00000E+00    0.00000E+00    0.00000E+00
    0.52650E+07    0.00000E+00    0.00000E+00    0.00000E+00    0.00000E+00    0.00000E+00    0.00000E+00
    0.52700E+07    0.00000E+00    0.00000E+00    0.00000E+00    0.00000E+00    0.00000E+00    0.00000E+00
    0.52750E+07    0.00000E+00    0.00000E+00    0.00000E+00    0.00000E+00    0.00000E+00    0.00000E+00
    0.52800E+07    0.00000E+00    0.00000E+00    0.00000E+00    0.00000E+00    0.00000E+00    0.00000E+00
    0.52850E+07    0.00000E+00    0.00000E+00    0.00000E+00    0.00000E+00    0.00000E+00    0.00000E+00
    0.52900E+07    0.00000E+00    0.00000E+00    0.00000E+00    0.00000E+00    0.00000E+00    0.00000E+00
    0.52950E+07    0.00000E+00    0.00000E+00    0.00000E+00    0.00000E+00    0.00000E+00    0.00000E+00
    0.53000E+07    0.00000E+00    0.00000E+00    0.00000E+00    0.00000E+00    0.00000E+00    0.00000E+00
    0.53050E+07    0.00000E+00    0.00000E+00    0.00000E+00    0.00000E+00    0.00000E+00    0.00000E+00
    0.53100E+07    0.00000E+00    0.00000E+00    0.00000E+00    0.00000E+00    0.00000E+00    0.00000E+00
    0.53150E+07    0.00000E+00    0.00000E+00    0.00000E+00    0.00000E+00    0.00000E+00    0.00000E+00
    0.53200E+07    0.00000E+00    0.00000E+00    0.00000E+00    0.00000E+00    0.00000E+00    0.00000E+00
    0.53250E+07    0.00000E+00    0.00000E+00    0.00000E+00    0.00000E+00    0.00000E+00    0.00000E+00
    0.53300E+07    0.00000E+00    0.00000E+00    0.00000E+00    0.00000E+00    0.00000E+00    0.00000E+00
    0.53350E+07    0.00000E+00    0.00000E+00    0.00000E+00    0.00000E+00    0.00000E+00    0.00000E+00
    0.53400E+07    0.00000E+00    0.00000E+00    0.00000E+00    0.00000E+00    0.00000E+00    0.00000E+00
    0.53450E+07    0.00000E+00    0.00000E+00    0.00000E+00    0.00000E+00    0.00000E+00    0.00000E+00
    0.53500E+07    0.00000E+00    0.00000E+00    0.00000E+00    0.00000E+00    0.00000E+00    0.00000E+00
    0.53550E+07    0.00000E+00    0.00000E+00    0.00000E+00    0.00000E+00    0.00000E+00    0.00000E+00
    0.53600E+07    0.00000E+00    0.00000E+00    0.00000E+00    0.00000E+00    0.00000E+00    0.00000E+00
    0.53650E+07    0.00000E+00    0.00000E+00    0.00000E+00    0.00000E+00    0.00000E+00    0.00000E+00
    0.53700E+07    0.00000E+00    0.00000E+00    0.00000E+00    0.00000E+00    0.00000E+00    0.00000E+00
    0.53750E+07    0.00000E+00    0.00000E+00    0.00000E+00    0.00000E+00    0.00000E+00    0.00000E+00
    0.53800E+07    0.00000E+00    0.00000E+00    0.00000E+00    0.00000E+00    0.00000E+00    0.00000E+00
    0.53850E+07    0.00000E+00    0.00000E+00    0.00000E+00    0.00000E+00    0.00000E+00    0.00000E+00
    0.53900E+07    0.00000E+00    0.00000E+00    0.00000E+00    0.00000E+00    0.00000E+00    0.00000E+00
    0.53950E+07    0.00000E+00    0.00000E+00    0.00000E+00    0.00000E+00    0.00000E+00    0.00000E+00
    0.54000E+07    0.00000E+00    0.00000E+00    0.00000E+00    0.00000E+00    0.00000E+00    0.00000E+00
    0.54050E+07    0.00000E+00    0.00000E+00    0.00000E+00    0.00000E+00    0.00000E+00    0.00000E+00
    0.54100E+07    0.00000E+00    0.00000E+00    0.00000E+00    0.00000E+00    0.00000E+00    0.00000E+00
    0.54150E+07    0.00000E+00    0.00000E+00    0.00000E+00    0.00000E+00    0.00000E+00    0.00000E+00
    0.54200E+07    0.00000E+00    0.00000E+00    0.00000E+00    0.00000E+00    0.00000E+00    0.00000E+00
    0.54250E+07    0.00000E+00    0.00000E+00    0.00000E+00    0.00000E+00    0.00000E+00    0.00000E+00
    0.54300E+07    0.00000E+00    0.00000E+00    0.00000E+00    0.00000E+00    0.00000E+00    0.00000E+00
    0.54350E+07    0.00000E+00    0.00000E+00    0.00000E+00    0.00000E+00    0.00000E+00    0.00000E+00
    0.54400E+07    0.00000E+00    0.00000E+00    0.00000E+00    0.00000E+00    0.00000E+00    0.00000E+00
    0.54450E+07    0.00000E+00    0.00000E+00    0.00000E+00    0.00000E+00    0.00000E+00    0.00000E+00
    0.54500E+07    0.00000E+00    0.00000E+00    0.00000E+00    0.00000E+00    0.00000E+00    0.00000E+00
    0.54550E+07    0.00000E+00    0.00000E+00    0.00000E+00    0.00000E+00    0.00000E+00    0.00000E+00
    0.54600E+07    0.00000E+00    0.00000E+00    0.00000E+00    0.00000E+00    0.00000E+00    0.00000E+00
    0.54650E+07    0.00000E+00    0.00000E+00    0.00000E+00    0.00000E+00    0.00000E+00    0.00000E+00
    0.54700E+07    0.37598E-34    0.64421E-34    0.52642E-34    0.00000E+00    0.00000E+00    0.00000E+00
    0.54750E+07    0.13112E-33    0.22473E-33    0.18346E-33    0.00000E+00    0.00000E+00    0.00000E+00
    0.54800E+07    0.24446E-33    0.41886E-33    0.34167E-33    0.00000E+00    0.00000E+00    0.00000E+00
    0.54850E+07    0.45498E-33    0.78015E-33    0.63556E-33    0.00000E+00    0.00000E+00    0.00000E+00
    0.54900E+07    0.84550E-33    0.14518E-32    0.11808E-32    0.00000E+00    0.00000E+00    0.00000E+00
    0.54950E+07    0.15691E-32    0.26987E-32    0.21911E-32    0.00000E+00    0.00000E+00    0.00000E+00
    0.55000E+07    0.29081E-32    0.50111E-32    0.40611E-32    0.00000E+00    0.00000E+00    0.00000E+00
    0.55050E+07    0.53831E-32    0.92941E-32    0.75177E-32    0.00000E+00    0.00000E+00    0.00000E+00
    0.55100E+07    0.99521E-32    0.17217E-31    0.13899E-31    0.00000E+00    0.00000E+00    0.00000E+00
    0.55150E+07    0.18377E-31    0.31857E-31    0.25667E-31    0.00000E+00    0.00000E+00    0.00000E+00
    0.55200E+07    0.33891E-31    0.58876E-31    0.47341E-31    0.00000E+00    0.00000E+00    0.00000E+00
    0.55250E+07    0.62427E-31    0.10868E-30    0.87210E-31    0.00000E+00    0.00000E+00    0.00000E+00
    0.55300E+07    0.11485E-30    0.20036E-30    0.16046E-30    0.00000E+00    0.00000E+00    0.00000E+00
    0.55350E+07    0.21104E-30    0.36895E-30    0.29487E-30    0.00000E+00    0.00000E+00    0.00000E+00
    0.55400E+07    0.38730E-30    0.67859E-30    0.54122E-30    0.00000E+00    0.00000E+00    0.00000E+00
    0.55450E+07    0.70994E-30    0.12466E-29    0.99217E-30    0.00000E+00    0.00000E+00    0.00000E+00
    0.55500E+07    0.12997E-29    0.22871E-29    0.18166E-29    0.00000E+00    0.00000E+00    0.00000E+00
    0.55550E+07    0.23767E-29    0.41913E-29    0.33221E-29    0.00000E+00    0.00000E+00    0.00000E+00
    0.55600E+07    0.43405E-29    0.76715E-29    0.60677E-29    0.00000E+00    0.00000E+00    0.00000E+00
    0.55650E+07    0.79174E-29    0.14024E-28    0.11069E-28    0.00000E+00    0.00000E+00    0.00000E+00
    0.55700E+07    0.14425E-28    0.25607E-28    0.20168E-28    0.00000E+00    0.00000E+00    0.00000E+00
    0.55750E+07    0.26256E-28    0.46699E-28    0.36689E-28    0.00000E+00    0.00000E+00    0.00000E+00
    0.55800E+07    0.47720E-28    0.85066E-28    0.66652E-28    0.00000E+00    0.00000E+00    0.00000E+00
    0.55800E+07    0.47720E-28    0.85066E-28    0.66652E-28    0.00000E+00    0.00000E+00    0.00000E+00
    0.55850E+07    0.86788E-28    0.15461E-27    0.12093E-27    0.00000E+00    0.00000E+00    0.00000E+00
    0.55900E+07    0.15743E-27    0.28082E-27    0.21906E-27    0.00000E+00    0.00000E+00    0.00000E+00
    0.55950E+07    0.28493E-27    0.50950E-27    0.39613E-27    0.00000E+00    0.00000E+00    0.00000E+00
    0.56000E+07    0.51468E-27    0.92313E-27    0.71513E-27    0.00000E+00    0.00000E+00    0.00000E+00
    0.56050E+07    0.92798E-27    0.16701E-26    0.12888E-26    0.00000E+00    0.00000E+00    0.00000E+00
    0.56100E+07    0.16702E-26    0.30166E-26    0.23189E-26    0.00000E+00    0.00000E+00    0.00000E+00
    0.56150E+07    0.30007E-26    0.54400E-26    0.41650E-26    0.00000E+00    0.00000E+00    0.00000E+00
    0.56200E+07    0.53819E-26    0.97943E-26    0.74680E-26    0.00000E+00    0.00000E+00    0.00000E+00
    0.56250E+07    0.96359E-26    0.17604E-25    0.13368E-25    0.00000E+00    0.00000E+00    0.00000E+00
    0.56300E+07    0.17223E-25    0.31589E-25    0.23887E-25    0.00000E+00    0.00000E+00    0.00000E+00
    0.56350E+07    0.30730E-25    0.56589E-25    0.42610E-25    0.00000E+00    0.00000E+00    0.00000E+00
    0.56400E+07    0.54735E-25    0.10120E-24    0.75876E-25    0.00000E+00    0.00000E+00    0.00000E+00
    0.56450E+07    0.97323E-25    0.18068E-24    0.13488E-24    0.00000E+00    0.00000E+00    0.00000E+00
    0.56500E+07    0.17275E-24    0.32202E-24    0.23935E-24    0.00000E+00    0.00000E+00    0.00000E+00
    0.56550E+07    0.30608E-24    0.57294E-24    0.42399E-24    0.00000E+00    0.00000E+00    0.00000E+00
    0.56600E+07    0.54139E-24    0.10177E-23    0.74976E-24    0.00000E+00    0.00000E+00    0.00000E+00
    0.56650E+07    0.95589E-24    0.18044E-23    0.13235E-23    0.00000E+00    0.00000E+00    0.00000E+00
    0.56700E+07    0.16848E-23    0.31939E-23    0.23320E-23    0.00000E+00    0.00000E+00    0.00000E+00
    0.56750E+07    0.29641E-23    0.56437E-23    0.41019E-23    0.00000E+00    0.00000E+00    0.00000E+00
    0.56800E+07    0.52058E-23    0.99550E-23    0.72022E-23    0.00000E+00    0.00000E+00    0.00000E+00
    0.56850E+07    0.91262E-23    0.17529E-22    0.12623E-22    0.00000E+00    0.00000E+00    0.00000E+00
    0.56900E+07    0.15970E-22    0.30812E-22    0.22084E-22    0.00000E+00    0.00000E+00    0.00000E+00
    0.56950E+07    0.27897E-22    0.54064E-22    0.38566E-22    0.00000E+00    0.00000E+00    0.00000E+00
    0.57000E+07    0.48642E-22    0.94696E-22    0.67227E-22    0.00000E+00    0.00000E+00    0.00000E+00
    0.57050E+07    0.84660E-22    0.16557E-21    0.11698E-21    0.00000E+00    0.00000E+00    0.00000E+00
    0.57100E+07    0.14708E-21    0.28898E-21    0.20317E-21    0.00000E+00    0.00000E+00    0.00000E+00
    0.57149E+07    0.25315E-21    0.49968E-21    0.34959E-21    0.00000E+00    0.00000E+00    0.00000E+00
    0.57199E+07    0.43488E-21    0.86240E-21    0.60041E-21    0.00000E+00    0.00000E+00    0.00000E+00
    0.57199E+07    0.61669E-21    0.73532E-21    0.61025E-21    0.00000E+00    0.00000E+00    0.00000E+00
    0.57200E+07    0.62237E-21    0.74981E-21    0.61788E-21    0.00000E+00    0.00000E+00    0.00000E+00
    0.57250E+07    0.89408E-21    0.14448E-20    0.98282E-21    0.00000E+00    0.00000E+00    0.00000E+00
    0.57300E+07    0.13388E-20    0.25889E-20    0.15801E-20    0.00000E+00    0.00000E+00    0.00000E+00
    0.57350E+07    0.20595E-20    0.44537E-20    0.25477E-20    0.00000E+00    0.00000E+00    0.00000E+00
    0.57400E+07    0.32215E-20    0.74777E-20    0.41078E-20    0.00000E+00    0.00000E+00    0.00000E+00
    0.57450E+07    0.50890E-20    0.12367E-19    0.66155E-20    0.00000E+00    0.00000E+00    0.00000E+00
    0.57500E+07    0.80836E-20    0.20252E-19    0.10637E-19    0.00000E+00    0.00000E+00    0.00000E+00
    0.57550E+07    0.12875E-19    0.32946E-19    0.17073E-19    0.00000E+00    0.00000E+00    0.00000E+00
    0.57600E+07    0.20527E-19    0.53340E-19    0.27353E-19    0.00000E+00    0.00000E+00    0.00000E+00
    0.57650E+07    0.32723E-19    0.86043E-19    0.43740E-19    0.00000E+00    0.00000E+00    0.00000E+00
    0.57700E+07    0.52124E-19    0.13838E-18    0.69813E-19    0.00000E+00    0.00000E+00    0.00000E+00
    0.57750E+07    0.82926E-19    0.22200E-18    0.11122E-18    0.00000E+00    0.00000E+00    0.00000E+00
    0.57800E+07    0.13174E-18    0.35534E-18    0.17684E-18    0.00000E+00    0.00000E+00    0.00000E+00
    0.57850E+07    0.20893E-18    0.56756E-18    0.28065E-18    0.00000E+00    0.00000E+00    0.00000E+00
    0.57900E+07    0.33077E-18    0.90468E-18    0.44453E-18    0.00000E+00    0.00000E+00    0.00000E+00
    0.57950E+07    0.52272E-18    0.14392E-17    0.70276E-18    0.00000E+00    0.00000E+00    0.00000E+00
    0.58000E+07    0.82451E-18    0.22851E-17    0.11088E-17    0.00000E+00    0.00000E+00    0.00000E+00
    0.58050E+07    0.12981E-17    0.36213E-17    0.17462E-17    0.00000E+00    0.00000E+00    0.00000E+00
    0.58100E+07    0.20397E-17    0.57278E-17    0.27445E-17    0.00000E+00    0.00000E+00    0.00000E+00
    0.58150E+07    0.31988E-17    0.90424E-17    0.43051E-17    0.00000E+00    0.00000E+00    0.00000E+00
    0.58200E+07    0.50068E-17    0.14248E-16    0.67398E-17    0.00000E+00    0.00000E+00    0.00000E+00
    0.58250E+07    0.78212E-17    0.22407E-16    0.10531E-16    0.00000E+00    0.00000E+00    0.00000E+00
    0.58300E+07    0.12194E-16    0.35171E-16    0.16421E-16    0.00000E+00    0.00000E+00    0.00000E+00
    0.58350E+07    0.18972E-16    0.55099E-16    0.25555E-16    0.00000E+00    0.00000E+00    0.00000E+00
    0.58400E+07    0.29461E-16    0.86153E-16    0.39690E-16    0.00000E+00    0.00000E+00    0.00000E+00
    0.58450E+07    0.45655E-16    0.13445E-15    0.61519E-16    0.00000E+00    0.00000E+00    0.00000E+00
    0.58500E+07    0.70610E-16    0.20941E-15    0.95162E-16    0.00000E+00    0.00000E+00    0.00000E+00
    0.58550E+07    0.10898E-15    0.32553E-15    0.14691E-15    0.00000E+00    0.00000E+00    0.00000E+00
    0.58600E+07    0.16787E-15    0.50504E-15    0.22632E-15    0.00000E+00    0.00000E+00    0.00000E+00
    0.58636E+07    0.22788E-15    0.68914E-15    0.30727E-15    0.00000E+00    0.00000E+00    0.00000E+00
    0.58636E+07    0.24155E-15    0.67232E-15    0.29965E-15    0.00000E+00    0.00000E+00    0.00000E+00
    0.58668E+07    0.31018E-15    0.89824E-15    0.39058E-15    0.00000E+00    0.00000E+00    0.00000E+00
    0.58700E+07    0.39927E-15    0.11937E-14    0.50859E-15    0.00000E+00    0.00000E+00    0.00000E+00
    0.58750E+07    0.59235E-15    0.18405E-14    0.76427E-15    0.00000E+00    0.00000E+00    0.00000E+00
    0.58800E+07    0.88014E-15    0.28162E-14    0.11453E-14    0.00000E+00    0.00000E+00    0.00000E+00
    0.58850E+07    0.13078E-14    0.42836E-14    0.17112E-14    0.00000E+00    0.00000E+00    0.00000E+00
    0.58900E+07    0.19411E-14    0.64842E-14    0.25493E-14    0.00000E+00    0.00000E+00    0.00000E+00
    0.58950E+07    0.28763E-14    0.97746E-14    0.37863E-14    0.00000E+00    0.00000E+00    0.00000E+00
    0.59000E+07    0.42526E-14    0.14680E-13    0.56067E-14    0.00000E+00    0.00000E+00    0.00000E+00
    0.59050E+07    0.62720E-14    0.21972E-13    0.82766E-14    0.00000E+00    0.00000E+00    0.00000E+00
    0.59100E+07    0.92251E-14    0.32779E-13    0.12180E-13    0.00000E+00    0.00000E+00    0.00000E+00
    0.59150E+07    0.13530E-13    0.48747E-13    0.17868E-13    0.00000E+00    0.00000E+00    0.00000E+00
    0.59200E+07    0.19783E-13    0.72269E-13    0.26130E-13    0.00000E+00    0.00000E+00    0.00000E+00
    0.59250E+07    0.28839E-13    0.10682E-12    0.38089E-13    0.00000E+00    0.00000E+00    0.00000E+00
    0.59300E+07    0.41907E-13    0.15740E-12    0.55341E-13    0.00000E+00    0.00000E+00    0.00000E+00
    0.59350E+07    0.60701E-13    0.23122E-12    0.80144E-13    0.00000E+00    0.00000E+00    0.00000E+00
    0.59400E+07    0.87638E-13    0.33863E-12    0.11568E-12    0.00000E+00    0.00000E+00    0.00000E+00
    0.59450E+07    0.12611E-12    0.49441E-12    0.16641E-12    0.00000E+00    0.00000E+00    0.00000E+00
    0.59500E+07    0.18086E-12    0.71961E-12    0.23857E-12    0.00000E+00    0.00000E+00    0.00000E+00
    0.59529E+07    0.22233E-12    0.89230E-12    0.29320E-12    0.00000E+00    0.00000E+00    0.00000E+00
    0.59558E+07    0.27301E-12    0.11053E-11    0.35996E-12    0.00000E+00    0.00000E+00    0.00000E+00
    0.59558E+07    0.32012E-12    0.10237E-11    0.33386E-12    0.00000E+00    0.00000E+00    0.00000E+00
    0.59600E+07    0.39130E-12    0.14390E-11    0.42484E-12    0.00000E+00    0.00000E+00    0.00000E+00
    0.59650E+07    0.50048E-12    0.20955E-11    0.56360E-12    0.00000E+00    0.00000E+00    0.00000E+00
    0.59700E+07    0.64384E-12    0.29866E-11    0.74470E-12    0.00000E+00    0.00000E+00    0.00000E+00
    0.59750E+07    0.83053E-12    0.41875E-11    0.97907E-12    0.00000E+00    0.00000E+00    0.00000E+00
    0.59800E+07    0.10717E-11    0.57955E-11    0.12799E-11    0.00000E+00    0.00000E+00    0.00000E+00
    0.59850E+07    0.13809E-11    0.79353E-11    0.16631E-11    0.00000E+00    0.00000E+00    0.00000E+00
    0.59900E+07    0.17743E-11    0.10766E-10    0.21472E-11    0.00000E+00    0.00000E+00    0.00000E+00
    0.59950E+07    0.22708E-11    0.14487E-10    0.27538E-11    0.00000E+00    0.00000E+00    0.00000E+00
    0.60000E+07    0.28923E-11    0.19350E-10    0.35071E-11    0.00000E+00    0.00000E+00    0.00000E+00
    0.60050E+07    0.36640E-11    0.25667E-10    0.44342E-11    0.00000E+00    0.00000E+00    0.00000E+00
    0.60100E+07    0.46136E-11    0.33820E-10    0.55643E-11    0.00000E+00    0.00000E+00    0.00000E+00
    0.60150E+07    0.57714E-11    0.44276E-10    0.69278E-11    0.00000E+00    0.00000E+00    0.00000E+00
    0.60200E+07    0.71694E-11    0.57596E-10    0.85548E-11    0.00000E+00    0.00000E+00    0.00000E+00
    0.60250E+07    0.88403E-11    0.74452E-10    0.10473E-10    0.00000E+00    0.00000E+00    0.00000E+00
    0.60300E+07    0.10815E-10    0.95633E-10    0.12706E-10    0.00000E+00    0.00000E+00    0.00000E+00
    0.60350E+07    0.13123E-10    0.12206E-09    0.15269E-10    0.00000E+00    0.00000E+00    0.00000E+00
    0.60400E+07    0.15784E-10    0.15478E-09    0.18162E-10    0.00000E+00    0.00000E+00    0.00000E+00
    0.60450E+07    0.18813E-10    0.19498E-09    0.21372E-10    0.00000E+00    0.00000E+00    0.00000E+00
    0.60500E+07    0.22206E-10    0.24399E-09    0.24858E-10    0.00000E+00    0.00000E+00    0.00000E+00
    0.60550E+07    0.25944E-10    0.30322E-09    0.28550E-10    0.00000E+00    0.00000E+00    0.00000E+00
    0.60600E+07    0.29985E-10    0.37419E-09    0.32343E-10    0.00000E+00    0.00000E+00    0.00000E+00
    0.60650E+07    0.34256E-10    0.45843E-09    0.36087E-10    0.00000E+00    0.00000E+00    0.00000E+00
    0.60700E+07    0.38654E-10    0.55749E-09    0.39583E-10    0.00000E+00    0.00000E+00    0.00000E+00
    0.60750E+07    0.43041E-10    0.67276E-09    0.42583E-10    0.00000E+00    0.00000E+00    0.00000E+00
    0.60800E+07    0.47242E-10    0.80546E-09    0.44784E-10    0.00000E+00    0.00000E+00    0.00000E+00
    0.60850E+07    0.51045E-10    0.95647E-09    0.45836E-10    0.00000E+00    0.00000E+00    0.00000E+00
    0.60900E+07    0.54213E-10    0.11262E-08    0.45348E-10    0.00000E+00    0.00000E+00    0.00000E+00
    0.60950E+07    0.56486E-10    0.13144E-08    0.42905E-10    0.00000E+00    0.00000E+00    0.00000E+00
    0.61000E+07    0.57603E-10    0.15200E-08    0.38099E-10    0.00000E+00    0.00000E+00    0.00000E+00
    0.61050E+07    0.57318E-10    0.17410E-08    0.30539E-10    0.00000E+00    0.00000E+00    0.00000E+00
    0.61100E+07    0.55434E-10    0.19742E-08    0.19916E-10    0.00000E+00    0.00000E+00    0.00000E+00
    0.61150E+07    0.51829E-10    0.22153E-08    0.60396E-11    0.00000E+00    0.00000E+00    0.00000E+00
    0.61200E+07    0.46501E-10    0.24586E-08   -0.11110E-10    0.00000E+00    0.00000E+00    0.00000E+00
    0.61250E+07    0.39600E-10    0.26969E-08   -0.31327E-10    0.00000E+00    0.00000E+00    0.00000E+00
    0.61300E+07    0.31468E-10    0.29220E-08   -0.54127E-10    0.00000E+00    0.00000E+00    0.00000E+00
    0.61350E+07    0.22668E-10    0.31244E-08   -0.78700E-10    0.00000E+00    0.00000E+00    0.00000E+00
    0.61400E+07    0.13999E-10    0.32942E-08   -0.10392E-09    0.00000E+00    0.00000E+00    0.00000E+00
    0.61450E+07    0.64963E-11    0.34210E-08   -0.12830E-09    0.00000E+00    0.00000E+00    0.00000E+00
    0.61500E+07    0.14041E-11    0.34949E-08   -0.15005E-09    0.00000E+00    0.00000E+00    0.00000E+00
    0.61550E+07    0.11780E-12    0.35071E-08   -0.16716E-09    0.00000E+00    0.00000E+00    0.00000E+00
    0.61600E+07    0.40927E-11    0.34506E-08   -0.17754E-09    0.00000E+00    0.00000E+00    0.00000E+00
    0.61650E+07    0.14718E-10    0.33214E-08   -0.17913E-09    0.00000E+00    0.00000E+00    0.00000E+00
    0.61700E+07    0.33162E-10    0.31188E-08   -0.17020E-09    0.00000E+00    0.00000E+00    0.00000E+00
    0.61750E+07    0.60190E-10    0.28468E-08   -0.14951E-09    0.00000E+00    0.00000E+00    0.00000E+00
    0.61800E+07    0.95984E-10    0.25138E-08   -0.11660E-09    0.00000E+00    0.00000E+00    0.00000E+00
    0.61850E+07    0.13997E-09    0.21336E-08   -0.72020E-10    0.00000E+00    0.00000E+00    0.00000E+00
    0.61900E+07    0.19070E-09    0.17244E-08   -0.17480E-10    0.00000E+00    0.00000E+00    0.00000E+00
    0.61950E+07    0.24575E-09    0.13087E-08    0.44013E-10    0.00000E+00    0.00000E+00    0.00000E+00
    0.62000E+07    0.30180E-09    0.91153E-09    0.10824E-09    0.00000E+00    0.00000E+00    0.00000E+00
    0.62049E+07    0.35416E-09    0.56312E-09    0.16923E-09    0.00000E+00    0.00000E+00    0.00000E+00
    0.62049E+07    0.36238E-09    0.56824E-09    0.18135E-09    0.00000E+00    0.00000E+00    0.00000E+00
    0.62075E+07    0.38076E-09    0.41283E-09    0.20586E-09    0.00000E+00    0.00000E+00    0.00000E+00
    0.62100E+07    0.39602E-09    0.27945E-09    0.22639E-09    0.00000E+00    0.00000E+00    0.00000E+00
    0.62150E+07    0.41644E-09    0.88762E-10    0.25456E-09    0.00000E+00    0.00000E+00    0.00000E+00
    0.62200E+07    0.42362E-09    0.39676E-11    0.26597E-09    0.00000E+00    0.00000E+00    0.00000E+00
    0.62250E+07    0.41804E-09    0.29768E-10    0.26128E-09    0.00000E+00    0.00000E+00    0.00000E+00
    0.62300E+07    0.40093E-09    0.16415E-09    0.24213E-09    0.00000E+00    0.00000E+00    0.00000E+00
    0.62350E+07    0.37406E-09    0.39913E-09    0.21089E-09    0.00000E+00    0.00000E+00    0.00000E+00
    0.62400E+07    0.33964E-09    0.72172E-09    0.17043E-09    0.00000E+00    0.00000E+00    0.00000E+00
    0.62450E+07    0.30000E-09    0.11152E-08    0.12384E-09    0.00000E+00    0.00000E+00    0.00000E+00
    0.62500E+07    0.25752E-09    0.15603E-08    0.74206E-10    0.00000E+00    0.00000E+00    0.00000E+00
    0.62550E+07    0.21441E-09    0.20367E-08    0.24428E-10    0.00000E+00    0.00000E+00    0.00000E+00
    0.62600E+07    0.17261E-09    0.25240E-08   -0.22957E-10    0.00000E+00    0.00000E+00    0.00000E+00
    0.62650E+07    0.13374E-09    0.30028E-08   -0.65854E-10    0.00000E+00    0.00000E+00    0.00000E+00
    0.62700E+07    0.99030E-10    0.34555E-08   -0.10268E-09    0.00000E+00    0.00000E+00    0.00000E+00
    0.62750E+07    0.69305E-10    0.38674E-08   -0.13238E-09    0.00000E+00    0.00000E+00    0.00000E+00
    0.62800E+07    0.45024E-10    0.42264E-08   -0.15439E-09    0.00000E+00    0.00000E+00    0.00000E+00
    0.62850E+07    0.26300E-10    0.45235E-08   -0.16865E-09    0.00000E+00    0.00000E+00    0.00000E+00
    0.62900E+07    0.12953E-10    0.47531E-08   -0.17546E-09    0.00000E+00    0.00000E+00    0.00000E+00
    0.62950E+07    0.45727E-11    0.49126E-08   -0.17543E-09    0.00000E+00    0.00000E+00    0.00000E+00
    0.63000E+07    0.57746E-12    0.50019E-08   -0.16945E-09    0.00000E+00    0.00000E+00    0.00000E+00
    0.63025E+07    0.13703E-13    0.50208E-08   -0.16461E-09    0.00000E+00    0.00000E+00    0.00000E+00
    0.63025E+07    0.11183E-13    0.53656E-08    0.25473E-09    0.00000E+00    0.00000E+00    0.00000E+00
    0.63062E+07    0.21376E-11    0.53993E-08    0.25414E-09    0.00000E+00    0.00000E+00    0.00000E+00
    0.63100E+07    0.78735E-11    0.54873E-08    0.25847E-09    0.00000E+00    0.00000E+00    0.00000E+00
    0.63150E+07    0.20949E-10    0.56891E-08    0.27168E-09    0.00000E+00    0.00000E+00    0.00000E+00
    0.63200E+07    0.40294E-10    0.59926E-08    0.29335E-09    0.00000E+00    0.00000E+00    0.00000E+00
    0.63250E+07    0.66109E-10    0.64056E-08    0.32372E-09    0.00000E+00    0.00000E+00    0.00000E+00
    0.63300E+07    0.98764E-10    0.69391E-08    0.36321E-09    0.00000E+00    0.00000E+00    0.00000E+00
    0.63350E+07    0.13878E-09    0.76074E-08    0.41244E-09    0.00000E+00    0.00000E+00    0.00000E+00
    0.63400E+07    0.18684E-09    0.84285E-08    0.47229E-09    0.00000E+00    0.00000E+00    0.00000E+00
    0.63450E+07    0.24375E-09    0.94240E-08    0.54375E-09    0.00000E+00    0.00000E+00    0.00000E+00
    0.63500E+07    0.31049E-09    0.10620E-07    0.62802E-09    0.00000E+00    0.00000E+00    0.00000E+00
    0.63545E+07    0.37985E-09    0.11893E-07    0.71594E-09    0.00000E+00    0.00000E+00    0.00000E+00
    0.63590E+07    0.45898E-09    0.13379E-07    0.81649E-09    0.00000E+00    0.00000E+00    0.00000E+00
    0.63590E+07    0.10200E-08    0.92421E-08   -0.29472E-08    0.00000E+00    0.00000E+00    0.00000E+00
    0.63600E+07    0.76193E-09    0.96506E-08   -0.32656E-08    0.00000E+00    0.00000E+00    0.00000E+00
    0.63629E+07    0.21250E-09    0.10522E-07   -0.39478E-08    0.00000E+00    0.00000E+00    0.00000E+00
    0.63658E+07    0.13055E-11    0.10862E-07   -0.42195E-08    0.00000E+00    0.00000E+00    0.00000E+00
    0.63658E+07    0.16914E-09    0.13442E-08   -0.10365E-07    0.00000E+00    0.00000E+00    0.00000E+00
    0.63660E+07    0.28488E-28    0.13510E-08   -0.10471E-07    0.00000E+00    0.00000E+00    0.00000E+00
    0.63660E+07    0.00000E+00    0.00000E+00    0.00000E+00    0.00000E+00    0.00000E+00    0.00000E+00
    0.63710E+07    0.00000E+00    0.00000E+00    0.00000E+00    0.00000E+00    0.00000E+00    0.00000E+00
