    0.34800E+07    0.00000E+00    0.00000E+00    0.00000E+00    0.00000E+00    0.00000E+00    0.00000E+00
    0.34850E+07    0.00000E+00    0.00000E+00    0.00000E+00    0.00000E+00    0.00000E+00    0.00000E+00
    0.34900E+07    0.00000E+00    0.00000E+00    0.00000E+00    0.00000E+00    0.00000E+00    0.00000E+00
    0.34950E+07    0.00000E+00    0.00000E+00    0.00000E+00    0.00000E+00    0.00000E+00    0.00000E+00
    0.35000E+07    0.00000E+00    0.00000E+00    0.00000E+00    0.00000E+00    0.00000E+00    0.00000E+00
    0.35050E+07    0.00000E+00    0.00000E+00    0.00000E+00    0.00000E+00    0.00000E+00    0.00000E+00
    0.35100E+07    0.00000E+00    0.00000E+00    0.00000E+00    0.00000E+00    0.00000E+00    0.00000E+00
    0.35150E+07    0.00000E+00    0.00000E+00    0.00000E+00    0.00000E+00    0.00000E+00    0.00000E+00
    0.35200E+07    0.00000E+00    0.00000E+00    0.00000E+00    0.00000E+00    0.00000E+00    0.00000E+00
    0.35250E+07    0.00000E+00    0.00000E+00    0.00000E+00    0.00000E+00    0.00000E+00    0.00000E+00
    0.35300E+07    0.00000E+00    0.00000E+00    0.00000E+00    0.00000E+00    0.00000E+00    0.00000E+00
    0.35350E+07    0.00000E+00    0.00000E+00    0.00000E+00    0.00000E+00    0.00000E+00    0.00000E+00
    0.35400E+07    0.00000E+00    0.00000E+00    0.00000E+00    0.00000E+00    0.00000E+00    0.00000E+00
    0.35450E+07    0.00000E+00    0.00000E+00    0.00000E+00    0.00000E+00    0.00000E+00    0.00000E+00
    0.35500E+07    0.00000E+00    0.00000E+00    0.00000E+00    0.00000E+00    0.00000E+00    0.00000E+00
    0.35550E+07    0.00000E+00    0.00000E+00    0.00000E+00    0.00000E+00    0.00000E+00    0.00000E+00
    0.35600E+07    0.00000E+00    0.00000E+00    0.00000E+00    0.00000E+00    0.00000E+00    0.00000E+00
    0.35650E+07    0.00000E+00    0.00000E+00    0.00000E+00    0.00000E+00    0.00000E+00    0.00000E+00
    0.35700E+07    0.00000E+00    0.00000E+00    0.00000E+00    0.00000E+00    0.00000E+00    0.00000E+00
    0.35750E+07    0.00000E+00    0.00000E+00    0.00000E+00    0.00000E+00    0.00000E+00    0.00000E+00
    0.35800E+07    0.00000E+00    0.00000E+00    0.00000E+00    0.00000E+00    0.00000E+00    0.00000E+00
    0.35850E+07    0.00000E+00    0.00000E+00    0.00000E+00    0.00000E+00    0.00000E+00    0.00000E+00
    0.35900E+07    0.00000E+00    0.00000E+00    0.00000E+00    0.00000E+00    0.00000E+00    0.00000E+00
    0.35950E+07    0.00000E+00    0.00000E+00    0.00000E+00    0.00000E+00    0.00000E+00    0.00000E+00
    0.36000E+07    0.00000E+00    0.00000E+00    0.00000E+00    0.00000E+00    0.00000E+00    0.00000E+00
    0.36050E+07    0.00000E+00    0.00000E+00    0.00000E+00    0.00000E+00    0.00000E+00    0.00000E+00
    0.36100E+07    0.23514E-33    0.30693E-33    0.31584E-33    0.00000E+00    0.00000E+00    0.00000E+00
    0.36150E+07    0.28370E-33    0.37028E-33    0.38109E-33    0.00000E+00    0.00000E+00    0.00000E+00
    0.36200E+07    0.34216E-33    0.44659E-33    0.45966E-33    0.00000E+00    0.00000E+00    0.00000E+00
    0.36250E+07    0.41250E-33    0.53849E-33    0.55426E-33    0.00000E+00    0.00000E+00    0.00000E+00
    0.36300E+07    0.49712E-33    0.64911E-33    0.66811E-33    0.00000E+00    0.00000E+00    0.00000E+00
    0.36300E+07    0.70661E-33    0.92277E-33    0.94991E-33    0.00000E+00    0.00000E+00    0.00000E+00
    0.36350E+07    0.85271E-33    0.11125E-32    0.11454E-32    0.00000E+00    0.00000E+00    0.00000E+00
    0.36400E+07    0.10285E-32    0.13410E-32    0.13807E-32    0.00000E+00    0.00000E+00    0.00000E+00
    0.36450E+07    0.12400E-32    0.16161E-32    0.16637E-32    0.00000E+00    0.00000E+00    0.00000E+00
    0.36500E+07    0.14943E-32    0.19472E-32    0.20041E-32    0.00000E+00    0.00000E+00    0.00000E+00
    0.36550E+07    0.17999E-32    0.23456E-32    0.24134E-32    0.00000E+00    0.00000E+00    0.00000E+00
    0.36600E+07    0.21672E-32    0.28247E-32    0.29052E-32    0.00000E+00    0.00000E+00    0.00000E+00
    0.36650E+07    0.26084E-32    0.34007E-32    0.34961E-32    0.00000E+00    0.00000E+00    0.00000E+00
    0.36700E+07    0.31382E-32    0.40931E-32    0.42057E-32    0.00000E+00    0.00000E+00    0.00000E+00
    0.36750E+07    0.37742E-32    0.49249E-32    0.50577E-32    0.00000E+00    0.00000E+00    0.00000E+00
    0.36800E+07    0.45375E-32    0.59240E-32    0.60802E-32    0.00000E+00    0.00000E+00    0.00000E+00
    0.36850E+07    0.54531E-32    0.71237E-32    0.73071E-32    0.00000E+00    0.00000E+00    0.00000E+00
    0.36900E+07    0.65511E-32    0.85637E-32    0.87785E-32    0.00000E+00    0.00000E+00    0.00000E+00
    0.36950E+07    0.78674E-32    0.10292E-31    0.10543E-31    0.00000E+00    0.00000E+00    0.00000E+00
    0.37000E+07    0.94450E-32    0.12364E-31    0.12658E-31    0.00000E+00    0.00000E+00    0.00000E+00
    0.37050E+07    0.11335E-31    0.14850E-31    0.15191E-31    0.00000E+00    0.00000E+00    0.00000E+00
    0.37100E+07    0.13599E-31    0.17829E-31    0.18227E-31    0.00000E+00    0.00000E+00    0.00000E+00
    0.37150E+07    0.16309E-31    0.21399E-31    0.21861E-31    0.00000E+00    0.00000E+00    0.00000E+00
    0.37200E+07    0.19553E-31    0.25676E-31    0.26211E-31    0.00000E+00    0.00000E+00    0.00000E+00
    0.37250E+07    0.23433E-31    0.30799E-31    0.31417E-31    0.00000E+00    0.00000E+00    0.00000E+00
    0.37300E+07    0.28075E-31    0.36931E-31    0.37644E-31    0.00000E+00    0.00000E+00    0.00000E+00
    0.37350E+07    0.33626E-31    0.44270E-31    0.45091E-31    0.00000E+00    0.00000E+00    0.00000E+00
    0.37400E+07    0.40260E-31    0.53050E-31    0.53994E-31    0.00000E+00    0.00000E+00    0.00000E+00
    0.37450E+07    0.48188E-31    0.63552E-31    0.64634E-31    0.00000E+00    0.00000E+00    0.00000E+00
    0.37500E+07    0.57657E-31    0.76108E-31    0.77344E-31    0.00000E+00    0.00000E+00    0.00000E+00
    0.37550E+07    0.68966E-31    0.91116E-31    0.92525E-31    0.00000E+00    0.00000E+00    0.00000E+00
    0.37600E+07    0.82464E-31    0.10905E-30    0.11065E-30    0.00000E+00    0.00000E+00    0.00000E+00
    0.37650E+07    0.98574E-31    0.13047E-30    0.13228E-30    0.00000E+00    0.00000E+00    0.00000E+00
    0.37700E+07    0.11779E-30    0.15605E-30    0.15809E-30    0.00000E+00    0.00000E+00    0.00000E+00
    0.37750E+07    0.14071E-30    0.18658E-30    0.18888E-30    0.00000E+00    0.00000E+00    0.00000E+00
    0.37800E+07    0.16804E-30    0.22302E-30    0.22558E-30    0.00000E+00    0.00000E+00    0.00000E+00
    0.37850E+07    0.20061E-30    0.26649E-30    0.26934E-30    0.00000E+00    0.00000E+00    0.00000E+00
    0.37900E+07    0.23941E-30    0.31833E-30    0.32148E-30    0.00000E+00    0.00000E+00    0.00000E+00
    0.37950E+07    0.28563E-30    0.38013E-30    0.38359E-30    0.00000E+00    0.00000E+00    0.00000E+00
    0.38000E+07    0.34066E-30    0.45380E-30    0.45756E-30    0.00000E+00    0.00000E+00    0.00000E+00
    0.38050E+07    0.40616E-30    0.54156E-30    0.54562E-30    0.00000E+00    0.00000E+00    0.00000E+00
    0.38100E+07    0.48411E-30    0.64610E-30    0.65041E-30    0.00000E+00    0.00000E+00    0.00000E+00
    0.38150E+07    0.57683E-30    0.77058E-30    0.77509E-30    0.00000E+00    0.00000E+00    0.00000E+00
    0.38200E+07    0.68710E-30    0.91874E-30    0.92337E-30    0.00000E+00    0.00000E+00    0.00000E+00
    0.38250E+07    0.81818E-30    0.10951E-29    0.10997E-29    0.00000E+00    0.00000E+00    0.00000E+00
    0.38300E+07    0.97396E-30    0.13048E-29    0.13092E-29    0.00000E+00    0.00000E+00    0.00000E+00
    0.38350E+07    0.11590E-29    0.15542E-29    0.15583E-29    0.00000E+00    0.00000E+00    0.00000E+00
    0.38400E+07    0.13789E-29    0.18508E-29    0.18540E-29    0.00000E+00    0.00000E+00    0.00000E+00
    0.38450E+07    0.16399E-29    0.22032E-29    0.22053E-29    0.00000E+00    0.00000E+00    0.00000E+00
    0.38500E+07    0.19497E-29    0.26220E-29    0.26222E-29    0.00000E+00    0.00000E+00    0.00000E+00
    0.38550E+07    0.23173E-29    0.31194E-29    0.31171E-29    0.00000E+00    0.00000E+00    0.00000E+00
    0.38600E+07    0.27533E-29    0.37099E-29    0.37041E-29    0.00000E+00    0.00000E+00    0.00000E+00
    0.38650E+07    0.32704E-29    0.44110E-29    0.44004E-29    0.00000E+00    0.00000E+00    0.00000E+00
    0.38700E+07    0.38834E-29    0.52429E-29    0.52259E-29    0.00000E+00    0.00000E+00    0.00000E+00
    0.38750E+07    0.46098E-29    0.62297E-29    0.62043E-29    0.00000E+00    0.00000E+00    0.00000E+00
    0.38800E+07    0.54705E-29    0.74001E-29    0.73637E-29    0.00000E+00    0.00000E+00    0.00000E+00
    0.38850E+07    0.64899E-29    0.87876E-29    0.87370E-29    0.00000E+00    0.00000E+00    0.00000E+00
    0.38900E+07    0.76968E-29    0.10432E-28    0.10363E-28    0.00000E+00    0.00000E+00    0.00000E+00
    0.38950E+07    0.91253E-29    0.12381E-28    0.12288E-28    0.00000E+00    0.00000E+00    0.00000E+00
    0.39000E+07    0.10816E-28    0.14689E-28    0.14567E-28    0.00000E+00    0.00000E+00    0.00000E+00
    0.39050E+07    0.12815E-28    0.17422E-28    0.17262E-28    0.00000E+00    0.00000E+00    0.00000E+00
    0.39100E+07    0.15180E-28    0.20657E-28    0.20450E-28    0.00000E+00    0.00000E+00    0.00000E+00
    0.39150E+07    0.17975E-28    0.24486E-28    0.24219E-28    0.00000E+00    0.00000E+00    0.00000E+00
    0.39200E+07    0.21279E-28    0.29015E-28    0.28675E-28    0.00000E+00    0.00000E+00    0.00000E+00
    0.39250E+07    0.25182E-28    0.34372E-28    0.33939E-28    0.00000E+00    0.00000E+00    0.00000E+00
    0.39300E+07    0.29793E-28    0.40706E-28    0.40158E-28    0.00000E+00    0.00000E+00    0.00000E+00
    0.39350E+07    0.35236E-28    0.48193E-28    0.47502E-28    0.00000E+00    0.00000E+00    0.00000E+00
    0.39400E+07    0.41662E-28    0.57039E-28    0.56172E-28    0.00000E+00    0.00000E+00    0.00000E+00
    0.39450E+07    0.49245E-28    0.67490E-28    0.66405E-28    0.00000E+00    0.00000E+00    0.00000E+00
    0.39500E+07    0.58190E-28    0.79831E-28    0.78478E-28    0.00000E+00    0.00000E+00    0.00000E+00
    0.39550E+07    0.68739E-28    0.94400E-28    0.92717E-28    0.00000E+00    0.00000E+00    0.00000E+00
    0.39600E+07    0.81176E-28    0.11160E-27    0.10951E-27    0.00000E+00    0.00000E+00    0.00000E+00
    0.39650E+07    0.95835E-28    0.13188E-27    0.12930E-27    0.00000E+00    0.00000E+00    0.00000E+00
    0.39700E+07    0.11311E-27    0.15581E-27    0.15263E-27    0.00000E+00    0.00000E+00    0.00000E+00
    0.39750E+07    0.13345E-27    0.18403E-27    0.18010E-27    0.00000E+00    0.00000E+00    0.00000E+00
    0.39800E+07    0.15741E-27    0.21730E-27    0.21247E-27    0.00000E+00    0.00000E+00    0.00000E+00
    0.39850E+07    0.18561E-27    0.25650E-27    0.25057E-27    0.00000E+00    0.00000E+00    0.00000E+00
    0.39900E+07    0.21880E-27    0.30269E-27    0.29542E-27    0.00000E+00    0.00000E+00    0.00000E+00
    0.39950E+07    0.25785E-27    0.35708E-27    0.34819E-27    0.00000E+00    0.00000E+00    0.00000E+00
    0.40000E+07    0.30378E-27    0.42113E-27    0.41026E-27    0.00000E+00    0.00000E+00    0.00000E+00
    0.40050E+07    0.35779E-27    0.49652E-27    0.48326E-27    0.00000E+00    0.00000E+00    0.00000E+00
    0.40100E+07    0.42126E-27    0.58524E-27    0.56908E-27    0.00000E+00    0.00000E+00    0.00000E+00
    0.40150E+07    0.49586E-27    0.68961E-27    0.66994E-27    0.00000E+00    0.00000E+00    0.00000E+00
    0.40200E+07    0.58349E-27    0.81235E-27    0.78845E-27    0.00000E+00    0.00000E+00    0.00000E+00
    0.40250E+07    0.68641E-27    0.95667E-27    0.92765E-27    0.00000E+00    0.00000E+00    0.00000E+00
    0.40300E+07    0.80724E-27    0.11263E-26    0.10911E-26    0.00000E+00    0.00000E+00    0.00000E+00
    0.40350E+07    0.94907E-27    0.13256E-26    0.12830E-26    0.00000E+00    0.00000E+00    0.00000E+00
    0.40400E+07    0.11155E-26    0.15597E-26    0.15081E-26    0.00000E+00    0.00000E+00    0.00000E+00
    0.40450E+07    0.13107E-26    0.18347E-26    0.17723E-26    0.00000E+00    0.00000E+00    0.00000E+00
    0.40500E+07    0.15396E-26    0.21575E-26    0.20822E-26    0.00000E+00    0.00000E+00    0.00000E+00
    0.40550E+07    0.18080E-26    0.25364E-26    0.24455E-26    0.00000E+00    0.00000E+00    0.00000E+00
    0.40600E+07    0.21226E-26    0.29809E-26    0.28713E-26    0.00000E+00    0.00000E+00    0.00000E+00
    0.40650E+07    0.24911E-26    0.35024E-26    0.33704E-26    0.00000E+00    0.00000E+00    0.00000E+00
    0.40700E+07    0.29228E-26    0.41139E-26    0.39550E-26    0.00000E+00    0.00000E+00    0.00000E+00
    0.40750E+07    0.34284E-26    0.48307E-26    0.46397E-26    0.00000E+00    0.00000E+00    0.00000E+00
    0.40800E+07    0.40202E-26    0.56709E-26    0.54413E-26    0.00000E+00    0.00000E+00    0.00000E+00
    0.40850E+07    0.47128E-26    0.66553E-26    0.63796E-26    0.00000E+00    0.00000E+00    0.00000E+00
    0.40900E+07    0.55231E-26    0.78084E-26    0.74776E-26    0.00000E+00    0.00000E+00    0.00000E+00
    0.40950E+07    0.64709E-26    0.91587E-26    0.87620E-26    0.00000E+00    0.00000E+00    0.00000E+00
    0.41000E+07    0.75791E-26    0.10739E-25    0.10264E-25    0.00000E+00    0.00000E+00    0.00000E+00
    0.41050E+07    0.88746E-26    0.12589E-25    0.12020E-25    0.00000E+00    0.00000E+00    0.00000E+00
    0.41100E+07    0.10389E-25    0.14754E-25    0.14073E-25    0.00000E+00    0.00000E+00    0.00000E+00
    0.41150E+07    0.12157E-25    0.17285E-25    0.16471E-25    0.00000E+00    0.00000E+00    0.00000E+00
    0.41200E+07    0.14223E-25    0.20246E-25    0.19273E-25    0.00000E+00    0.00000E+00    0.00000E+00
    0.41250E+07    0.16635E-25    0.23706E-25    0.22544E-25    0.00000E+00    0.00000E+00    0.00000E+00
    0.41300E+07    0.19451E-25    0.27751E-25    0.26364E-25    0.00000E+00    0.00000E+00    0.00000E+00
    0.41350E+07    0.22737E-25    0.32476E-25    0.30821E-25    0.00000E+00    0.00000E+00    0.00000E+00
    0.41400E+07    0.26570E-25    0.37995E-25    0.36023E-25    0.00000E+00    0.00000E+00    0.00000E+00
    0.41450E+07    0.31041E-25    0.44440E-25    0.42090E-25    0.00000E+00    0.00000E+00    0.00000E+00
    0.41500E+07    0.36254E-25    0.51964E-25    0.49165E-25    0.00000E+00    0.00000E+00    0.00000E+00
    0.41550E+07    0.42330E-25    0.60744E-25    0.57413E-25    0.00000E+00    0.00000E+00    0.00000E+00
    0.41600E+07    0.49411E-25    0.70988E-25    0.67026E-25    0.00000E+00    0.00000E+00    0.00000E+00
    0.41650E+07    0.57660E-25    0.82936E-25    0.78226E-25    0.00000E+00    0.00000E+00    0.00000E+00
    0.41700E+07    0.67266E-25    0.96869E-25    0.91272E-25    0.00000E+00    0.00000E+00    0.00000E+00
    0.41750E+07    0.78452E-25    0.11311E-24    0.10646E-24    0.00000E+00    0.00000E+00    0.00000E+00
    0.41800E+07    0.91472E-25    0.13204E-24    0.12415E-24    0.00000E+00    0.00000E+00    0.00000E+00
    0.41850E+07    0.10662E-24    0.15409E-24    0.14473E-24    0.00000E+00    0.00000E+00    0.00000E+00
    0.41900E+07    0.12425E-24    0.17978E-24    0.16868E-24    0.00000E+00    0.00000E+00    0.00000E+00
    0.41950E+07    0.14475E-24    0.20969E-24    0.19654E-24    0.00000E+00    0.00000E+00    0.00000E+00
    0.42000E+07    0.16858E-24    0.24451E-24    0.22893E-24    0.00000E+00    0.00000E+00    0.00000E+00
    0.42050E+07    0.19628E-24    0.28504E-24    0.26659E-24    0.00000E+00    0.00000E+00    0.00000E+00
    0.42100E+07    0.22847E-24    0.33219E-24    0.31035E-24    0.00000E+00    0.00000E+00    0.00000E+00
    0.42150E+07    0.26587E-24    0.38703E-24    0.36120E-24    0.00000E+00    0.00000E+00    0.00000E+00
    0.42200E+07    0.30930E-24    0.45081E-24    0.42026E-24    0.00000E+00    0.00000E+00    0.00000E+00
    0.42250E+07    0.35973E-24    0.52495E-24    0.48885E-24    0.00000E+00    0.00000E+00    0.00000E+00
    0.42300E+07    0.41826E-24    0.61111E-24    0.56847E-24    0.00000E+00    0.00000E+00    0.00000E+00
    0.42350E+07    0.48618E-24    0.71123E-24    0.66087E-24    0.00000E+00    0.00000E+00    0.00000E+00
    0.42400E+07    0.56498E-24    0.82752E-24    0.76809E-24    0.00000E+00    0.00000E+00    0.00000E+00
    0.42450E+07    0.65636E-24    0.96257E-24    0.89244E-24    0.00000E+00    0.00000E+00    0.00000E+00
    0.42500E+07    0.76232E-24    0.11193E-23    0.10367E-23    0.00000E+00    0.00000E+00    0.00000E+00
    0.42550E+07    0.88514E-24    0.13013E-23    0.12038E-23    0.00000E+00    0.00000E+00    0.00000E+00
    0.42600E+07    0.10275E-23    0.15124E-23    0.13976E-23    0.00000E+00    0.00000E+00    0.00000E+00
    0.42650E+07    0.11923E-23    0.17574E-23    0.16221E-23    0.00000E+00    0.00000E+00    0.00000E+00
    0.42700E+07    0.13833E-23    0.20414E-23    0.18821E-23    0.00000E+00    0.00000E+00    0.00000E+00
    0.42750E+07    0.16044E-23    0.23707E-23    0.21832E-23    0.00000E+00    0.00000E+00    0.00000E+00
    0.42800E+07    0.18603E-23    0.27523E-23    0.25318E-23    0.00000E+00    0.00000E+00    0.00000E+00
    0.42850E+07    0.21565E-23    0.31946E-23    0.29353E-23    0.00000E+00    0.00000E+00    0.00000E+00
    0.42900E+07    0.24991E-23    0.37069E-23    0.34022E-23    0.00000E+00    0.00000E+00    0.00000E+00
    0.42950E+07    0.28954E-23    0.43002E-23    0.39422E-23    0.00000E+00    0.00000E+00    0.00000E+00
    0.43000E+07    0.33536E-23    0.49871E-23    0.45666E-23    0.00000E+00    0.00000E+00    0.00000E+00
    0.43050E+07    0.38832E-23    0.57823E-23    0.52886E-23    0.00000E+00    0.00000E+00    0.00000E+00
    0.43100E+07    0.44953E-23    0.67024E-23    0.61230E-23    0.00000E+00    0.00000E+00    0.00000E+00
    0.43150E+07    0.52025E-23    0.77668E-23    0.70872E-23    0.00000E+00    0.00000E+00    0.00000E+00
    0.43200E+07    0.60193E-23    0.89979E-23    0.82009E-23    0.00000E+00    0.00000E+00    0.00000E+00
    0.43250E+07    0.69624E-23    0.10421E-22    0.94872E-23    0.00000E+00    0.00000E+00    0.00000E+00
    0.43300E+07    0.80511E-23    0.12067E-22    0.10972E-22    0.00000E+00    0.00000E+00    0.00000E+00
    0.43350E+07    0.93075E-23    0.13968E-22    0.12686E-22    0.00000E+00    0.00000E+00    0.00000E+00
    0.43400E+07    0.10757E-22    0.16165E-22    0.14664E-22    0.00000E+00    0.00000E+00    0.00000E+00
    0.43450E+07    0.12429E-22    0.18703E-22    0.16945E-22    0.00000E+00    0.00000E+00    0.00000E+00
    0.43500E+07    0.14357E-22    0.21633E-22    0.19577E-22    0.00000E+00    0.00000E+00    0.00000E+00
    0.43550E+07    0.16580E-22    0.25015E-22    0.22610E-22    0.00000E+00    0.00000E+00    0.00000E+00
    0.43600E+07    0.19141E-22    0.28919E-22    0.26107E-22    0.00000E+00    0.00000E+00    0.00000E+00
    0.43650E+07    0.22093E-22    0.33423E-22    0.30137E-22    0.00000E+00    0.00000E+00    0.00000E+00
    0.43700E+07    0.25493E-22    0.38619E-22    0.34779E-22    0.00000E+00    0.00000E+00    0.00000E+00
    0.43750E+07    0.29408E-22    0.44610E-22    0.40125E-22    0.00000E+00    0.00000E+00    0.00000E+00
    0.43800E+07    0.33915E-22    0.51518E-22    0.46281E-22    0.00000E+00    0.00000E+00    0.00000E+00
    0.43850E+07    0.39102E-22    0.59479E-22    0.53367E-22    0.00000E+00    0.00000E+00    0.00000E+00
    0.43900E+07    0.45071E-22    0.68653E-22    0.61522E-22    0.00000E+00    0.00000E+00    0.00000E+00
    0.43950E+07    0.51937E-22    0.79220E-22    0.70903E-22    0.00000E+00    0.00000E+00    0.00000E+00
    0.44000E+07    0.59833E-22    0.91391E-22    0.81694E-22    0.00000E+00    0.00000E+00    0.00000E+00
    0.44050E+07    0.68912E-22    0.10540E-21    0.94101E-22    0.00000E+00    0.00000E+00    0.00000E+00
    0.44100E+07    0.79347E-22    0.12153E-21    0.10836E-21    0.00000E+00    0.00000E+00    0.00000E+00
    0.44150E+07    0.91337E-22    0.14009E-21    0.12476E-21    0.00000E+00    0.00000E+00    0.00000E+00
    0.44200E+07    0.10511E-21    0.16145E-21    0.14359E-21    0.00000E+00    0.00000E+00    0.00000E+00
    0.44250E+07    0.12093E-21    0.18601E-21    0.16522E-21    0.00000E+00    0.00000E+00    0.00000E+00
    0.44300E+07    0.13910E-21    0.21425E-21    0.19006E-21    0.00000E+00    0.00000E+00    0.00000E+00
    0.44350E+07    0.15995E-21    0.24672E-21    0.21858E-21    0.00000E+00    0.00000E+00    0.00000E+00
    0.44400E+07    0.18387E-21    0.28403E-21    0.25131E-21    0.00000E+00    0.00000E+00    0.00000E+00
    0.44450E+07    0.21132E-21    0.32690E-21    0.28887E-21    0.00000E+00    0.00000E+00    0.00000E+00
    0.44500E+07    0.24281E-21    0.37614E-21    0.33195E-21    0.00000E+00    0.00000E+00    0.00000E+00
    0.44550E+07    0.27891E-21    0.43269E-21    0.38135E-21    0.00000E+00    0.00000E+00    0.00000E+00
    0.44600E+07    0.32029E-21    0.49761E-21    0.43799E-21    0.00000E+00    0.00000E+00    0.00000E+00
    0.44650E+07    0.36772E-21    0.57212E-21    0.50291E-21    0.00000E+00    0.00000E+00    0.00000E+00
    0.44700E+07    0.42206E-21    0.65763E-21    0.57731E-21    0.00000E+00    0.00000E+00    0.00000E+00
    0.44750E+07    0.48430E-21    0.75571E-21    0.66253E-21    0.00000E+00    0.00000E+00    0.00000E+00
    0.44800E+07    0.55558E-21    0.86821E-21    0.76013E-21    0.00000E+00    0.00000E+00    0.00000E+00
    0.44850E+07    0.63718E-21    0.99719E-21    0.87189E-21    0.00000E+00    0.00000E+00    0.00000E+00
    0.44900E+07    0.73058E-21    0.11450E-20    0.99981E-21    0.00000E+00    0.00000E+00    0.00000E+00
    0.44950E+07    0.83744E-21    0.13145E-20    0.11462E-20    0.00000E+00    0.00000E+00    0.00000E+00
    0.45000E+07    0.95968E-21    0.15086E-20    0.13137E-20    0.00000E+00    0.00000E+00    0.00000E+00
    0.45050E+07    0.10995E-20    0.17310E-20    0.15052E-20    0.00000E+00    0.00000E+00    0.00000E+00
    0.45100E+07    0.12593E-20    0.19856E-20    0.17243E-20    0.00000E+00    0.00000E+00    0.00000E+00
    0.45150E+07    0.14420E-20    0.22771E-20    0.19747E-20    0.00000E+00    0.00000E+00    0.00000E+00
    0.45200E+07    0.16508E-20    0.26107E-20    0.22608E-20    0.00000E+00    0.00000E+00    0.00000E+00
    0.45250E+07    0.18893E-20    0.29924E-20    0.25878E-20    0.00000E+00    0.00000E+00    0.00000E+00
    0.45300E+07    0.21617E-20    0.34291E-20    0.29613E-20    0.00000E+00    0.00000E+00    0.00000E+00
    0.45350E+07    0.24727E-20    0.39285E-20    0.33878E-20    0.00000E+00    0.00000E+00    0.00000E+00
    0.45400E+07    0.28278E-20    0.44994E-20    0.38747E-20    0.00000E+00    0.00000E+00    0.00000E+00
    0.45450E+07    0.32330E-20    0.51521E-20    0.44305E-20    0.00000E+00    0.00000E+00    0.00000E+00
    0.45500E+07    0.36953E-20    0.58979E-20    0.50646E-20    0.00000E+00    0.00000E+00    0.00000E+00
    0.45550E+07    0.42226E-20    0.67500E-20    0.57880E-20    0.00000E+00    0.00000E+00    0.00000E+00
    0.45600E+07    0.48239E-20    0.77233E-20    0.66130E-20    0.00000E+00    0.00000E+00    0.00000E+00
    0.45650E+07    0.55094E-20    0.88346E-20    0.75537E-20    0.00000E+00    0.00000E+00    0.00000E+00
    0.45700E+07    0.62906E-20    0.10103E-19    0.86259E-20    0.00000E+00    0.00000E+00    0.00000E+00
    0.45750E+07    0.71808E-20    0.11551E-19    0.98478E-20    0.00000E+00    0.00000E+00    0.00000E+00
    0.45800E+07    0.81949E-20    0.13203E-19    0.11240E-19    0.00000E+00    0.00000E+00    0.00000E+00
    0.45850E+07    0.93498E-20    0.15088E-19    0.12825E-19    0.00000E+00    0.00000E+00    0.00000E+00
    0.45900E+07    0.10665E-19    0.17237E-19    0.14631E-19    0.00000E+00    0.00000E+00    0.00000E+00
    0.45950E+07    0.12161E-19    0.19688E-19    0.16686E-19    0.00000E+00    0.00000E+00    0.00000E+00
    0.46000E+07    0.13864E-19    0.22481E-19    0.19025E-19    0.00000E+00    0.00000E+00    0.00000E+00
    0.46050E+07    0.15802E-19    0.25664E-19    0.21686E-19    0.00000E+00    0.00000E+00    0.00000E+00
    0.46100E+07    0.18006E-19    0.29291E-19    0.24714E-19    0.00000E+00    0.00000E+00    0.00000E+00
    0.46150E+07    0.20511E-19    0.33421E-19    0.28156E-19    0.00000E+00    0.00000E+00    0.00000E+00
    0.46200E+07    0.23360E-19    0.38125E-19    0.32070E-19    0.00000E+00    0.00000E+00    0.00000E+00
    0.46250E+07    0.26597E-19    0.43480E-19    0.36518E-19    0.00000E+00    0.00000E+00    0.00000E+00
    0.46300E+07    0.30275E-19    0.49574E-19    0.41573E-19    0.00000E+00    0.00000E+00    0.00000E+00
    0.46350E+07    0.34453E-19    0.56508E-19    0.47315E-19    0.00000E+00    0.00000E+00    0.00000E+00
    0.46400E+07    0.39197E-19    0.64396E-19    0.53837E-19    0.00000E+00    0.00000E+00    0.00000E+00
    0.46450E+07    0.44583E-19    0.73367E-19    0.61241E-19    0.00000E+00    0.00000E+00    0.00000E+00
    0.46500E+07    0.50696E-19    0.83567E-19    0.69646E-19    0.00000E+00    0.00000E+00    0.00000E+00
    0.46550E+07    0.57632E-19    0.95161E-19    0.79185E-19    0.00000E+00    0.00000E+00    0.00000E+00
    0.46600E+07    0.65501E-19    0.10834E-18    0.90007E-19    0.00000E+00    0.00000E+00    0.00000E+00
    0.46650E+07    0.74425E-19    0.12331E-18    0.10228E-18    0.00000E+00    0.00000E+00    0.00000E+00
    0.46700E+07    0.84544E-19    0.14031E-18    0.11620E-18    0.00000E+00    0.00000E+00    0.00000E+00
    0.46750E+07    0.96013E-19    0.15961E-18    0.13198E-18    0.00000E+00    0.00000E+00    0.00000E+00
    0.46800E+07    0.10901E-18    0.18153E-18    0.14986E-18    0.00000E+00    0.00000E+00    0.00000E+00
    0.46850E+07    0.12374E-18    0.20641E-18    0.17012E-18    0.00000E+00    0.00000E+00    0.00000E+00
    0.46900E+07    0.14042E-18    0.23464E-18    0.19308E-18    0.00000E+00    0.00000E+00    0.00000E+00
    0.46950E+07    0.15930E-18    0.26666E-18    0.21907E-18    0.00000E+00    0.00000E+00    0.00000E+00
    0.47000E+07    0.18068E-18    0.30298E-18    0.24850E-18    0.00000E+00    0.00000E+00    0.00000E+00
    0.47050E+07    0.20488E-18    0.34416E-18    0.28181E-18    0.00000E+00    0.00000E+00    0.00000E+00
    0.47100E+07    0.23226E-18    0.39084E-18    0.31951E-18    0.00000E+00    0.00000E+00    0.00000E+00
    0.47150E+07    0.26323E-18    0.44374E-18    0.36215E-18    0.00000E+00    0.00000E+00    0.00000E+00
    0.47200E+07    0.29826E-18    0.50368E-18    0.41038E-18    0.00000E+00    0.00000E+00    0.00000E+00
    0.47250E+07    0.33786E-18    0.57157E-18    0.46492E-18    0.00000E+00    0.00000E+00    0.00000E+00
    0.47300E+07    0.38262E-18    0.64846E-18    0.52657E-18    0.00000E+00    0.00000E+00    0.00000E+00
    0.47350E+07    0.43320E-18    0.73550E-18    0.59624E-18    0.00000E+00    0.00000E+00    0.00000E+00
    0.47400E+07    0.49034E-18    0.83402E-18    0.67496E-18    0.00000E+00    0.00000E+00    0.00000E+00
    0.47450E+07    0.55488E-18    0.94551E-18    0.76388E-18    0.00000E+00    0.00000E+00    0.00000E+00
    0.47500E+07    0.62776E-18    0.10716E-17    0.86430E-18    0.00000E+00    0.00000E+00    0.00000E+00
    0.47550E+07    0.71002E-18    0.12143E-17    0.97766E-18    0.00000E+00    0.00000E+00    0.00000E+00
    0.47600E+07    0.80286E-18    0.13756E-17    0.11056E-17    0.00000E+00    0.00000E+00    0.00000E+00
    0.47650E+07    0.90762E-18    0.15579E-17    0.12500E-17    0.00000E+00    0.00000E+00    0.00000E+00
    0.47700E+07    0.10258E-17    0.17640E-17    0.14129E-17    0.00000E+00    0.00000E+00    0.00000E+00
    0.47750E+07    0.11590E-17    0.19969E-17    0.15965E-17    0.00000E+00    0.00000E+00    0.00000E+00
    0.47800E+07    0.13092E-17    0.22599E-17    0.18036E-17    0.00000E+00    0.00000E+00    0.00000E+00
    0.47850E+07    0.14785E-17    0.25569E-17    0.20371E-17    0.00000E+00    0.00000E+00    0.00000E+00
    0.47900E+07    0.16693E-17    0.28923E-17    0.23002E-17    0.00000E+00    0.00000E+00    0.00000E+00
    0.47950E+07    0.18843E-17    0.32709E-17    0.25966E-17    0.00000E+00    0.00000E+00    0.00000E+00
    0.48000E+07    0.21263E-17    0.36981E-17    0.29304E-17    0.00000E+00    0.00000E+00    0.00000E+00
    0.48050E+07    0.23989E-17    0.41801E-17    0.33064E-17    0.00000E+00    0.00000E+00    0.00000E+00
    0.48100E+07    0.27057E-17    0.47237E-17    0.37296E-17    0.00000E+00    0.00000E+00    0.00000E+00
    0.48150E+07    0.30509E-17    0.53368E-17    0.42059E-17    0.00000E+00    0.00000E+00    0.00000E+00
    0.48200E+07    0.34394E-17    0.60279E-17    0.47419E-17    0.00000E+00    0.00000E+00    0.00000E+00
    0.48250E+07    0.38763E-17    0.68069E-17    0.53448E-17    0.00000E+00    0.00000E+00    0.00000E+00
    0.48300E+07    0.43676E-17    0.76847E-17    0.60228E-17    0.00000E+00    0.00000E+00    0.00000E+00
    0.48350E+07    0.49200E-17    0.86735E-17    0.67851E-17    0.00000E+00    0.00000E+00    0.00000E+00
    0.48400E+07    0.55408E-17    0.97872E-17    0.76419E-17    0.00000E+00    0.00000E+00    0.00000E+00
    0.48450E+07    0.62384E-17    0.11041E-16    0.86047E-17    0.00000E+00    0.00000E+00    0.00000E+00
    0.48500E+07    0.70220E-17    0.12453E-16    0.96864E-17    0.00000E+00    0.00000E+00    0.00000E+00
    0.48550E+07    0.79020E-17    0.14041E-16    0.10901E-16    0.00000E+00    0.00000E+00    0.00000E+00
    0.48600E+07    0.88900E-17    0.15829E-16    0.12265E-16    0.00000E+00    0.00000E+00    0.00000E+00
    0.48650E+07    0.99991E-17    0.17839E-16    0.13797E-16    0.00000E+00    0.00000E+00    0.00000E+00
    0.48700E+07    0.11244E-16    0.20100E-16    0.15516E-16    0.00000E+00    0.00000E+00    0.00000E+00
    0.48750E+07    0.12640E-16    0.22643E-16    0.17444E-16    0.00000E+00    0.00000E+00    0.00000E+00
    0.48800E+07    0.14206E-16    0.25500E-16    0.19607E-16    0.00000E+00    0.00000E+00    0.00000E+00
    0.48850E+07    0.15962E-16    0.28711E-16    0.22032E-16    0.00000E+00    0.00000E+00    0.00000E+00
    0.48900E+07    0.17931E-16    0.32319E-16    0.24752E-16    0.00000E+00    0.00000E+00    0.00000E+00
    0.48950E+07    0.20137E-16    0.36371E-16    0.27799E-16    0.00000E+00    0.00000E+00    0.00000E+00
    0.49000E+07    0.22609E-16    0.40920E-16    0.31215E-16    0.00000E+00    0.00000E+00    0.00000E+00
    0.49050E+07    0.25378E-16    0.46028E-16    0.35041E-16    0.00000E+00    0.00000E+00    0.00000E+00
    0.49100E+07    0.28479E-16    0.51761E-16    0.39325E-16    0.00000E+00    0.00000E+00    0.00000E+00
    0.49150E+07    0.31951E-16    0.58194E-16    0.44123E-16    0.00000E+00    0.00000E+00    0.00000E+00
    0.49200E+07    0.35837E-16    0.65410E-16    0.49493E-16    0.00000E+00    0.00000E+00    0.00000E+00
    0.49250E+07    0.40186E-16    0.73504E-16    0.55503E-16    0.00000E+00    0.00000E+00    0.00000E+00
    0.49300E+07    0.45050E-16    0.82578E-16    0.62226E-16    0.00000E+00    0.00000E+00    0.00000E+00
    0.49350E+07    0.50491E-16    0.92750E-16    0.69747E-16    0.00000E+00    0.00000E+00    0.00000E+00
    0.49400E+07    0.56575E-16    0.10415E-15    0.78156E-16    0.00000E+00    0.00000E+00    0.00000E+00
    0.49450E+07    0.63375E-16    0.11692E-15    0.87557E-16    0.00000E+00    0.00000E+00    0.00000E+00
    0.49500E+07    0.70975E-16    0.13123E-15    0.98064E-16    0.00000E+00    0.00000E+00    0.00000E+00
    0.49550E+07    0.79466E-16    0.14725E-15    0.10980E-15    0.00000E+00    0.00000E+00    0.00000E+00
    0.49600E+07    0.88950E-16    0.16519E-15    0.12292E-15    0.00000E+00    0.00000E+00    0.00000E+00
    0.49650E+07    0.99541E-16    0.18527E-15    0.13756E-15    0.00000E+00    0.00000E+00    0.00000E+00
    0.49700E+07    0.11136E-15    0.20773E-15    0.15391E-15    0.00000E+00    0.00000E+00    0.00000E+00
    0.49750E+07    0.12456E-15    0.23287E-15    0.17216E-15    0.00000E+00    0.00000E+00    0.00000E+00
    0.49800E+07    0.13928E-15    0.26098E-15    0.19252E-15    0.00000E+00    0.00000E+00    0.00000E+00
    0.49850E+07    0.15571E-15    0.29242E-15    0.21524E-15    0.00000E+00    0.00000E+00    0.00000E+00
    0.49900E+07    0.17403E-15    0.32756E-15    0.24058E-15    0.00000E+00    0.00000E+00    0.00000E+00
    0.49950E+07    0.19445E-15    0.36684E-15    0.26883E-15    0.00000E+00    0.00000E+00    0.00000E+00
    0.50000E+07    0.21722E-15    0.41073E-15    0.30032E-15    0.00000E+00    0.00000E+00    0.00000E+00
    0.50050E+07    0.24259E-15    0.45975E-15    0.33542E-15    0.00000E+00    0.00000E+00    0.00000E+00
    0.50100E+07    0.27085E-15    0.51450E-15    0.37451E-15    0.00000E+00    0.00000E+00    0.00000E+00
    0.50150E+07    0.30233E-15    0.57563E-15    0.41806E-15    0.00000E+00    0.00000E+00    0.00000E+00
    0.50200E+07    0.33738E-15    0.64387E-15    0.46656E-15    0.00000E+00    0.00000E+00    0.00000E+00
    0.50250E+07    0.37639E-15    0.72002E-15    0.52055E-15    0.00000E+00    0.00000E+00    0.00000E+00
    0.50300E+07    0.41982E-15    0.80499E-15    0.58063E-15    0.00000E+00    0.00000E+00    0.00000E+00
    0.50350E+07    0.46813E-15    0.89976E-15    0.64748E-15    0.00000E+00    0.00000E+00    0.00000E+00
    0.50400E+07    0.52187E-15    0.10054E-14    0.72185E-15    0.00000E+00    0.00000E+00    0.00000E+00
    0.50450E+07    0.58163E-15    0.11233E-14    0.80455E-15    0.00000E+00    0.00000E+00    0.00000E+00
    0.50500E+07    0.64806E-15    0.12546E-14    0.89650E-15    0.00000E+00    0.00000E+00    0.00000E+00
    0.50550E+07    0.72191E-15    0.14009E-14    0.99869E-15    0.00000E+00    0.00000E+00    0.00000E+00
    0.50600E+07    0.80395E-15    0.15639E-14    0.11122E-14    0.00000E+00    0.00000E+00    0.00000E+00
    0.50650E+07    0.89509E-15    0.17455E-14    0.12384E-14    0.00000E+00    0.00000E+00    0.00000E+00
    0.50700E+07    0.99631E-15    0.19477E-14    0.13785E-14    0.00000E+00    0.00000E+00    0.00000E+00
    0.50750E+07    0.11087E-14    0.21727E-14    0.15341E-14    0.00000E+00    0.00000E+00    0.00000E+00
    0.50800E+07    0.12334E-14    0.24232E-14    0.17067E-14    0.00000E+00    0.00000E+00    0.00000E+00
    0.50850E+07    0.13719E-14    0.27019E-14    0.18983E-14    0.00000E+00    0.00000E+00    0.00000E+00
    0.50900E+07    0.15254E-14    0.30119E-14    0.21109E-14    0.00000E+00    0.00000E+00    0.00000E+00
    0.50950E+07    0.16958E-14    0.33566E-14    0.23467E-14    0.00000E+00    0.00000E+00    0.00000E+00
    0.51000E+07    0.18846E-14    0.37399E-14    0.26081E-14    0.00000E+00    0.00000E+00    0.00000E+00
    0.51050E+07    0.20939E-14    0.41659E-14    0.28979E-14    0.00000E+00    0.00000E+00    0.00000E+00
    0.51100E+07    0.23259E-14    0.46394E-14    0.32191E-14    0.00000E+00    0.00000E+00    0.00000E+00
    0.51150E+07    0.25830E-14    0.51653E-14    0.35750E-14    0.00000E+00    0.00000E+00    0.00000E+00
    0.51200E+07    0.28676E-14    0.57495E-14    0.39691E-14    0.00000E+00    0.00000E+00    0.00000E+00
    0.51250E+07    0.31829E-14    0.63982E-14    0.44056E-14    0.00000E+00    0.00000E+00    0.00000E+00
    0.51300E+07    0.35319E-14    0.71184E-14    0.48888E-14    0.00000E+00    0.00000E+00    0.00000E+00
    0.51350E+07    0.39181E-14    0.79177E-14    0.54235E-14    0.00000E+00    0.00000E+00    0.00000E+00
    0.51400E+07    0.43455E-14    0.88045E-14    0.60152E-14    0.00000E+00    0.00000E+00    0.00000E+00
    0.51450E+07    0.48182E-14    0.97883E-14    0.66697E-14    0.00000E+00    0.00000E+00    0.00000E+00
    0.51500E+07    0.53409E-14    0.10879E-13    0.73935E-14    0.00000E+00    0.00000E+00    0.00000E+00
    0.51550E+07    0.59188E-14    0.12089E-13    0.81937E-14    0.00000E+00    0.00000E+00    0.00000E+00
    0.51600E+07    0.65575E-14    0.13430E-13    0.90781E-14    0.00000E+00    0.00000E+00    0.00000E+00
    0.51650E+07    0.72633E-14    0.14916E-13    0.10055E-13    0.00000E+00    0.00000E+00    0.00000E+00
    0.51700E+07    0.80429E-14    0.16562E-13    0.11135E-13    0.00000E+00    0.00000E+00    0.00000E+00
    0.51750E+07    0.89039E-14    0.18386E-13    0.12327E-13    0.00000E+00    0.00000E+00    0.00000E+00
    0.51800E+07    0.98545E-14    0.20405E-13    0.13643E-13    0.00000E+00    0.00000E+00    0.00000E+00
    0.51850E+07    0.10904E-13    0.22640E-13    0.15096E-13    0.00000E+00    0.00000E+00    0.00000E+00
    0.51900E+07    0.12061E-13    0.25115E-13    0.16699E-13    0.00000E+00    0.00000E+00    0.00000E+00
    0.51950E+07    0.13339E-13    0.27852E-13    0.18467E-13    0.00000E+00    0.00000E+00    0.00000E+00
    0.52000E+07    0.14747E-13    0.30881E-13    0.20417E-13    0.00000E+00    0.00000E+00    0.00000E+00
    0.52050E+07    0.16300E-13    0.34230E-13    0.22568E-13    0.00000E+00    0.00000E+00    0.00000E+00
    0.52100E+07    0.18012E-13    0.37933E-13    0.24938E-13    0.00000E+00    0.00000E+00    0.00000E+00
    0.52150E+07    0.19898E-13    0.42027E-13    0.27549E-13    0.00000E+00    0.00000E+00    0.00000E+00
    0.52200E+07    0.21976E-13    0.46550E-13    0.30426E-13    0.00000E+00    0.00000E+00    0.00000E+00
    0.52250E+07    0.24265E-13    0.51548E-13    0.33595E-13    0.00000E+00    0.00000E+00    0.00000E+00
    0.52300E+07    0.26785E-13    0.57068E-13    0.37083E-13    0.00000E+00    0.00000E+00    0.00000E+00
    0.52350E+07    0.29559E-13    0.63164E-13    0.40923E-13    0.00000E+00    0.00000E+00    0.00000E+00
    0.52400E+07    0.32611E-13    0.69894E-13    0.45149E-13    0.00000E+00    0.00000E+00    0.00000E+00
    0.52450E+07    0.35969E-13    0.77321E-13    0.49797E-13    0.00000E+00    0.00000E+00    0.00000E+00
    0.52500E+07    0.39663E-13    0.85516E-13    0.54909E-13    0.00000E+00    0.00000E+00    0.00000E+00
    0.52550E+07    0.43724E-13    0.94557E-13    0.60530E-13    0.00000E+00    0.00000E+00    0.00000E+00
    0.52600E+07    0.48187E-13    0.10453E-12    0.66709E-13    0.00000E+00    0.00000E+00    0.00000E+00
    0.52650E+07    0.53093E-13    0.11552E-12    0.73498E-13    0.00000E+00    0.00000E+00    0.00000E+00
    0.52700E+07    0.58482E-13    0.12764E-12    0.80956E-13    0.00000E+00    0.00000E+00    0.00000E+00
    0.52750E+07    0.64401E-13    0.14099E-12    0.89147E-13    0.00000E+00    0.00000E+00    0.00000E+00
    0.52800E+07    0.70900E-13    0.15570E-12    0.98140E-13    0.00000E+00    0.00000E+00    0.00000E+00
    0.52850E+07    0.78033E-13    0.17190E-12    0.10801E-12    0.00000E+00    0.00000E+00    0.00000E+00
    0.52900E+07    0.85861E-13    0.18974E-12    0.11884E-12    0.00000E+00    0.00000E+00    0.00000E+00
    0.52950E+07    0.94450E-13    0.20938E-12    0.13073E-12    0.00000E+00    0.00000E+00    0.00000E+00
    0.53000E+07    0.10387E-12    0.23100E-12    0.14376E-12    0.00000E+00    0.00000E+00    0.00000E+00
    0.53050E+07    0.11420E-12    0.25478E-12    0.15804E-12    0.00000E+00    0.00000E+00    0.00000E+00
    0.53100E+07    0.12552E-12    0.28094E-12    0.17370E-12    0.00000E+00    0.00000E+00    0.00000E+00
    0.53150E+07    0.13792E-12    0.30971E-12    0.19086E-12    0.00000E+00    0.00000E+00    0.00000E+00
    0.53200E+07    0.15151E-12    0.34134E-12    0.20966E-12    0.00000E+00    0.00000E+00    0.00000E+00
    0.53250E+07    0.16640E-12    0.37611E-12    0.23024E-12    0.00000E+00    0.00000E+00    0.00000E+00
    0.53300E+07    0.18269E-12    0.41431E-12    0.25278E-12    0.00000E+00    0.00000E+00    0.00000E+00
    0.53350E+07    0.20053E-12    0.45628E-12    0.27744E-12    0.00000E+00    0.00000E+00    0.00000E+00
    0.53400E+07    0.22005E-12    0.50237E-12    0.30443E-12    0.00000E+00    0.00000E+00    0.00000E+00
    0.53450E+07    0.24140E-12    0.55297E-12    0.33395E-12    0.00000E+00    0.00000E+00    0.00000E+00
    0.53500E+07    0.26475E-12    0.60852E-12    0.36623E-12    0.00000E+00    0.00000E+00    0.00000E+00
    0.53550E+07    0.29028E-12    0.66948E-12    0.40152E-12    0.00000E+00    0.00000E+00    0.00000E+00
    0.53600E+07    0.31818E-12    0.73636E-12    0.44009E-12    0.00000E+00    0.00000E+00    0.00000E+00
    0.53650E+07    0.34867E-12    0.80972E-12    0.48222E-12    0.00000E+00    0.00000E+00    0.00000E+00
    0.53700E+07    0.38198E-12    0.89015E-12    0.52825E-12    0.00000E+00    0.00000E+00    0.00000E+00
    0.53750E+07    0.41835E-12    0.97833E-12    0.57850E-12    0.00000E+00    0.00000E+00    0.00000E+00
    0.53800E+07    0.45805E-12    0.10750E-11    0.63335E-12    0.00000E+00    0.00000E+00    0.00000E+00
    0.53850E+07    0.50139E-12    0.11808E-11    0.69321E-12    0.00000E+00    0.00000E+00    0.00000E+00
    0.53900E+07    0.54867E-12    0.12968E-11    0.75852E-12    0.00000E+00    0.00000E+00    0.00000E+00
    0.53950E+07    0.60024E-12    0.14238E-11    0.82974E-12    0.00000E+00    0.00000E+00    0.00000E+00
    0.54000E+07    0.65648E-12    0.15629E-11    0.90739E-12    0.00000E+00    0.00000E+00    0.00000E+00
    0.54050E+07    0.71778E-12    0.17151E-11    0.99203E-12    0.00000E+00    0.00000E+00    0.00000E+00
    0.54100E+07    0.78459E-12    0.18816E-11    0.10843E-11    0.00000E+00    0.00000E+00    0.00000E+00
    0.54150E+07    0.85737E-12    0.20637E-11    0.11847E-11    0.00000E+00    0.00000E+00    0.00000E+00
    0.54200E+07    0.93664E-12    0.22629E-11    0.12941E-11    0.00000E+00    0.00000E+00    0.00000E+00
    0.54250E+07    0.10229E-11    0.24807E-11    0.14132E-11    0.00000E+00    0.00000E+00    0.00000E+00
    0.54300E+07    0.11169E-11    0.27187E-11    0.15428E-11    0.00000E+00    0.00000E+00    0.00000E+00
    0.54350E+07    0.12191E-11    0.29788E-11    0.16838E-11    0.00000E+00    0.00000E+00    0.00000E+00
    0.54400E+07    0.13303E-11    0.32630E-11    0.18372E-11    0.00000E+00    0.00000E+00    0.00000E+00
    0.54450E+07    0.14512E-11    0.35733E-11    0.20039E-11    0.00000E+00    0.00000E+00    0.00000E+00
    0.54500E+07    0.15827E-11    0.39121E-11    0.21852E-11    0.00000E+00    0.00000E+00    0.00000E+00
    0.54550E+07    0.17256E-11    0.42819E-11    0.23821E-11    0.00000E+00    0.00000E+00    0.00000E+00
    0.54600E+07    0.18808E-11    0.46855E-11    0.25960E-11    0.00000E+00    0.00000E+00    0.00000E+00
    0.54650E+07    0.20494E-11    0.51257E-11    0.28284E-11    0.00000E+00    0.00000E+00    0.00000E+00
    0.54700E+07    0.22325E-11    0.56059E-11    0.30805E-11    0.00000E+00    0.00000E+00    0.00000E+00
    0.54750E+07    0.24312E-11    0.61294E-11    0.33542E-11    0.00000E+00    0.00000E+00    0.00000E+00
    0.54800E+07    0.26468E-11    0.67001E-11    0.36512E-11    0.00000E+00    0.00000E+00    0.00000E+00
    0.54850E+07    0.28807E-11    0.73219E-11    0.39732E-11    0.00000E+00    0.00000E+00    0.00000E+00
    0.54900E+07    0.31344E-11    0.79994E-11    0.43224E-11    0.00000E+00    0.00000E+00    0.00000E+00
    0.54950E+07    0.34094E-11    0.87372E-11    0.47008E-11    0.00000E+00    0.00000E+00    0.00000E+00
    0.55000E+07    0.37074E-11    0.95406E-11    0.51109E-11    0.00000E+00    0.00000E+00    0.00000E+00
    0.55050E+07    0.40303E-11    0.10415E-10    0.55550E-11    0.00000E+00    0.00000E+00    0.00000E+00
    0.55100E+07    0.43800E-11    0.11367E-10    0.60359E-11    0.00000E+00    0.00000E+00    0.00000E+00
    0.55150E+07    0.47586E-11    0.12402E-10    0.65565E-11    0.00000E+00    0.00000E+00    0.00000E+00
    0.55200E+07    0.51685E-11    0.13528E-10    0.71198E-11    0.00000E+00    0.00000E+00    0.00000E+00
    0.55250E+07    0.56119E-11    0.14752E-10    0.77292E-11    0.00000E+00    0.00000E+00    0.00000E+00
    0.55300E+07    0.60916E-11    0.16083E-10    0.83882E-11    0.00000E+00    0.00000E+00    0.00000E+00
    0.55350E+07    0.66102E-11    0.17529E-10    0.91005E-11    0.00000E+00    0.00000E+00    0.00000E+00
    0.55400E+07    0.71709E-11    0.19099E-10    0.98703E-11    0.00000E+00    0.00000E+00    0.00000E+00
    0.55450E+07    0.77768E-11    0.20805E-10    0.10702E-10    0.00000E+00    0.00000E+00    0.00000E+00
    0.55500E+07    0.84313E-11    0.22658E-10    0.11600E-10    0.00000E+00    0.00000E+00    0.00000E+00
    0.55550E+07    0.91381E-11    0.24668E-10    0.12570E-10    0.00000E+00    0.00000E+00    0.00000E+00
    0.55600E+07    0.99011E-11    0.26850E-10    0.13616E-10    0.00000E+00    0.00000E+00    0.00000E+00
    0.55650E+07    0.10725E-10    0.29217E-10    0.14745E-10    0.00000E+00    0.00000E+00    0.00000E+00
    0.55700E+07    0.11613E-10    0.31783E-10    0.15962E-10    0.00000E+00    0.00000E+00    0.00000E+00
    0.55750E+07    0.12576E-10    0.34564E-10    0.17266E-10    0.00000E+00    0.00000E+00    0.00000E+00
    0.55800E+07    0.13614E-10    0.37579E-10    0.18669E-10    0.00000E+00    0.00000E+00    0.00000E+00
    0.55800E+07    0.13614E-10    0.37579E-10    0.18669E-10    0.00000E+00    0.00000E+00    0.00000E+00
    0.55850E+07    0.14773E-10    0.40789E-10    0.20168E-10    0.00000E+00    0.00000E+00    0.00000E+00
    0.55900E+07    0.16017E-10    0.44268E-10    0.21777E-10    0.00000E+00    0.00000E+00    0.00000E+00
    0.55950E+07    0.17354E-10    0.48037E-10    0.23503E-10    0.00000E+00    0.00000E+00    0.00000E+00
    0.56000E+07    0.18790E-10    0.52120E-10    0.25354E-10    0.00000E+00    0.00000E+00    0.00000E+00
    0.56050E+07    0.20330E-10    0.56539E-10    0.27336E-10    0.00000E+00    0.00000E+00    0.00000E+00
    0.56100E+07    0.21981E-10    0.61322E-10    0.29459E-10    0.00000E+00    0.00000E+00    0.00000E+00
    0.56150E+07    0.23751E-10    0.66494E-10    0.31730E-10    0.00000E+00    0.00000E+00    0.00000E+00
    0.56200E+07    0.25646E-10    0.72086E-10    0.34158E-10    0.00000E+00    0.00000E+00    0.00000E+00
    0.56250E+07    0.27675E-10    0.78129E-10    0.36754E-10    0.00000E+00    0.00000E+00    0.00000E+00
    0.56300E+07    0.29845E-10    0.84656E-10    0.39526E-10    0.00000E+00    0.00000E+00    0.00000E+00
    0.56350E+07    0.32166E-10    0.91704E-10    0.42484E-10    0.00000E+00    0.00000E+00    0.00000E+00
    0.56400E+07    0.34645E-10    0.99309E-10    0.45639E-10    0.00000E+00    0.00000E+00    0.00000E+00
    0.56450E+07    0.37292E-10    0.10751E-09    0.49002E-10    0.00000E+00    0.00000E+00    0.00000E+00
    0.56500E+07    0.40117E-10    0.11636E-09    0.52584E-10    0.00000E+00    0.00000E+00    0.00000E+00
    0.56550E+07    0.43130E-10    0.12589E-09    0.56396E-10    0.00000E+00    0.00000E+00    0.00000E+00
    0.56600E+07    0.46341E-10    0.13616E-09    0.60451E-10    0.00000E+00    0.00000E+00    0.00000E+00
    0.56650E+07    0.49761E-10    0.14721E-09    0.64760E-10    0.00000E+00    0.00000E+00    0.00000E+00
    0.56700E+07    0.53401E-10    0.15910E-09    0.69337E-10    0.00000E+00    0.00000E+00    0.00000E+00
    0.56750E+07    0.57273E-10    0.17190E-09    0.74194E-10    0.00000E+00    0.00000E+00    0.00000E+00
    0.56800E+07    0.61388E-10    0.18566E-09    0.79345E-10    0.00000E+00    0.00000E+00    0.00000E+00
    0.56850E+07    0.65759E-10    0.20044E-09    0.84803E-10    0.00000E+00    0.00000E+00    0.00000E+00
    0.56900E+07    0.70399E-10    0.21631E-09    0.90583E-10    0.00000E+00    0.00000E+00    0.00000E+00
    0.56950E+07    0.75320E-10    0.23336E-09    0.96697E-10    0.00000E+00    0.00000E+00    0.00000E+00
    0.57000E+07    0.80537E-10    0.25164E-09    0.10316E-09    0.00000E+00    0.00000E+00    0.00000E+00
    0.57050E+07    0.86062E-10    0.27125E-09    0.10999E-09    0.00000E+00    0.00000E+00    0.00000E+00
    0.57100E+07    0.91909E-10    0.29227E-09    0.11719E-09    0.00000E+00    0.00000E+00    0.00000E+00
    0.57149E+07    0.98007E-10    0.31448E-09    0.12468E-09    0.00000E+00    0.00000E+00    0.00000E+00
    0.57199E+07    0.10444E-09    0.33822E-09    0.13257E-09    0.00000E+00    0.00000E+00    0.00000E+00
    0.57199E+07    0.14811E-09    0.28838E-09    0.11916E-09    0.00000E+00    0.00000E+00    0.00000E+00
    0.57200E+07    0.14819E-09    0.28914E-09    0.11925E-09    0.00000E+00    0.00000E+00    0.00000E+00
    0.57250E+07    0.15106E-09    0.31766E-09    0.12242E-09    0.00000E+00    0.00000E+00    0.00000E+00
    0.57300E+07    0.15399E-09    0.34777E-09    0.12560E-09    0.00000E+00    0.00000E+00    0.00000E+00
    0.57350E+07    0.15697E-09    0.37952E-09    0.12879E-09    0.00000E+00    0.00000E+00    0.00000E+00
    0.57400E+07    0.16000E-09    0.41295E-09    0.13195E-09    0.00000E+00    0.00000E+00    0.00000E+00
    0.57450E+07    0.16307E-09    0.44808E-09    0.13508E-09    0.00000E+00    0.00000E+00    0.00000E+00
    0.57500E+07    0.16616E-09    0.48497E-09    0.13817E-09    0.00000E+00    0.00000E+00    0.00000E+00
    0.57550E+07    0.16927E-09    0.52363E-09    0.14119E-09    0.00000E+00    0.00000E+00    0.00000E+00
    0.57600E+07    0.17239E-09    0.56411E-09    0.14412E-09    0.00000E+00    0.00000E+00    0.00000E+00
    0.57650E+07    0.17551E-09    0.60644E-09    0.14695E-09    0.00000E+00    0.00000E+00    0.00000E+00
    0.57700E+07    0.17861E-09    0.65065E-09    0.14966E-09    0.00000E+00    0.00000E+00    0.00000E+00
    0.57750E+07    0.18168E-09    0.69676E-09    0.15222E-09    0.00000E+00    0.00000E+00    0.00000E+00
    0.57800E+07    0.18472E-09    0.74481E-09    0.15461E-09    0.00000E+00    0.00000E+00    0.00000E+00
    0.57850E+07    0.18771E-09    0.79482E-09    0.15682E-09    0.00000E+00    0.00000E+00    0.00000E+00
    0.57900E+07    0.19064E-09    0.84681E-09    0.15881E-09    0.00000E+00    0.00000E+00    0.00000E+00
    0.57950E+07    0.19349E-09    0.90080E-09    0.16057E-09    0.00000E+00    0.00000E+00    0.00000E+00
    0.58000E+07    0.19625E-09    0.95680E-09    0.16207E-09    0.00000E+00    0.00000E+00    0.00000E+00
    0.58050E+07    0.19891E-09    0.10148E-08    0.16328E-09    0.00000E+00    0.00000E+00    0.00000E+00
    0.58100E+07    0.20144E-09    0.10749E-08    0.16418E-09    0.00000E+00    0.00000E+00    0.00000E+00
    0.58150E+07    0.20384E-09    0.11370E-08    0.16474E-09    0.00000E+00    0.00000E+00    0.00000E+00
    0.58200E+07    0.20609E-09    0.12012E-08    0.16493E-09    0.00000E+00    0.00000E+00    0.00000E+00
    0.58250E+07    0.20818E-09    0.12673E-08    0.16473E-09    0.00000E+00    0.00000E+00    0.00000E+00
    0.58300E+07    0.21009E-09    0.13355E-08    0.16411E-09    0.00000E+00    0.00000E+00    0.00000E+00
    0.58350E+07    0.21179E-09    0.14058E-08    0.16304E-09    0.00000E+00    0.00000E+00    0.00000E+00
    0.58400E+07    0.21328E-09    0.14780E-08    0.16149E-09    0.00000E+00    0.00000E+00    0.00000E+00
    0.58450E+07    0.21455E-09    0.15521E-08    0.15943E-09    0.00000E+00    0.00000E+00    0.00000E+00
    0.58500E+07    0.21556E-09    0.16282E-08    0.15685E-09    0.00000E+00    0.00000E+00    0.00000E+00
    0.58550E+07    0.21632E-09    0.17062E-08    0.15369E-09    0.00000E+00    0.00000E+00    0.00000E+00
    0.58600E+07    0.21680E-09    0.17861E-08    0.14995E-09    0.00000E+00    0.00000E+00    0.00000E+00
    0.58636E+07    0.21696E-09    0.18439E-08    0.14692E-09    0.00000E+00    0.00000E+00    0.00000E+00
    0.58636E+07    0.22998E-09    0.17989E-08    0.11299E-09    0.00000E+00    0.00000E+00    0.00000E+00
    0.58668E+07    0.22849E-09    0.18514E-08    0.10661E-09    0.00000E+00    0.00000E+00    0.00000E+00
    0.58700E+07    0.22680E-09    0.19045E-08    0.99809E-10    0.00000E+00    0.00000E+00    0.00000E+00
    0.58750E+07    0.22375E-09    0.19877E-08    0.88442E-10    0.00000E+00    0.00000E+00    0.00000E+00
    0.58800E+07    0.22019E-09    0.20718E-08    0.76052E-10    0.00000E+00    0.00000E+00    0.00000E+00
    0.58850E+07    0.21610E-09    0.21567E-08    0.62635E-10    0.00000E+00    0.00000E+00    0.00000E+00
    0.58900E+07    0.21148E-09    0.22423E-08    0.48173E-10    0.00000E+00    0.00000E+00    0.00000E+00
    0.58950E+07    0.20633E-09    0.23282E-08    0.32663E-10    0.00000E+00    0.00000E+00    0.00000E+00
    0.59000E+07    0.20066E-09    0.24144E-08    0.16104E-10    0.00000E+00    0.00000E+00    0.00000E+00
    0.59050E+07    0.19446E-09    0.25006E-08   -0.14983E-11    0.00000E+00    0.00000E+00    0.00000E+00
    0.59100E+07    0.18775E-09    0.25866E-08   -0.20129E-10    0.00000E+00    0.00000E+00    0.00000E+00
    0.59150E+07    0.18054E-09    0.26722E-08   -0.39768E-10    0.00000E+00    0.00000E+00    0.00000E+00
    0.59200E+07    0.17287E-09    0.27570E-08   -0.60389E-10    0.00000E+00    0.00000E+00    0.00000E+00
    0.59250E+07    0.16474E-09    0.28410E-08   -0.81956E-10    0.00000E+00    0.00000E+00    0.00000E+00
    0.59300E+07    0.15619E-09    0.29237E-08   -0.10442E-09    0.00000E+00    0.00000E+00    0.00000E+00
    0.59350E+07    0.14727E-09    0.30049E-08   -0.12774E-09    0.00000E+00    0.00000E+00    0.00000E+00
    0.59400E+07    0.13800E-09    0.30844E-08   -0.15184E-09    0.00000E+00    0.00000E+00    0.00000E+00
    0.59450E+07    0.12845E-09    0.31619E-08   -0.17666E-09    0.00000E+00    0.00000E+00    0.00000E+00
    0.59500E+07    0.11867E-09    0.32369E-08   -0.20212E-09    0.00000E+00    0.00000E+00    0.00000E+00
    0.59529E+07    0.11294E-09    0.32790E-08   -0.21706E-09    0.00000E+00    0.00000E+00    0.00000E+00
    0.59558E+07    0.10717E-09    0.33202E-08   -0.23216E-09    0.00000E+00    0.00000E+00    0.00000E+00
    0.59558E+07    0.12566E-09    0.30750E-08   -0.39189E-09    0.00000E+00    0.00000E+00    0.00000E+00
    0.59600E+07    0.11069E-09    0.31372E-08   -0.42505E-09    0.00000E+00    0.00000E+00    0.00000E+00
    0.59650E+07    0.93528E-10    0.32058E-08   -0.46381E-09    0.00000E+00    0.00000E+00    0.00000E+00
    0.59700E+07    0.77127E-10    0.32686E-08   -0.50181E-09    0.00000E+00    0.00000E+00    0.00000E+00
    0.59750E+07    0.61697E-10    0.33251E-08   -0.53875E-09    0.00000E+00    0.00000E+00    0.00000E+00
    0.59800E+07    0.47458E-10    0.33748E-08   -0.57432E-09    0.00000E+00    0.00000E+00    0.00000E+00
    0.59850E+07    0.34636E-10    0.34175E-08   -0.60819E-09    0.00000E+00    0.00000E+00    0.00000E+00
    0.59900E+07    0.23466E-10    0.34525E-08   -0.64003E-09    0.00000E+00    0.00000E+00    0.00000E+00
    0.59950E+07    0.14188E-10    0.34796E-08   -0.66947E-09    0.00000E+00    0.00000E+00    0.00000E+00
    0.60000E+07    0.70470E-11    0.34984E-08   -0.69619E-09    0.00000E+00    0.00000E+00    0.00000E+00
    0.60050E+07    0.22869E-11    0.35085E-08   -0.71983E-09    0.00000E+00    0.00000E+00    0.00000E+00
    0.60100E+07    0.15299E-12    0.35098E-08   -0.74003E-09    0.00000E+00    0.00000E+00    0.00000E+00
    0.60150E+07    0.88698E-12    0.35019E-08   -0.75646E-09    0.00000E+00    0.00000E+00    0.00000E+00
    0.60200E+07    0.47247E-11    0.34846E-08   -0.76877E-09    0.00000E+00    0.00000E+00    0.00000E+00
    0.60250E+07    0.11893E-10    0.34579E-08   -0.77665E-09    0.00000E+00    0.00000E+00    0.00000E+00
    0.60300E+07    0.22608E-10    0.34217E-08   -0.77978E-09    0.00000E+00    0.00000E+00    0.00000E+00
    0.60350E+07    0.37069E-10    0.33758E-08   -0.77789E-09    0.00000E+00    0.00000E+00    0.00000E+00
    0.60400E+07    0.55459E-10    0.33204E-08   -0.77070E-09    0.00000E+00    0.00000E+00    0.00000E+00
    0.60450E+07    0.77939E-10    0.32555E-08   -0.75799E-09    0.00000E+00    0.00000E+00    0.00000E+00
    0.60500E+07    0.10464E-09    0.31814E-08   -0.73957E-09    0.00000E+00    0.00000E+00    0.00000E+00
    0.60550E+07    0.13568E-09    0.30982E-08   -0.71528E-09    0.00000E+00    0.00000E+00    0.00000E+00
    0.60600E+07    0.17112E-09    0.30062E-08   -0.68501E-09    0.00000E+00    0.00000E+00    0.00000E+00
    0.60650E+07    0.21101E-09    0.29059E-08   -0.64870E-09    0.00000E+00    0.00000E+00    0.00000E+00
    0.60700E+07    0.25535E-09    0.27978E-08   -0.60634E-09    0.00000E+00    0.00000E+00    0.00000E+00
    0.60750E+07    0.30409E-09    0.26822E-08   -0.55798E-09    0.00000E+00    0.00000E+00    0.00000E+00
    0.60800E+07    0.35715E-09    0.25599E-08   -0.50371E-09    0.00000E+00    0.00000E+00    0.00000E+00
    0.60850E+07    0.41440E-09    0.24315E-08   -0.44373E-09    0.00000E+00    0.00000E+00    0.00000E+00
    0.60900E+07    0.47565E-09    0.22977E-08   -0.37826E-09    0.00000E+00    0.00000E+00    0.00000E+00
    0.60950E+07    0.54066E-09    0.21594E-08   -0.30761E-09    0.00000E+00    0.00000E+00    0.00000E+00
    0.61000E+07    0.60916E-09    0.20175E-08   -0.23216E-09    0.00000E+00    0.00000E+00    0.00000E+00
    0.61050E+07    0.68080E-09    0.18729E-08   -0.15236E-09    0.00000E+00    0.00000E+00    0.00000E+00
    0.61100E+07    0.75518E-09    0.17264E-08   -0.68745E-10    0.00000E+00    0.00000E+00    0.00000E+00
    0.61150E+07    0.83184E-09    0.15793E-08    0.18107E-10    0.00000E+00    0.00000E+00    0.00000E+00
    0.61200E+07    0.91030E-09    0.14326E-08    0.10753E-09    0.00000E+00    0.00000E+00    0.00000E+00
    0.61250E+07    0.98999E-09    0.12873E-08    0.19879E-09    0.00000E+00    0.00000E+00    0.00000E+00
    0.61300E+07    0.10703E-08    0.11445E-08    0.29111E-09    0.00000E+00    0.00000E+00    0.00000E+00
    0.61350E+07    0.11506E-08    0.10055E-08    0.38363E-09    0.00000E+00    0.00000E+00    0.00000E+00
    0.61400E+07    0.12302E-08    0.87128E-09    0.47544E-09    0.00000E+00    0.00000E+00    0.00000E+00
    0.61450E+07    0.13084E-08    0.74304E-09    0.56562E-09    0.00000E+00    0.00000E+00    0.00000E+00
    0.61500E+07    0.13844E-08    0.62186E-09    0.65318E-09    0.00000E+00    0.00000E+00    0.00000E+00
    0.61550E+07    0.14574E-08    0.50880E-09    0.73710E-09    0.00000E+00    0.00000E+00    0.00000E+00
    0.61600E+07    0.15267E-08    0.40489E-09    0.81637E-09    0.00000E+00    0.00000E+00    0.00000E+00
    0.61650E+07    0.15915E-08    0.31108E-09    0.88996E-09    0.00000E+00    0.00000E+00    0.00000E+00
    0.61700E+07    0.16509E-08    0.22828E-09    0.95684E-09    0.00000E+00    0.00000E+00    0.00000E+00
    0.61750E+07    0.17042E-08    0.15729E-09    0.10160E-08    0.00000E+00    0.00000E+00    0.00000E+00
    0.61800E+07    0.17507E-08    0.98824E-10    0.10665E-08    0.00000E+00    0.00000E+00    0.00000E+00
    0.61850E+07    0.17895E-08    0.53487E-10    0.11075E-08    0.00000E+00    0.00000E+00    0.00000E+00
    0.61900E+07    0.18202E-08    0.21769E-10    0.11380E-08    0.00000E+00    0.00000E+00    0.00000E+00
    0.61950E+07    0.18420E-08    0.40297E-11    0.11573E-08    0.00000E+00    0.00000E+00    0.00000E+00
    0.62000E+07    0.18544E-08    0.49130E-12    0.11647E-08    0.00000E+00    0.00000E+00    0.00000E+00
    0.62049E+07    0.18570E-08    0.11017E-10    0.11598E-08    0.00000E+00    0.00000E+00    0.00000E+00
    0.62049E+07    0.19001E-08    0.11117E-10    0.11814E-08    0.00000E+00    0.00000E+00    0.00000E+00
    0.62075E+07    0.18865E-08    0.22225E-10    0.11696E-08    0.00000E+00    0.00000E+00    0.00000E+00
    0.62100E+07    0.18703E-08    0.37098E-10    0.11546E-08    0.00000E+00    0.00000E+00    0.00000E+00
    0.62150E+07    0.18316E-08    0.77362E-10    0.11163E-08    0.00000E+00    0.00000E+00    0.00000E+00
    0.62200E+07    0.17842E-08    0.13164E-09    0.10667E-08    0.00000E+00    0.00000E+00    0.00000E+00
    0.62250E+07    0.17287E-08    0.19929E-09    0.10068E-08    0.00000E+00    0.00000E+00    0.00000E+00
    0.62300E+07    0.16659E-08    0.27956E-09    0.93717E-09    0.00000E+00    0.00000E+00    0.00000E+00
    0.62350E+07    0.15966E-08    0.37157E-09    0.85885E-09    0.00000E+00    0.00000E+00    0.00000E+00
    0.62400E+07    0.15216E-08    0.47435E-09    0.77278E-09    0.00000E+00    0.00000E+00    0.00000E+00
    0.62450E+07    0.14416E-08    0.58681E-09    0.67995E-09    0.00000E+00    0.00000E+00    0.00000E+00
    0.62500E+07    0.13576E-08    0.70782E-09    0.58147E-09    0.00000E+00    0.00000E+00    0.00000E+00
    0.62550E+07    0.12704E-08    0.83614E-09    0.47839E-09    0.00000E+00    0.00000E+00    0.00000E+00
    0.62600E+07    0.11810E-08    0.97051E-09    0.37183E-09    0.00000E+00    0.00000E+00    0.00000E+00
    0.62650E+07    0.10902E-08    0.11096E-08    0.26290E-09    0.00000E+00    0.00000E+00    0.00000E+00
    0.62700E+07    0.99891E-09    0.12522E-08    0.15270E-09    0.00000E+00    0.00000E+00    0.00000E+00
    0.62750E+07    0.90790E-09    0.13967E-08    0.42323E-10    0.00000E+00    0.00000E+00    0.00000E+00
    0.62800E+07    0.81803E-09    0.15421E-08   -0.67181E-10    0.00000E+00    0.00000E+00    0.00000E+00
    0.62850E+07    0.73006E-09    0.16868E-08   -0.17480E-09    0.00000E+00    0.00000E+00    0.00000E+00
    0.62900E+07    0.64474E-09    0.18296E-08   -0.27954E-09    0.00000E+00    0.00000E+00    0.00000E+00
    0.62950E+07    0.56274E-09    0.19693E-08   -0.38051E-09    0.00000E+00    0.00000E+00    0.00000E+00
    0.63000E+07    0.48469E-09    0.21047E-08   -0.47684E-09    0.00000E+00    0.00000E+00    0.00000E+00
    0.63025E+07    0.44791E-09    0.21693E-08   -0.52229E-09    0.00000E+00    0.00000E+00    0.00000E+00
    0.63025E+07    0.36552E-09    0.23183E-08   -0.38103E-09    0.00000E+00    0.00000E+00    0.00000E+00
    0.63062E+07    0.33143E-09    0.24044E-08   -0.43106E-09    0.00000E+00    0.00000E+00    0.00000E+00
    0.63100E+07    0.29835E-09    0.24876E-08   -0.47988E-09    0.00000E+00    0.00000E+00    0.00000E+00
    0.63150E+07    0.25628E-09    0.25933E-08   -0.54245E-09    0.00000E+00    0.00000E+00    0.00000E+00
    0.63200E+07    0.21651E-09    0.26929E-08   -0.60215E-09    0.00000E+00    0.00000E+00    0.00000E+00
    0.63250E+07    0.17933E-09    0.27858E-08   -0.65857E-09    0.00000E+00    0.00000E+00    0.00000E+00
    0.63300E+07    0.14502E-09    0.28713E-08   -0.71130E-09    0.00000E+00    0.00000E+00    0.00000E+00
    0.63350E+07    0.11382E-09    0.29489E-08   -0.75999E-09    0.00000E+00    0.00000E+00    0.00000E+00
    0.63400E+07    0.85971E-10    0.30180E-08   -0.80424E-09    0.00000E+00    0.00000E+00    0.00000E+00
    0.63450E+07    0.61704E-10    0.30783E-08   -0.84374E-09    0.00000E+00    0.00000E+00    0.00000E+00
    0.63500E+07    0.41215E-10    0.31293E-08   -0.87816E-09    0.00000E+00    0.00000E+00    0.00000E+00
    0.63545E+07    0.26156E-10    0.31669E-08   -0.90458E-09    0.00000E+00    0.00000E+00    0.00000E+00
    0.63590E+07    0.14419E-10    0.31965E-08   -0.92648E-09    0.00000E+00    0.00000E+00    0.00000E+00
    0.63590E+07    0.32043E-10    0.22082E-08   -0.18882E-08    0.00000E+00    0.00000E+00    0.00000E+00
    0.63600E+07    0.23532E-10    0.22148E-08   -0.19002E-08    0.00000E+00    0.00000E+00    0.00000E+00
    0.63629E+07    0.62293E-11    0.22288E-08   -0.19263E-08    0.00000E+00    0.00000E+00    0.00000E+00
    0.63658E+07    0.17937E-13    0.22350E-08   -0.19389E-08    0.00000E+00    0.00000E+00    0.00000E+00
    0.63658E+07    0.23240E-11    0.27658E-09   -0.32133E-08    0.00000E+00    0.00000E+00    0.00000E+00
    0.63660E+07    0.00000E+00    0.27666E-09   -0.32151E-08    0.00000E+00    0.00000E+00    0.00000E+00
    0.63660E+07    0.00000E+00    0.00000E+00    0.00000E+00    0.00000E+00    0.00000E+00    0.00000E+00
    0.63710E+07    0.00000E+00    0.00000E+00    0.00000E+00    0.00000E+00    0.00000E+00    0.00000E+00
