    0.34800E+07    0.00000E+00    0.00000E+00    0.00000E+00    0.00000E+00    0.00000E+00    0.00000E+00
    0.34850E+07    0.00000E+00    0.00000E+00    0.00000E+00    0.00000E+00    0.00000E+00    0.00000E+00
    0.34900E+07    0.00000E+00    0.00000E+00    0.00000E+00    0.00000E+00    0.00000E+00    0.00000E+00
    0.34950E+07    0.00000E+00    0.00000E+00    0.00000E+00    0.00000E+00    0.00000E+00    0.00000E+00
    0.35000E+07    0.00000E+00    0.00000E+00    0.00000E+00    0.00000E+00    0.00000E+00    0.00000E+00
    0.35050E+07    0.00000E+00    0.00000E+00    0.00000E+00    0.00000E+00    0.00000E+00    0.00000E+00
    0.35100E+07    0.00000E+00    0.00000E+00    0.00000E+00    0.00000E+00    0.00000E+00    0.00000E+00
    0.35150E+07    0.00000E+00    0.00000E+00    0.00000E+00    0.00000E+00    0.00000E+00    0.00000E+00
    0.35200E+07    0.00000E+00    0.00000E+00    0.00000E+00    0.00000E+00    0.00000E+00    0.00000E+00
    0.35250E+07    0.00000E+00    0.00000E+00    0.00000E+00    0.00000E+00    0.00000E+00    0.00000E+00
    0.35300E+07    0.00000E+00    0.00000E+00    0.00000E+00    0.00000E+00    0.00000E+00    0.00000E+00
    0.35350E+07    0.00000E+00    0.00000E+00    0.00000E+00    0.00000E+00    0.00000E+00    0.00000E+00
    0.35400E+07    0.00000E+00    0.00000E+00    0.00000E+00    0.00000E+00    0.00000E+00    0.00000E+00
    0.35450E+07    0.00000E+00    0.00000E+00    0.00000E+00    0.00000E+00    0.00000E+00    0.00000E+00
    0.35500E+07    0.00000E+00    0.00000E+00    0.00000E+00    0.00000E+00    0.00000E+00    0.00000E+00
    0.35550E+07    0.00000E+00    0.00000E+00    0.00000E+00    0.00000E+00    0.00000E+00    0.00000E+00
    0.35600E+07    0.00000E+00    0.00000E+00    0.00000E+00    0.00000E+00    0.00000E+00    0.00000E+00
    0.35650E+07    0.00000E+00    0.00000E+00    0.00000E+00    0.00000E+00    0.00000E+00    0.00000E+00
    0.35700E+07    0.00000E+00    0.00000E+00    0.00000E+00    0.00000E+00    0.00000E+00    0.00000E+00
    0.35750E+07    0.00000E+00    0.00000E+00    0.00000E+00    0.00000E+00    0.00000E+00    0.00000E+00
    0.35800E+07    0.00000E+00    0.00000E+00    0.00000E+00    0.00000E+00    0.00000E+00    0.00000E+00
    0.35850E+07    0.00000E+00    0.00000E+00    0.00000E+00    0.00000E+00    0.00000E+00    0.00000E+00
    0.35900E+07    0.00000E+00    0.00000E+00    0.00000E+00    0.00000E+00    0.00000E+00    0.00000E+00
    0.35950E+07    0.00000E+00    0.00000E+00    0.00000E+00    0.00000E+00    0.00000E+00    0.00000E+00
    0.36000E+07    0.00000E+00    0.00000E+00    0.00000E+00    0.00000E+00    0.00000E+00    0.00000E+00
    0.36050E+07    0.00000E+00    0.00000E+00    0.00000E+00    0.00000E+00    0.00000E+00    0.00000E+00
    0.36100E+07    0.00000E+00    0.00000E+00    0.00000E+00    0.00000E+00    0.00000E+00    0.00000E+00
    0.36150E+07    0.00000E+00    0.00000E+00    0.00000E+00    0.00000E+00    0.00000E+00    0.00000E+00
    0.36200E+07    0.00000E+00    0.00000E+00    0.00000E+00    0.00000E+00    0.00000E+00    0.00000E+00
    0.36250E+07    0.00000E+00    0.00000E+00    0.00000E+00    0.00000E+00    0.00000E+00    0.00000E+00
    0.36300E+07    0.00000E+00    0.00000E+00    0.00000E+00    0.00000E+00    0.00000E+00    0.00000E+00
    0.36300E+07    0.00000E+00    0.00000E+00    0.00000E+00    0.00000E+00    0.00000E+00    0.00000E+00
    0.36350E+07    0.00000E+00    0.00000E+00    0.00000E+00    0.00000E+00    0.00000E+00    0.00000E+00
    0.36400E+07    0.00000E+00    0.00000E+00    0.00000E+00    0.00000E+00    0.00000E+00    0.00000E+00
    0.36450E+07    0.00000E+00    0.00000E+00    0.00000E+00    0.00000E+00    0.00000E+00    0.00000E+00
    0.36500E+07    0.00000E+00    0.00000E+00    0.00000E+00    0.00000E+00    0.00000E+00    0.00000E+00
    0.36550E+07    0.00000E+00    0.00000E+00    0.00000E+00    0.00000E+00    0.00000E+00    0.00000E+00
    0.36600E+07    0.00000E+00    0.00000E+00    0.00000E+00    0.00000E+00    0.00000E+00    0.00000E+00
    0.36650E+07    0.00000E+00    0.00000E+00    0.00000E+00    0.00000E+00    0.00000E+00    0.00000E+00
    0.36700E+07    0.00000E+00    0.00000E+00    0.00000E+00    0.00000E+00    0.00000E+00    0.00000E+00
    0.36750E+07    0.00000E+00    0.00000E+00    0.00000E+00    0.00000E+00    0.00000E+00    0.00000E+00
    0.36800E+07    0.00000E+00    0.00000E+00    0.00000E+00    0.00000E+00    0.00000E+00    0.00000E+00
    0.36850E+07    0.00000E+00    0.00000E+00    0.00000E+00    0.00000E+00    0.00000E+00    0.00000E+00
    0.36900E+07    0.00000E+00    0.00000E+00    0.00000E+00    0.00000E+00    0.00000E+00    0.00000E+00
    0.36950E+07    0.00000E+00    0.00000E+00    0.00000E+00    0.00000E+00    0.00000E+00    0.00000E+00
    0.37000E+07    0.00000E+00    0.00000E+00    0.00000E+00    0.00000E+00    0.00000E+00    0.00000E+00
    0.37050E+07    0.00000E+00    0.00000E+00    0.00000E+00    0.00000E+00    0.00000E+00    0.00000E+00
    0.37100E+07    0.00000E+00    0.00000E+00    0.00000E+00    0.00000E+00    0.00000E+00    0.00000E+00
    0.37150E+07    0.00000E+00    0.00000E+00    0.00000E+00    0.00000E+00    0.00000E+00    0.00000E+00
    0.37200E+07    0.00000E+00    0.00000E+00    0.00000E+00    0.00000E+00    0.00000E+00    0.00000E+00
    0.37250E+07    0.00000E+00    0.00000E+00    0.00000E+00    0.00000E+00    0.00000E+00    0.00000E+00
    0.37300E+07    0.00000E+00    0.00000E+00    0.00000E+00    0.00000E+00    0.00000E+00    0.00000E+00
    0.37350E+07    0.00000E+00    0.00000E+00    0.00000E+00    0.00000E+00    0.00000E+00    0.00000E+00
    0.37400E+07    0.00000E+00    0.00000E+00    0.00000E+00    0.00000E+00    0.00000E+00    0.00000E+00
    0.37450E+07    0.00000E+00    0.00000E+00    0.00000E+00    0.00000E+00    0.00000E+00    0.00000E+00
    0.37500E+07    0.00000E+00    0.00000E+00    0.00000E+00    0.00000E+00    0.00000E+00    0.00000E+00
    0.37550E+07    0.00000E+00    0.00000E+00    0.00000E+00    0.00000E+00    0.00000E+00    0.00000E+00
    0.37600E+07    0.00000E+00    0.00000E+00    0.00000E+00    0.00000E+00    0.00000E+00    0.00000E+00
    0.37650E+07    0.00000E+00    0.00000E+00    0.00000E+00    0.00000E+00    0.00000E+00    0.00000E+00
    0.37700E+07    0.00000E+00    0.00000E+00    0.00000E+00    0.00000E+00    0.00000E+00    0.00000E+00
    0.37750E+07    0.00000E+00    0.00000E+00    0.00000E+00    0.00000E+00    0.00000E+00    0.00000E+00
    0.37800E+07    0.00000E+00    0.00000E+00    0.00000E+00    0.00000E+00    0.00000E+00    0.00000E+00
    0.37850E+07    0.00000E+00    0.00000E+00    0.00000E+00    0.00000E+00    0.00000E+00    0.00000E+00
    0.37900E+07    0.00000E+00    0.00000E+00    0.00000E+00    0.00000E+00    0.00000E+00    0.00000E+00
    0.37950E+07    0.00000E+00    0.00000E+00    0.00000E+00    0.00000E+00    0.00000E+00    0.00000E+00
    0.38000E+07    0.00000E+00    0.00000E+00    0.00000E+00    0.00000E+00    0.00000E+00    0.00000E+00
    0.38050E+07    0.00000E+00    0.00000E+00    0.00000E+00    0.00000E+00    0.00000E+00    0.00000E+00
    0.38100E+07    0.00000E+00    0.00000E+00    0.00000E+00    0.00000E+00    0.00000E+00    0.00000E+00
    0.38150E+07    0.00000E+00    0.00000E+00    0.00000E+00    0.00000E+00    0.00000E+00    0.00000E+00
    0.38200E+07    0.00000E+00    0.00000E+00    0.00000E+00    0.00000E+00    0.00000E+00    0.00000E+00
    0.38250E+07    0.00000E+00    0.00000E+00    0.00000E+00    0.00000E+00    0.00000E+00    0.00000E+00
    0.38300E+07    0.00000E+00    0.00000E+00    0.00000E+00    0.00000E+00    0.00000E+00    0.00000E+00
    0.38350E+07    0.00000E+00    0.00000E+00    0.00000E+00    0.00000E+00    0.00000E+00    0.00000E+00
    0.38400E+07    0.00000E+00    0.00000E+00    0.00000E+00    0.00000E+00    0.00000E+00    0.00000E+00
    0.38450E+07    0.00000E+00    0.00000E+00    0.00000E+00    0.00000E+00    0.00000E+00    0.00000E+00
    0.38500E+07    0.00000E+00    0.00000E+00    0.00000E+00    0.00000E+00    0.00000E+00    0.00000E+00
    0.38550E+07    0.00000E+00    0.00000E+00    0.00000E+00    0.00000E+00    0.00000E+00    0.00000E+00
    0.38600E+07    0.00000E+00    0.00000E+00    0.00000E+00    0.00000E+00    0.00000E+00    0.00000E+00
    0.38650E+07    0.00000E+00    0.00000E+00    0.00000E+00    0.00000E+00    0.00000E+00    0.00000E+00
    0.38700E+07    0.00000E+00    0.00000E+00    0.00000E+00    0.00000E+00    0.00000E+00    0.00000E+00
    0.38750E+07    0.00000E+00    0.00000E+00    0.00000E+00    0.00000E+00    0.00000E+00    0.00000E+00
    0.38800E+07    0.00000E+00    0.00000E+00    0.00000E+00    0.00000E+00    0.00000E+00    0.00000E+00
    0.38850E+07    0.00000E+00    0.00000E+00    0.00000E+00    0.00000E+00    0.00000E+00    0.00000E+00
    0.38900E+07    0.00000E+00    0.00000E+00    0.00000E+00    0.00000E+00    0.00000E+00    0.00000E+00
    0.38950E+07    0.00000E+00    0.00000E+00    0.00000E+00    0.00000E+00    0.00000E+00    0.00000E+00
    0.39000E+07    0.00000E+00    0.00000E+00    0.00000E+00    0.00000E+00    0.00000E+00    0.00000E+00
    0.39050E+07    0.00000E+00    0.00000E+00    0.00000E+00    0.00000E+00    0.00000E+00    0.00000E+00
    0.39100E+07    0.00000E+00    0.00000E+00    0.00000E+00    0.00000E+00    0.00000E+00    0.00000E+00
    0.39150E+07    0.00000E+00    0.00000E+00    0.00000E+00    0.00000E+00    0.00000E+00    0.00000E+00
    0.39200E+07    0.00000E+00    0.00000E+00    0.00000E+00    0.00000E+00    0.00000E+00    0.00000E+00
    0.39250E+07    0.00000E+00    0.00000E+00    0.00000E+00    0.00000E+00    0.00000E+00    0.00000E+00
    0.39300E+07    0.00000E+00    0.00000E+00    0.00000E+00    0.00000E+00    0.00000E+00    0.00000E+00
    0.39350E+07    0.00000E+00    0.00000E+00    0.00000E+00    0.00000E+00    0.00000E+00    0.00000E+00
    0.39400E+07    0.00000E+00    0.00000E+00    0.00000E+00    0.00000E+00    0.00000E+00    0.00000E+00
    0.39450E+07    0.00000E+00    0.00000E+00    0.00000E+00    0.00000E+00    0.00000E+00    0.00000E+00
    0.39500E+07    0.00000E+00    0.00000E+00    0.00000E+00    0.00000E+00    0.00000E+00    0.00000E+00
    0.39550E+07    0.00000E+00    0.00000E+00    0.00000E+00    0.00000E+00    0.00000E+00    0.00000E+00
    0.39600E+07    0.00000E+00    0.00000E+00    0.00000E+00    0.00000E+00    0.00000E+00    0.00000E+00
    0.39650E+07    0.00000E+00    0.00000E+00    0.00000E+00    0.00000E+00    0.00000E+00    0.00000E+00
    0.39700E+07    0.00000E+00    0.00000E+00    0.00000E+00    0.00000E+00    0.00000E+00    0.00000E+00
    0.39750E+07    0.00000E+00    0.00000E+00    0.00000E+00    0.00000E+00    0.00000E+00    0.00000E+00
    0.39800E+07    0.00000E+00    0.00000E+00    0.00000E+00    0.00000E+00    0.00000E+00    0.00000E+00
    0.39850E+07    0.00000E+00    0.00000E+00    0.00000E+00    0.00000E+00    0.00000E+00    0.00000E+00
    0.39900E+07    0.00000E+00    0.00000E+00    0.00000E+00    0.00000E+00    0.00000E+00    0.00000E+00
    0.39950E+07    0.00000E+00    0.00000E+00    0.00000E+00    0.00000E+00    0.00000E+00    0.00000E+00
    0.40000E+07    0.00000E+00    0.00000E+00    0.00000E+00    0.00000E+00    0.00000E+00    0.00000E+00
    0.40050E+07    0.00000E+00    0.00000E+00    0.00000E+00    0.00000E+00    0.00000E+00    0.00000E+00
    0.40100E+07    0.00000E+00    0.00000E+00    0.00000E+00    0.00000E+00    0.00000E+00    0.00000E+00
    0.40150E+07    0.00000E+00    0.00000E+00    0.00000E+00    0.00000E+00    0.00000E+00    0.00000E+00
    0.40200E+07    0.00000E+00    0.00000E+00    0.00000E+00    0.00000E+00    0.00000E+00    0.00000E+00
    0.40250E+07    0.00000E+00    0.00000E+00    0.00000E+00    0.00000E+00    0.00000E+00    0.00000E+00
    0.40300E+07    0.00000E+00    0.00000E+00    0.00000E+00    0.00000E+00    0.00000E+00    0.00000E+00
    0.40350E+07    0.00000E+00    0.00000E+00    0.00000E+00    0.00000E+00    0.00000E+00    0.00000E+00
    0.40400E+07    0.00000E+00    0.00000E+00    0.00000E+00    0.00000E+00    0.00000E+00    0.00000E+00
    0.40450E+07    0.00000E+00    0.00000E+00    0.00000E+00    0.00000E+00    0.00000E+00    0.00000E+00
    0.40500E+07    0.00000E+00    0.00000E+00    0.00000E+00    0.00000E+00    0.00000E+00    0.00000E+00
    0.40550E+07    0.00000E+00    0.00000E+00    0.00000E+00    0.00000E+00    0.00000E+00    0.00000E+00
    0.40600E+07    0.00000E+00    0.00000E+00    0.00000E+00    0.00000E+00    0.00000E+00    0.00000E+00
    0.40650E+07    0.00000E+00    0.00000E+00    0.00000E+00    0.00000E+00    0.00000E+00    0.00000E+00
    0.40700E+07    0.00000E+00    0.00000E+00    0.00000E+00    0.00000E+00    0.00000E+00    0.00000E+00
    0.40750E+07    0.00000E+00    0.00000E+00    0.00000E+00    0.00000E+00    0.00000E+00    0.00000E+00
    0.40800E+07    0.00000E+00    0.00000E+00    0.00000E+00    0.00000E+00    0.00000E+00    0.00000E+00
    0.40850E+07    0.00000E+00    0.00000E+00    0.00000E+00    0.00000E+00    0.00000E+00    0.00000E+00
    0.40900E+07    0.00000E+00    0.00000E+00    0.00000E+00    0.00000E+00    0.00000E+00    0.00000E+00
    0.40950E+07    0.00000E+00    0.00000E+00    0.00000E+00    0.00000E+00    0.00000E+00    0.00000E+00
    0.41000E+07    0.00000E+00    0.00000E+00    0.00000E+00    0.00000E+00    0.00000E+00    0.00000E+00
    0.41050E+07    0.00000E+00    0.00000E+00    0.00000E+00    0.00000E+00    0.00000E+00    0.00000E+00
    0.41100E+07    0.00000E+00    0.00000E+00    0.00000E+00    0.00000E+00    0.00000E+00    0.00000E+00
    0.41150E+07    0.00000E+00    0.00000E+00    0.00000E+00    0.00000E+00    0.00000E+00    0.00000E+00
    0.41200E+07    0.00000E+00    0.00000E+00    0.00000E+00    0.00000E+00    0.00000E+00    0.00000E+00
    0.41250E+07    0.00000E+00    0.00000E+00    0.00000E+00    0.00000E+00    0.00000E+00    0.00000E+00
    0.41300E+07    0.00000E+00    0.00000E+00    0.00000E+00    0.00000E+00    0.00000E+00    0.00000E+00
    0.41350E+07    0.20719E-33    0.28438E-33    0.28151E-33    0.00000E+00    0.00000E+00    0.00000E+00
    0.41400E+07    0.25830E-33    0.35411E-33    0.35062E-33    0.00000E+00    0.00000E+00    0.00000E+00
    0.41450E+07    0.32182E-33    0.44088E-33    0.43653E-33    0.00000E+00    0.00000E+00    0.00000E+00
    0.41500E+07    0.61592E-33    0.84463E-33    0.83576E-33    0.00000E+00    0.00000E+00    0.00000E+00
    0.41550E+07    0.76732E-33    0.10517E-32    0.10406E-32    0.00000E+00    0.00000E+00    0.00000E+00
    0.41600E+07    0.95542E-33    0.13093E-32    0.12951E-32    0.00000E+00    0.00000E+00    0.00000E+00
    0.41650E+07    0.11890E-32    0.16296E-32    0.16112E-32    0.00000E+00    0.00000E+00    0.00000E+00
    0.41700E+07    0.14791E-32    0.20276E-32    0.20037E-32    0.00000E+00    0.00000E+00    0.00000E+00
    0.41750E+07    0.18391E-32    0.25220E-32    0.24910E-32    0.00000E+00    0.00000E+00    0.00000E+00
    0.41800E+07    0.22857E-32    0.31361E-32    0.30956E-32    0.00000E+00    0.00000E+00    0.00000E+00
    0.41850E+07    0.28395E-32    0.38985E-32    0.38455E-32    0.00000E+00    0.00000E+00    0.00000E+00
    0.41900E+07    0.35261E-32    0.48445E-32    0.47753E-32    0.00000E+00    0.00000E+00    0.00000E+00
    0.41950E+07    0.43769E-32    0.60181E-32    0.59277E-32    0.00000E+00    0.00000E+00    0.00000E+00
    0.42000E+07    0.54309E-32    0.74734E-32    0.73554E-32    0.00000E+00    0.00000E+00    0.00000E+00
    0.42050E+07    0.67360E-32    0.92775E-32    0.91236E-32    0.00000E+00    0.00000E+00    0.00000E+00
    0.42100E+07    0.83515E-32    0.11513E-31    0.11313E-31    0.00000E+00    0.00000E+00    0.00000E+00
    0.42150E+07    0.10351E-31    0.14282E-31    0.14022E-31    0.00000E+00    0.00000E+00    0.00000E+00
    0.42200E+07    0.12823E-31    0.17711E-31    0.17373E-31    0.00000E+00    0.00000E+00    0.00000E+00
    0.42250E+07    0.15881E-31    0.21954E-31    0.21518E-31    0.00000E+00    0.00000E+00    0.00000E+00
    0.42300E+07    0.19659E-31    0.27206E-31    0.26641E-31    0.00000E+00    0.00000E+00    0.00000E+00
    0.42350E+07    0.24328E-31    0.33700E-31    0.32972E-31    0.00000E+00    0.00000E+00    0.00000E+00
    0.42400E+07    0.30095E-31    0.41731E-31    0.40793E-31    0.00000E+00    0.00000E+00    0.00000E+00
    0.42450E+07    0.37214E-31    0.51656E-31    0.50450E-31    0.00000E+00    0.00000E+00    0.00000E+00
    0.42500E+07    0.46001E-31    0.63919E-31    0.62370E-31    0.00000E+00    0.00000E+00    0.00000E+00
    0.42550E+07    0.56842E-31    0.79064E-31    0.77079E-31    0.00000E+00    0.00000E+00    0.00000E+00
    0.42600E+07    0.70211E-31    0.97763E-31    0.95221E-31    0.00000E+00    0.00000E+00    0.00000E+00
    0.42650E+07    0.86693E-31    0.12084E-30    0.11759E-30    0.00000E+00    0.00000E+00    0.00000E+00
    0.42700E+07    0.10701E-30    0.14931E-30    0.14516E-30    0.00000E+00    0.00000E+00    0.00000E+00
    0.42750E+07    0.13203E-30    0.18443E-30    0.17913E-30    0.00000E+00    0.00000E+00    0.00000E+00
    0.42800E+07    0.16284E-30    0.22772E-30    0.22098E-30    0.00000E+00    0.00000E+00    0.00000E+00
    0.42850E+07    0.20078E-30    0.28106E-30    0.27249E-30    0.00000E+00    0.00000E+00    0.00000E+00
    0.42900E+07    0.24746E-30    0.34679E-30    0.33589E-30    0.00000E+00    0.00000E+00    0.00000E+00
    0.42950E+07    0.30488E-30    0.42772E-30    0.41390E-30    0.00000E+00    0.00000E+00    0.00000E+00
    0.43000E+07    0.37550E-30    0.52736E-30    0.50983E-30    0.00000E+00    0.00000E+00    0.00000E+00
    0.43050E+07    0.46230E-30    0.64998E-30    0.62778E-30    0.00000E+00    0.00000E+00    0.00000E+00
    0.43100E+07    0.56896E-30    0.80082E-30    0.77273E-30    0.00000E+00    0.00000E+00    0.00000E+00
    0.43150E+07    0.69997E-30    0.98632E-30    0.95081E-30    0.00000E+00    0.00000E+00    0.00000E+00
    0.43200E+07    0.86085E-30    0.12144E-29    0.11695E-29    0.00000E+00    0.00000E+00    0.00000E+00
    0.43250E+07    0.10583E-29    0.14946E-29    0.14380E-29    0.00000E+00    0.00000E+00    0.00000E+00
    0.43300E+07    0.13006E-29    0.18388E-29    0.17675E-29    0.00000E+00    0.00000E+00    0.00000E+00
    0.43350E+07    0.15978E-29    0.22615E-29    0.21716E-29    0.00000E+00    0.00000E+00    0.00000E+00
    0.43400E+07    0.19622E-29    0.27804E-29    0.26673E-29    0.00000E+00    0.00000E+00    0.00000E+00
    0.43450E+07    0.24089E-29    0.34171E-29    0.32749E-29    0.00000E+00    0.00000E+00    0.00000E+00
    0.43500E+07    0.29561E-29    0.41982E-29    0.40195E-29    0.00000E+00    0.00000E+00    0.00000E+00
    0.43550E+07    0.36264E-29    0.51560E-29    0.49317E-29    0.00000E+00    0.00000E+00    0.00000E+00
    0.43600E+07    0.44472E-29    0.63301E-29    0.60487E-29    0.00000E+00    0.00000E+00    0.00000E+00
    0.43650E+07    0.54517E-29    0.77688E-29    0.74160E-29    0.00000E+00    0.00000E+00    0.00000E+00
    0.43700E+07    0.66807E-29    0.95311E-29    0.90892E-29    0.00000E+00    0.00000E+00    0.00000E+00
    0.43750E+07    0.81839E-29    0.11689E-28    0.11136E-28    0.00000E+00    0.00000E+00    0.00000E+00
    0.43800E+07    0.10022E-28    0.14331E-28    0.13639E-28    0.00000E+00    0.00000E+00    0.00000E+00
    0.43850E+07    0.12268E-28    0.17563E-28    0.16698E-28    0.00000E+00    0.00000E+00    0.00000E+00
    0.43900E+07    0.15012E-28    0.21517E-28    0.20437E-28    0.00000E+00    0.00000E+00    0.00000E+00
    0.43950E+07    0.18364E-28    0.26352E-28    0.25003E-28    0.00000E+00    0.00000E+00    0.00000E+00
    0.44000E+07    0.22457E-28    0.32262E-28    0.30579E-28    0.00000E+00    0.00000E+00    0.00000E+00
    0.44050E+07    0.27451E-28    0.39484E-28    0.37386E-28    0.00000E+00    0.00000E+00    0.00000E+00
    0.44100E+07    0.33545E-28    0.48305E-28    0.45691E-28    0.00000E+00    0.00000E+00    0.00000E+00
    0.44150E+07    0.40977E-28    0.59077E-28    0.55822E-28    0.00000E+00    0.00000E+00    0.00000E+00
    0.44200E+07    0.50038E-28    0.72226E-28    0.68176E-28    0.00000E+00    0.00000E+00    0.00000E+00
    0.44250E+07    0.61081E-28    0.88271E-28    0.83234E-28    0.00000E+00    0.00000E+00    0.00000E+00
    0.44300E+07    0.74536E-28    0.10784E-27    0.10158E-27    0.00000E+00    0.00000E+00    0.00000E+00
    0.44350E+07    0.90922E-28    0.13171E-27    0.12393E-27    0.00000E+00    0.00000E+00    0.00000E+00
    0.44400E+07    0.11087E-27    0.16080E-27    0.15115E-27    0.00000E+00    0.00000E+00    0.00000E+00
    0.44450E+07    0.13515E-27    0.19625E-27    0.18427E-27    0.00000E+00    0.00000E+00    0.00000E+00
    0.44500E+07    0.16469E-27    0.23944E-27    0.22458E-27    0.00000E+00    0.00000E+00    0.00000E+00
    0.44550E+07    0.20062E-27    0.29202E-27    0.27361E-27    0.00000E+00    0.00000E+00    0.00000E+00
    0.44600E+07    0.24429E-27    0.35603E-27    0.33322E-27    0.00000E+00    0.00000E+00    0.00000E+00
    0.44650E+07    0.29738E-27    0.43393E-27    0.40569E-27    0.00000E+00    0.00000E+00    0.00000E+00
    0.44700E+07    0.36187E-27    0.52869E-27    0.49374E-27    0.00000E+00    0.00000E+00    0.00000E+00
    0.44750E+07    0.44020E-27    0.64391E-27    0.60070E-27    0.00000E+00    0.00000E+00    0.00000E+00
    0.44800E+07    0.53529E-27    0.78399E-27    0.73057E-27    0.00000E+00    0.00000E+00    0.00000E+00
    0.44850E+07    0.65071E-27    0.95420E-27    0.88821E-27    0.00000E+00    0.00000E+00    0.00000E+00
    0.44900E+07    0.79073E-27    0.11610E-26    0.10795E-26    0.00000E+00    0.00000E+00    0.00000E+00
    0.44950E+07    0.96055E-27    0.14121E-26    0.13115E-26    0.00000E+00    0.00000E+00    0.00000E+00
    0.45000E+07    0.11664E-26    0.17169E-26    0.15929E-26    0.00000E+00    0.00000E+00    0.00000E+00
    0.45050E+07    0.14160E-26    0.20869E-26    0.19339E-26    0.00000E+00    0.00000E+00    0.00000E+00
    0.45100E+07    0.17183E-26    0.25356E-26    0.23472E-26    0.00000E+00    0.00000E+00    0.00000E+00
    0.45150E+07    0.20845E-26    0.30799E-26    0.28477E-26    0.00000E+00    0.00000E+00    0.00000E+00
    0.45200E+07    0.25278E-26    0.37397E-26    0.34539E-26    0.00000E+00    0.00000E+00    0.00000E+00
    0.45250E+07    0.30644E-26    0.45392E-26    0.41876E-26    0.00000E+00    0.00000E+00    0.00000E+00
    0.45300E+07    0.37136E-26    0.55079E-26    0.50754E-26    0.00000E+00    0.00000E+00    0.00000E+00
    0.45350E+07    0.44987E-26    0.66811E-26    0.61494E-26    0.00000E+00    0.00000E+00    0.00000E+00
    0.45400E+07    0.54480E-26    0.81014E-26    0.74481E-26    0.00000E+00    0.00000E+00    0.00000E+00
    0.45450E+07    0.65955E-26    0.98203E-26    0.90179E-26    0.00000E+00    0.00000E+00    0.00000E+00
    0.45500E+07    0.79818E-26    0.11900E-25    0.10915E-25    0.00000E+00    0.00000E+00    0.00000E+00
    0.45550E+07    0.96562E-26    0.14415E-25    0.13207E-25    0.00000E+00    0.00000E+00    0.00000E+00
    0.45600E+07    0.11678E-25    0.17456E-25    0.15974E-25    0.00000E+00    0.00000E+00    0.00000E+00
    0.45650E+07    0.14118E-25    0.21131E-25    0.19314E-25    0.00000E+00    0.00000E+00    0.00000E+00
    0.45700E+07    0.17062E-25    0.25572E-25    0.23345E-25    0.00000E+00    0.00000E+00    0.00000E+00
    0.45750E+07    0.20613E-25    0.30935E-25    0.28208E-25    0.00000E+00    0.00000E+00    0.00000E+00
    0.45800E+07    0.24895E-25    0.37411E-25    0.34072E-25    0.00000E+00    0.00000E+00    0.00000E+00
    0.45850E+07    0.30057E-25    0.45227E-25    0.41142E-25    0.00000E+00    0.00000E+00    0.00000E+00
    0.45900E+07    0.36276E-25    0.54658E-25    0.49661E-25    0.00000E+00    0.00000E+00    0.00000E+00
    0.45950E+07    0.43766E-25    0.66034E-25    0.59924E-25    0.00000E+00    0.00000E+00    0.00000E+00
    0.46000E+07    0.52786E-25    0.79750E-25    0.72284E-25    0.00000E+00    0.00000E+00    0.00000E+00
    0.46050E+07    0.63643E-25    0.96284E-25    0.87163E-25    0.00000E+00    0.00000E+00    0.00000E+00
    0.46100E+07    0.76708E-25    0.11621E-24    0.10507E-24    0.00000E+00    0.00000E+00    0.00000E+00
    0.46150E+07    0.92423E-25    0.14020E-24    0.12661E-24    0.00000E+00    0.00000E+00    0.00000E+00
    0.46200E+07    0.11132E-24    0.16910E-24    0.15252E-24    0.00000E+00    0.00000E+00    0.00000E+00
    0.46250E+07    0.13404E-24    0.20389E-24    0.18367E-24    0.00000E+00    0.00000E+00    0.00000E+00
    0.46300E+07    0.16133E-24    0.24575E-24    0.22110E-24    0.00000E+00    0.00000E+00    0.00000E+00
    0.46350E+07    0.19412E-24    0.29611E-24    0.26608E-24    0.00000E+00    0.00000E+00    0.00000E+00
    0.46400E+07    0.23350E-24    0.35667E-24    0.32009E-24    0.00000E+00    0.00000E+00    0.00000E+00
    0.46450E+07    0.28077E-24    0.42947E-24    0.38494E-24    0.00000E+00    0.00000E+00    0.00000E+00
    0.46500E+07    0.33749E-24    0.51697E-24    0.46277E-24    0.00000E+00    0.00000E+00    0.00000E+00
    0.46550E+07    0.40554E-24    0.62208E-24    0.55616E-24    0.00000E+00    0.00000E+00    0.00000E+00
    0.46600E+07    0.48715E-24    0.74832E-24    0.66816E-24    0.00000E+00    0.00000E+00    0.00000E+00
    0.46650E+07    0.58499E-24    0.89987E-24    0.80246E-24    0.00000E+00    0.00000E+00    0.00000E+00
    0.46700E+07    0.70223E-24    0.10818E-23    0.96342E-24    0.00000E+00    0.00000E+00    0.00000E+00
    0.46750E+07    0.84270E-24    0.13000E-23    0.11563E-23    0.00000E+00    0.00000E+00    0.00000E+00
    0.46800E+07    0.10109E-23    0.15618E-23    0.13873E-23    0.00000E+00    0.00000E+00    0.00000E+00
    0.46850E+07    0.12123E-23    0.18756E-23    0.16639E-23    0.00000E+00    0.00000E+00    0.00000E+00
    0.46900E+07    0.14534E-23    0.22518E-23    0.19950E-23    0.00000E+00    0.00000E+00    0.00000E+00
    0.46950E+07    0.17417E-23    0.27025E-23    0.23911E-23    0.00000E+00    0.00000E+00    0.00000E+00
    0.47000E+07    0.20867E-23    0.32424E-23    0.28650E-23    0.00000E+00    0.00000E+00    0.00000E+00
    0.47050E+07    0.24991E-23    0.38889E-23    0.34317E-23    0.00000E+00    0.00000E+00    0.00000E+00
    0.47100E+07    0.29919E-23    0.46627E-23    0.41091E-23    0.00000E+00    0.00000E+00    0.00000E+00
    0.47150E+07    0.35809E-23    0.55887E-23    0.49185E-23    0.00000E+00    0.00000E+00    0.00000E+00
    0.47200E+07    0.42843E-23    0.66965E-23    0.58854E-23    0.00000E+00    0.00000E+00    0.00000E+00
    0.47250E+07    0.51242E-23    0.80212E-23    0.70401E-23    0.00000E+00    0.00000E+00    0.00000E+00
    0.47300E+07    0.61266E-23    0.96048E-23    0.84185E-23    0.00000E+00    0.00000E+00    0.00000E+00
    0.47350E+07    0.73229E-23    0.11497E-22    0.10063E-22    0.00000E+00    0.00000E+00    0.00000E+00
    0.47400E+07    0.87497E-23    0.13758E-22    0.12026E-22    0.00000E+00    0.00000E+00    0.00000E+00
    0.47450E+07    0.10451E-22    0.16458E-22    0.14366E-22    0.00000E+00    0.00000E+00    0.00000E+00
    0.47500E+07    0.12479E-22    0.19682E-22    0.17156E-22    0.00000E+00    0.00000E+00    0.00000E+00
    0.47550E+07    0.14896E-22    0.23530E-22    0.20481E-22    0.00000E+00    0.00000E+00    0.00000E+00
    0.47600E+07    0.17775E-22    0.28120E-22    0.24443E-22    0.00000E+00    0.00000E+00    0.00000E+00
    0.47650E+07    0.21204E-22    0.33595E-22    0.29161E-22    0.00000E+00    0.00000E+00    0.00000E+00
    0.47700E+07    0.25285E-22    0.40124E-22    0.34778E-22    0.00000E+00    0.00000E+00    0.00000E+00
    0.47750E+07    0.30142E-22    0.47905E-22    0.41464E-22    0.00000E+00    0.00000E+00    0.00000E+00
    0.47800E+07    0.35920E-22    0.57177E-22    0.49419E-22    0.00000E+00    0.00000E+00    0.00000E+00
    0.47850E+07    0.42791E-22    0.68222E-22    0.58880E-22    0.00000E+00    0.00000E+00    0.00000E+00
    0.47900E+07    0.50961E-22    0.81373E-22    0.70130E-22    0.00000E+00    0.00000E+00    0.00000E+00
    0.47950E+07    0.60670E-22    0.97029E-22    0.83501E-22    0.00000E+00    0.00000E+00    0.00000E+00
    0.48000E+07    0.72205E-22    0.11566E-21    0.99389E-22    0.00000E+00    0.00000E+00    0.00000E+00
    0.48050E+07    0.85905E-22    0.13782E-21    0.11826E-21    0.00000E+00    0.00000E+00    0.00000E+00
    0.48100E+07    0.10217E-21    0.16418E-21    0.14067E-21    0.00000E+00    0.00000E+00    0.00000E+00
    0.48150E+07    0.12148E-21    0.19551E-21    0.16727E-21    0.00000E+00    0.00000E+00    0.00000E+00
    0.48200E+07    0.14438E-21    0.23276E-21    0.19884E-21    0.00000E+00    0.00000E+00    0.00000E+00
    0.48250E+07    0.17155E-21    0.27700E-21    0.23628E-21    0.00000E+00    0.00000E+00    0.00000E+00
    0.48300E+07    0.20377E-21    0.32955E-21    0.28069E-21    0.00000E+00    0.00000E+00    0.00000E+00
    0.48350E+07    0.24195E-21    0.39194E-21    0.33332E-21    0.00000E+00    0.00000E+00    0.00000E+00
    0.48400E+07    0.28720E-21    0.46600E-21    0.39570E-21    0.00000E+00    0.00000E+00    0.00000E+00
    0.48450E+07    0.34079E-21    0.55387E-21    0.46961E-21    0.00000E+00    0.00000E+00    0.00000E+00
    0.48500E+07    0.40426E-21    0.65810E-21    0.55712E-21    0.00000E+00    0.00000E+00    0.00000E+00
    0.48550E+07    0.47939E-21    0.78169E-21    0.66074E-21    0.00000E+00    0.00000E+00    0.00000E+00
    0.48600E+07    0.56829E-21    0.92819E-21    0.78336E-21    0.00000E+00    0.00000E+00    0.00000E+00
    0.48650E+07    0.67346E-21    0.11018E-20    0.92844E-21    0.00000E+00    0.00000E+00    0.00000E+00
    0.48700E+07    0.79783E-21    0.13075E-20    0.11000E-20    0.00000E+00    0.00000E+00    0.00000E+00
    0.48750E+07    0.94486E-21    0.15510E-20    0.13029E-20    0.00000E+00    0.00000E+00    0.00000E+00
    0.48800E+07    0.11186E-20    0.18394E-20    0.15427E-20    0.00000E+00    0.00000E+00    0.00000E+00
    0.48850E+07    0.13239E-20    0.21806E-20    0.18260E-20    0.00000E+00    0.00000E+00    0.00000E+00
    0.48900E+07    0.15663E-20    0.25843E-20    0.21606E-20    0.00000E+00    0.00000E+00    0.00000E+00
    0.48950E+07    0.18526E-20    0.30618E-20    0.25558E-20    0.00000E+00    0.00000E+00    0.00000E+00
    0.49000E+07    0.21904E-20    0.36264E-20    0.30222E-20    0.00000E+00    0.00000E+00    0.00000E+00
    0.49050E+07    0.25890E-20    0.42937E-20    0.35725E-20    0.00000E+00    0.00000E+00    0.00000E+00
    0.49100E+07    0.30591E-20    0.50822E-20    0.42217E-20    0.00000E+00    0.00000E+00    0.00000E+00
    0.49150E+07    0.36134E-20    0.60135E-20    0.49872E-20    0.00000E+00    0.00000E+00    0.00000E+00
    0.49200E+07    0.42668E-20    0.71132E-20    0.58896E-20    0.00000E+00    0.00000E+00    0.00000E+00
    0.49250E+07    0.50366E-20    0.84114E-20    0.69530E-20    0.00000E+00    0.00000E+00    0.00000E+00
    0.49300E+07    0.59435E-20    0.99434E-20    0.82058E-20    0.00000E+00    0.00000E+00    0.00000E+00
    0.49350E+07    0.70113E-20    0.11751E-19    0.96810E-20    0.00000E+00    0.00000E+00    0.00000E+00
    0.49400E+07    0.82682E-20    0.13882E-19    0.11418E-19    0.00000E+00    0.00000E+00    0.00000E+00
    0.49450E+07    0.97473E-20    0.16394E-19    0.13462E-19    0.00000E+00    0.00000E+00    0.00000E+00
    0.49500E+07    0.11487E-19    0.19356E-19    0.15866E-19    0.00000E+00    0.00000E+00    0.00000E+00
    0.49550E+07    0.13533E-19    0.22844E-19    0.18695E-19    0.00000E+00    0.00000E+00    0.00000E+00
    0.49600E+07    0.15939E-19    0.26953E-19    0.22020E-19    0.00000E+00    0.00000E+00    0.00000E+00
    0.49650E+07    0.18765E-19    0.31792E-19    0.25928E-19    0.00000E+00    0.00000E+00    0.00000E+00
    0.49700E+07    0.22086E-19    0.37486E-19    0.30519E-19    0.00000E+00    0.00000E+00    0.00000E+00
    0.49750E+07    0.25987E-19    0.44187E-19    0.35912E-19    0.00000E+00    0.00000E+00    0.00000E+00
    0.49800E+07    0.30565E-19    0.52069E-19    0.42244E-19    0.00000E+00    0.00000E+00    0.00000E+00
    0.49850E+07    0.35939E-19    0.61337E-19    0.49677E-19    0.00000E+00    0.00000E+00    0.00000E+00
    0.49900E+07    0.42244E-19    0.72232E-19    0.58398E-19    0.00000E+00    0.00000E+00    0.00000E+00
    0.49950E+07    0.49640E-19    0.85035E-19    0.68628E-19    0.00000E+00    0.00000E+00    0.00000E+00
    0.50000E+07    0.58310E-19    0.10008E-18    0.80623E-19    0.00000E+00    0.00000E+00    0.00000E+00
    0.50050E+07    0.68473E-19    0.11774E-18    0.94684E-19    0.00000E+00    0.00000E+00    0.00000E+00
    0.50100E+07    0.80381E-19    0.13848E-18    0.11116E-18    0.00000E+00    0.00000E+00    0.00000E+00
    0.50150E+07    0.94329E-19    0.16282E-18    0.13046E-18    0.00000E+00    0.00000E+00    0.00000E+00
    0.50200E+07    0.11066E-18    0.19137E-18    0.15307E-18    0.00000E+00    0.00000E+00    0.00000E+00
    0.50250E+07    0.12978E-18    0.22487E-18    0.17953E-18    0.00000E+00    0.00000E+00    0.00000E+00
    0.50300E+07    0.15215E-18    0.26414E-18    0.21050E-18    0.00000E+00    0.00000E+00    0.00000E+00
    0.50350E+07    0.17832E-18    0.31017E-18    0.24672E-18    0.00000E+00    0.00000E+00    0.00000E+00
    0.50400E+07    0.20892E-18    0.36411E-18    0.28909E-18    0.00000E+00    0.00000E+00    0.00000E+00
    0.50450E+07    0.24470E-18    0.42730E-18    0.33863E-18    0.00000E+00    0.00000E+00    0.00000E+00
    0.50500E+07    0.28650E-18    0.50129E-18    0.39652E-18    0.00000E+00    0.00000E+00    0.00000E+00
    0.50550E+07    0.33534E-18    0.58790E-18    0.46416E-18    0.00000E+00    0.00000E+00    0.00000E+00
    0.50600E+07    0.39238E-18    0.68926E-18    0.54315E-18    0.00000E+00    0.00000E+00    0.00000E+00
    0.50650E+07    0.45897E-18    0.80785E-18    0.63539E-18    0.00000E+00    0.00000E+00    0.00000E+00
    0.50700E+07    0.53668E-18    0.94654E-18    0.74304E-18    0.00000E+00    0.00000E+00    0.00000E+00
    0.50750E+07    0.62736E-18    0.11087E-17    0.86865E-18    0.00000E+00    0.00000E+00    0.00000E+00
    0.50800E+07    0.73310E-18    0.12982E-17    0.10152E-17    0.00000E+00    0.00000E+00    0.00000E+00
    0.50850E+07    0.85640E-18    0.15196E-17    0.11860E-17    0.00000E+00    0.00000E+00    0.00000E+00
    0.50900E+07    0.10001E-17    0.17782E-17    0.13851E-17    0.00000E+00    0.00000E+00    0.00000E+00
    0.50950E+07    0.11675E-17    0.20802E-17    0.16172E-17    0.00000E+00    0.00000E+00    0.00000E+00
    0.51000E+07    0.13626E-17    0.24327E-17    0.18874E-17    0.00000E+00    0.00000E+00    0.00000E+00
    0.51050E+07    0.15896E-17    0.28440E-17    0.22022E-17    0.00000E+00    0.00000E+00    0.00000E+00
    0.51100E+07    0.18540E-17    0.33238E-17    0.25686E-17    0.00000E+00    0.00000E+00    0.00000E+00
    0.51150E+07    0.21615E-17    0.38834E-17    0.29949E-17    0.00000E+00    0.00000E+00    0.00000E+00
    0.51200E+07    0.25193E-17    0.45357E-17    0.34909E-17    0.00000E+00    0.00000E+00    0.00000E+00
    0.51250E+07    0.29353E-17    0.52958E-17    0.40677E-17    0.00000E+00    0.00000E+00    0.00000E+00
    0.51300E+07    0.34189E-17    0.61815E-17    0.47382E-17    0.00000E+00    0.00000E+00    0.00000E+00
    0.51350E+07    0.39808E-17    0.72129E-17    0.55175E-17    0.00000E+00    0.00000E+00    0.00000E+00
    0.51400E+07    0.46336E-17    0.84138E-17    0.64228E-17    0.00000E+00    0.00000E+00    0.00000E+00
    0.51450E+07    0.53917E-17    0.98115E-17    0.74742E-17    0.00000E+00    0.00000E+00    0.00000E+00
    0.51500E+07    0.62718E-17    0.11438E-16    0.86948E-17    0.00000E+00    0.00000E+00    0.00000E+00
    0.51550E+07    0.72931E-17    0.13329E-16    0.10111E-16    0.00000E+00    0.00000E+00    0.00000E+00
    0.51600E+07    0.84780E-17    0.15529E-16    0.11755E-16    0.00000E+00    0.00000E+00    0.00000E+00
    0.51650E+07    0.98521E-17    0.18086E-16    0.13661E-16    0.00000E+00    0.00000E+00    0.00000E+00
    0.51700E+07    0.11445E-16    0.21057E-16    0.15872E-16    0.00000E+00    0.00000E+00    0.00000E+00
    0.51750E+07    0.13291E-16    0.24508E-16    0.18433E-16    0.00000E+00    0.00000E+00    0.00000E+00
    0.51800E+07    0.15431E-16    0.28516E-16    0.21401E-16    0.00000E+00    0.00000E+00    0.00000E+00
    0.51850E+07    0.17908E-16    0.33169E-16    0.24839E-16    0.00000E+00    0.00000E+00    0.00000E+00
    0.51900E+07    0.20776E-16    0.38569E-16    0.28820E-16    0.00000E+00    0.00000E+00    0.00000E+00
    0.51950E+07    0.24096E-16    0.44834E-16    0.33427E-16    0.00000E+00    0.00000E+00    0.00000E+00
    0.52000E+07    0.27937E-16    0.52099E-16    0.38758E-16    0.00000E+00    0.00000E+00    0.00000E+00
    0.52050E+07    0.32380E-16    0.60523E-16    0.44925E-16    0.00000E+00    0.00000E+00    0.00000E+00
    0.52100E+07    0.37517E-16    0.70287E-16    0.52055E-16    0.00000E+00    0.00000E+00    0.00000E+00
    0.52150E+07    0.43455E-16    0.81600E-16    0.60297E-16    0.00000E+00    0.00000E+00    0.00000E+00
    0.52200E+07    0.50315E-16    0.94704E-16    0.69821E-16    0.00000E+00    0.00000E+00    0.00000E+00
    0.52250E+07    0.58240E-16    0.10988E-15    0.80823E-16    0.00000E+00    0.00000E+00    0.00000E+00
    0.52300E+07    0.67390E-16    0.12744E-15    0.93527E-16    0.00000E+00    0.00000E+00    0.00000E+00
    0.52350E+07    0.77953E-16    0.14776E-15    0.10819E-15    0.00000E+00    0.00000E+00    0.00000E+00
    0.52400E+07    0.90140E-16    0.17127E-15    0.12511E-15    0.00000E+00    0.00000E+00    0.00000E+00
    0.52450E+07    0.10420E-15    0.19846E-15    0.14464E-15    0.00000E+00    0.00000E+00    0.00000E+00
    0.52500E+07    0.12041E-15    0.22989E-15    0.16715E-15    0.00000E+00    0.00000E+00    0.00000E+00
    0.52550E+07    0.13910E-15    0.26622E-15    0.19310E-15    0.00000E+00    0.00000E+00    0.00000E+00
    0.52600E+07    0.16063E-15    0.30818E-15    0.22301E-15    0.00000E+00    0.00000E+00    0.00000E+00
    0.52650E+07    0.18544E-15    0.35664E-15    0.25746E-15    0.00000E+00    0.00000E+00    0.00000E+00
    0.52700E+07    0.21401E-15    0.41260E-15    0.29714E-15    0.00000E+00    0.00000E+00    0.00000E+00
    0.52750E+07    0.24689E-15    0.47718E-15    0.34281E-15    0.00000E+00    0.00000E+00    0.00000E+00
    0.52800E+07    0.28473E-15    0.55169E-15    0.39538E-15    0.00000E+00    0.00000E+00    0.00000E+00
    0.52850E+07    0.32827E-15    0.63763E-15    0.45585E-15    0.00000E+00    0.00000E+00    0.00000E+00
    0.52900E+07    0.37833E-15    0.73673E-15    0.52539E-15    0.00000E+00    0.00000E+00    0.00000E+00
    0.52950E+07    0.43588E-15    0.85095E-15    0.60534E-15    0.00000E+00    0.00000E+00    0.00000E+00
    0.53000E+07    0.50202E-15    0.98257E-15    0.69723E-15    0.00000E+00    0.00000E+00    0.00000E+00
    0.53050E+07    0.57801E-15    0.11342E-14    0.80279E-15    0.00000E+00    0.00000E+00    0.00000E+00
    0.53100E+07    0.66527E-15    0.13088E-14    0.92402E-15    0.00000E+00    0.00000E+00    0.00000E+00
    0.53150E+07    0.76544E-15    0.15097E-14    0.10632E-14    0.00000E+00    0.00000E+00    0.00000E+00
    0.53200E+07    0.88041E-15    0.17410E-14    0.12229E-14    0.00000E+00    0.00000E+00    0.00000E+00
    0.53250E+07    0.10123E-14    0.20071E-14    0.14062E-14    0.00000E+00    0.00000E+00    0.00000E+00
    0.53300E+07    0.11636E-14    0.23131E-14    0.16164E-14    0.00000E+00    0.00000E+00    0.00000E+00
    0.53350E+07    0.13370E-14    0.26648E-14    0.18573E-14    0.00000E+00    0.00000E+00    0.00000E+00
    0.53400E+07    0.15357E-14    0.30691E-14    0.21335E-14    0.00000E+00    0.00000E+00    0.00000E+00
    0.53450E+07    0.17634E-14    0.35336E-14    0.24498E-14    0.00000E+00    0.00000E+00    0.00000E+00
    0.53500E+07    0.20241E-14    0.40670E-14    0.28122E-14    0.00000E+00    0.00000E+00    0.00000E+00
    0.53550E+07    0.23226E-14    0.46795E-14    0.32270E-14    0.00000E+00    0.00000E+00    0.00000E+00
    0.53600E+07    0.26643E-14    0.53825E-14    0.37018E-14    0.00000E+00    0.00000E+00    0.00000E+00
    0.53650E+07    0.30552E-14    0.61890E-14    0.42449E-14    0.00000E+00    0.00000E+00    0.00000E+00
    0.53700E+07    0.35022E-14    0.71142E-14    0.48661E-14    0.00000E+00    0.00000E+00    0.00000E+00
    0.53750E+07    0.40132E-14    0.81749E-14    0.55763E-14    0.00000E+00    0.00000E+00    0.00000E+00
    0.53800E+07    0.45973E-14    0.93908E-14    0.63880E-14    0.00000E+00    0.00000E+00    0.00000E+00
    0.53850E+07    0.52646E-14    0.10784E-13    0.73153E-14    0.00000E+00    0.00000E+00    0.00000E+00
    0.53900E+07    0.60266E-14    0.12380E-13    0.83744E-14    0.00000E+00    0.00000E+00    0.00000E+00
    0.53950E+07    0.68966E-14    0.14207E-13    0.95834E-14    0.00000E+00    0.00000E+00    0.00000E+00
    0.54000E+07    0.78895E-14    0.16299E-13    0.10963E-13    0.00000E+00    0.00000E+00    0.00000E+00
    0.54050E+07    0.90223E-14    0.18693E-13    0.12538E-13    0.00000E+00    0.00000E+00    0.00000E+00
    0.54100E+07    0.10314E-13    0.21432E-13    0.14333E-13    0.00000E+00    0.00000E+00    0.00000E+00
    0.54150E+07    0.11787E-13    0.24563E-13    0.16380E-13    0.00000E+00    0.00000E+00    0.00000E+00
    0.54200E+07    0.13465E-13    0.28143E-13    0.18712E-13    0.00000E+00    0.00000E+00    0.00000E+00
    0.54250E+07    0.15377E-13    0.32234E-13    0.21369E-13    0.00000E+00    0.00000E+00    0.00000E+00
    0.54300E+07    0.17555E-13    0.36908E-13    0.24396E-13    0.00000E+00    0.00000E+00    0.00000E+00
    0.54350E+07    0.20034E-13    0.42246E-13    0.27841E-13    0.00000E+00    0.00000E+00    0.00000E+00
    0.54400E+07    0.22855E-13    0.48340E-13    0.31761E-13    0.00000E+00    0.00000E+00    0.00000E+00
    0.54450E+07    0.26065E-13    0.55294E-13    0.36221E-13    0.00000E+00    0.00000E+00    0.00000E+00
    0.54500E+07    0.29714E-13    0.63229E-13    0.41293E-13    0.00000E+00    0.00000E+00    0.00000E+00
    0.54550E+07    0.33864E-13    0.72278E-13    0.47058E-13    0.00000E+00    0.00000E+00    0.00000E+00
    0.54600E+07    0.38578E-13    0.82595E-13    0.53610E-13    0.00000E+00    0.00000E+00    0.00000E+00
    0.54650E+07    0.43935E-13    0.94354E-13    0.61052E-13    0.00000E+00    0.00000E+00    0.00000E+00
    0.54700E+07    0.50017E-13    0.10775E-12    0.69503E-13    0.00000E+00    0.00000E+00    0.00000E+00
    0.54750E+07    0.56921E-13    0.12301E-12    0.79096E-13    0.00000E+00    0.00000E+00    0.00000E+00
    0.54800E+07    0.64755E-13    0.14038E-12    0.89981E-13    0.00000E+00    0.00000E+00    0.00000E+00
    0.54850E+07    0.73642E-13    0.16016E-12    0.10233E-12    0.00000E+00    0.00000E+00    0.00000E+00
    0.54900E+07    0.83720E-13    0.18265E-12    0.11633E-12    0.00000E+00    0.00000E+00    0.00000E+00
    0.54950E+07    0.95142E-13    0.20824E-12    0.13220E-12    0.00000E+00    0.00000E+00    0.00000E+00
    0.55000E+07    0.10808E-12    0.23734E-12    0.15018E-12    0.00000E+00    0.00000E+00    0.00000E+00
    0.55050E+07    0.12274E-12    0.27041E-12    0.17054E-12    0.00000E+00    0.00000E+00    0.00000E+00
    0.55100E+07    0.13934E-12    0.30799E-12    0.19360E-12    0.00000E+00    0.00000E+00    0.00000E+00
    0.55150E+07    0.15813E-12    0.35066E-12    0.21969E-12    0.00000E+00    0.00000E+00    0.00000E+00
    0.55200E+07    0.17939E-12    0.39913E-12    0.24922E-12    0.00000E+00    0.00000E+00    0.00000E+00
    0.55250E+07    0.20343E-12    0.45413E-12    0.28260E-12    0.00000E+00    0.00000E+00    0.00000E+00
    0.55300E+07    0.23061E-12    0.51655E-12    0.32035E-12    0.00000E+00    0.00000E+00    0.00000E+00
    0.55350E+07    0.26133E-12    0.58734E-12    0.36301E-12    0.00000E+00    0.00000E+00    0.00000E+00
    0.55400E+07    0.29603E-12    0.66761E-12    0.41120E-12    0.00000E+00    0.00000E+00    0.00000E+00
    0.55450E+07    0.33522E-12    0.75860E-12    0.46562E-12    0.00000E+00    0.00000E+00    0.00000E+00
    0.55500E+07    0.37947E-12    0.86169E-12    0.52704E-12    0.00000E+00    0.00000E+00    0.00000E+00
    0.55550E+07    0.42939E-12    0.97847E-12    0.59636E-12    0.00000E+00    0.00000E+00    0.00000E+00
    0.55600E+07    0.48571E-12    0.11107E-11    0.67454E-12    0.00000E+00    0.00000E+00    0.00000E+00
    0.55650E+07    0.54922E-12    0.12604E-11    0.76270E-12    0.00000E+00    0.00000E+00    0.00000E+00
    0.55700E+07    0.62081E-12    0.14297E-11    0.86206E-12    0.00000E+00    0.00000E+00    0.00000E+00
    0.55750E+07    0.70177E-12    0.16212E-11    0.97359E-12    0.00000E+00    0.00000E+00    0.00000E+00
    0.55800E+07    0.79291E-12    0.18377E-11    0.10991E-11    0.00000E+00    0.00000E+00    0.00000E+00
    0.55800E+07    0.79291E-12    0.18377E-11    0.10991E-11    0.00000E+00    0.00000E+00    0.00000E+00
    0.55850E+07    0.89789E-12    0.20797E-11    0.12400E-11    0.00000E+00    0.00000E+00    0.00000E+00
    0.55900E+07    0.10158E-11    0.23533E-11    0.13982E-11    0.00000E+00    0.00000E+00    0.00000E+00
    0.55950E+07    0.11483E-11    0.26625E-11    0.15757E-11    0.00000E+00    0.00000E+00    0.00000E+00
    0.56000E+07    0.12969E-11    0.30117E-11    0.17749E-11    0.00000E+00    0.00000E+00    0.00000E+00
    0.56050E+07    0.14637E-11    0.34059E-11    0.19981E-11    0.00000E+00    0.00000E+00    0.00000E+00
    0.56100E+07    0.16505E-11    0.38508E-11    0.22480E-11    0.00000E+00    0.00000E+00    0.00000E+00
    0.56150E+07    0.18599E-11    0.43525E-11    0.25279E-11    0.00000E+00    0.00000E+00    0.00000E+00
    0.56200E+07    0.20943E-11    0.49180E-11    0.28410E-11    0.00000E+00    0.00000E+00    0.00000E+00
    0.56250E+07    0.23566E-11    0.55551E-11    0.31910E-11    0.00000E+00    0.00000E+00    0.00000E+00
    0.56300E+07    0.26499E-11    0.62724E-11    0.35821E-11    0.00000E+00    0.00000E+00    0.00000E+00
    0.56350E+07    0.29777E-11    0.70798E-11    0.40189E-11    0.00000E+00    0.00000E+00    0.00000E+00
    0.56400E+07    0.33437E-11    0.79879E-11    0.45062E-11    0.00000E+00    0.00000E+00    0.00000E+00
    0.56450E+07    0.37523E-11    0.90088E-11    0.50497E-11    0.00000E+00    0.00000E+00    0.00000E+00
    0.56500E+07    0.42080E-11    0.10156E-10    0.56555E-11    0.00000E+00    0.00000E+00    0.00000E+00
    0.56550E+07    0.47160E-11    0.11444E-10    0.63301E-11    0.00000E+00    0.00000E+00    0.00000E+00
    0.56600E+07    0.52820E-11    0.12890E-10    0.70810E-11    0.00000E+00    0.00000E+00    0.00000E+00
    0.56650E+07    0.59121E-11    0.14512E-10    0.79161E-11    0.00000E+00    0.00000E+00    0.00000E+00
    0.56700E+07    0.66130E-11    0.16330E-10    0.88443E-11    0.00000E+00    0.00000E+00    0.00000E+00
    0.56750E+07    0.73924E-11    0.18368E-10    0.98754E-11    0.00000E+00    0.00000E+00    0.00000E+00
    0.56800E+07    0.82583E-11    0.20650E-10    0.11020E-10    0.00000E+00    0.00000E+00    0.00000E+00
    0.56850E+07    0.92198E-11    0.23204E-10    0.12289E-10    0.00000E+00    0.00000E+00    0.00000E+00
    0.56900E+07    0.10287E-10    0.26061E-10    0.13697E-10    0.00000E+00    0.00000E+00    0.00000E+00
    0.56950E+07    0.11470E-10    0.29255E-10    0.15255E-10    0.00000E+00    0.00000E+00    0.00000E+00
    0.57000E+07    0.12780E-10    0.32824E-10    0.16980E-10    0.00000E+00    0.00000E+00    0.00000E+00
    0.57050E+07    0.14232E-10    0.36810E-10    0.18889E-10    0.00000E+00    0.00000E+00    0.00000E+00
    0.57100E+07    0.15838E-10    0.41258E-10    0.20998E-10    0.00000E+00    0.00000E+00    0.00000E+00
    0.57149E+07    0.17588E-10    0.46149E-10    0.23294E-10    0.00000E+00    0.00000E+00    0.00000E+00
    0.57199E+07    0.19519E-10    0.51592E-10    0.25824E-10    0.00000E+00    0.00000E+00    0.00000E+00
    0.57199E+07    0.27679E-10    0.43990E-10    0.24716E-10    0.00000E+00    0.00000E+00    0.00000E+00
    0.57200E+07    0.27716E-10    0.44167E-10    0.24763E-10    0.00000E+00    0.00000E+00    0.00000E+00
    0.57250E+07    0.29107E-10    0.50947E-10    0.26540E-10    0.00000E+00    0.00000E+00    0.00000E+00
    0.57300E+07    0.30611E-10    0.58391E-10    0.28457E-10    0.00000E+00    0.00000E+00    0.00000E+00
    0.57350E+07    0.32236E-10    0.66547E-10    0.30520E-10    0.00000E+00    0.00000E+00    0.00000E+00
    0.57400E+07    0.33985E-10    0.75463E-10    0.32734E-10    0.00000E+00    0.00000E+00    0.00000E+00
    0.57450E+07    0.35866E-10    0.85194E-10    0.35106E-10    0.00000E+00    0.00000E+00    0.00000E+00
    0.57500E+07    0.37883E-10    0.95796E-10    0.37642E-10    0.00000E+00    0.00000E+00    0.00000E+00
    0.57550E+07    0.40043E-10    0.10733E-09    0.40348E-10    0.00000E+00    0.00000E+00    0.00000E+00
    0.57600E+07    0.42352E-10    0.11986E-09    0.43231E-10    0.00000E+00    0.00000E+00    0.00000E+00
    0.57650E+07    0.44816E-10    0.13345E-09    0.46296E-10    0.00000E+00    0.00000E+00    0.00000E+00
    0.57700E+07    0.47442E-10    0.14819E-09    0.49551E-10    0.00000E+00    0.00000E+00    0.00000E+00
    0.57750E+07    0.50237E-10    0.16413E-09    0.53002E-10    0.00000E+00    0.00000E+00    0.00000E+00
    0.57800E+07    0.53207E-10    0.18138E-09    0.56654E-10    0.00000E+00    0.00000E+00    0.00000E+00
    0.57850E+07    0.56359E-10    0.20000E-09    0.60513E-10    0.00000E+00    0.00000E+00    0.00000E+00
    0.57900E+07    0.59698E-10    0.22011E-09    0.64586E-10    0.00000E+00    0.00000E+00    0.00000E+00
    0.57950E+07    0.63232E-10    0.24177E-09    0.68877E-10    0.00000E+00    0.00000E+00    0.00000E+00
    0.58000E+07    0.66966E-10    0.26511E-09    0.73390E-10    0.00000E+00    0.00000E+00    0.00000E+00
    0.58050E+07    0.70907E-10    0.29023E-09    0.78132E-10    0.00000E+00    0.00000E+00    0.00000E+00
    0.58100E+07    0.75061E-10    0.31723E-09    0.83104E-10    0.00000E+00    0.00000E+00    0.00000E+00
    0.58150E+07    0.79432E-10    0.34623E-09    0.88309E-10    0.00000E+00    0.00000E+00    0.00000E+00
    0.58200E+07    0.84025E-10    0.37735E-09    0.93750E-10    0.00000E+00    0.00000E+00    0.00000E+00
    0.58250E+07    0.88846E-10    0.41072E-09    0.99427E-10    0.00000E+00    0.00000E+00    0.00000E+00
    0.58300E+07    0.93898E-10    0.44646E-09    0.10534E-09    0.00000E+00    0.00000E+00    0.00000E+00
    0.58350E+07    0.99183E-10    0.48472E-09    0.11149E-09    0.00000E+00    0.00000E+00    0.00000E+00
    0.58400E+07    0.10471E-09    0.52563E-09    0.11787E-09    0.00000E+00    0.00000E+00    0.00000E+00
    0.58450E+07    0.11047E-09    0.56934E-09    0.12448E-09    0.00000E+00    0.00000E+00    0.00000E+00
    0.58500E+07    0.11647E-09    0.61599E-09    0.13132E-09    0.00000E+00    0.00000E+00    0.00000E+00
    0.58550E+07    0.12271E-09    0.66575E-09    0.13837E-09    0.00000E+00    0.00000E+00    0.00000E+00
    0.58600E+07    0.12919E-09    0.71877E-09    0.14562E-09    0.00000E+00    0.00000E+00    0.00000E+00
    0.58636E+07    0.13394E-09    0.75851E-09    0.15089E-09    0.00000E+00    0.00000E+00    0.00000E+00
    0.58636E+07    0.14198E-09    0.74000E-09    0.13848E-09    0.00000E+00    0.00000E+00    0.00000E+00
    0.58668E+07    0.14552E-09    0.77757E-09    0.14151E-09    0.00000E+00    0.00000E+00    0.00000E+00
    0.58700E+07    0.14908E-09    0.81652E-09    0.14447E-09    0.00000E+00    0.00000E+00    0.00000E+00
    0.58750E+07    0.15460E-09    0.87969E-09    0.14889E-09    0.00000E+00    0.00000E+00    0.00000E+00
    0.58800E+07    0.16010E-09    0.94632E-09    0.15305E-09    0.00000E+00    0.00000E+00    0.00000E+00
    0.58850E+07    0.16556E-09    0.10165E-08    0.15690E-09    0.00000E+00    0.00000E+00    0.00000E+00
    0.58900E+07    0.17093E-09    0.10903E-08    0.16038E-09    0.00000E+00    0.00000E+00    0.00000E+00
    0.58950E+07    0.17620E-09    0.11678E-08    0.16345E-09    0.00000E+00    0.00000E+00    0.00000E+00
    0.59000E+07    0.18132E-09    0.12490E-08    0.16602E-09    0.00000E+00    0.00000E+00    0.00000E+00
    0.59050E+07    0.18625E-09    0.13340E-08    0.16805E-09    0.00000E+00    0.00000E+00    0.00000E+00
    0.59100E+07    0.19097E-09    0.14228E-08    0.16946E-09    0.00000E+00    0.00000E+00    0.00000E+00
    0.59150E+07    0.19542E-09    0.15155E-08    0.17018E-09    0.00000E+00    0.00000E+00    0.00000E+00
    0.59200E+07    0.19957E-09    0.16120E-08    0.17015E-09    0.00000E+00    0.00000E+00    0.00000E+00
    0.59250E+07    0.20336E-09    0.17124E-08    0.16927E-09    0.00000E+00    0.00000E+00    0.00000E+00
    0.59300E+07    0.20677E-09    0.18165E-08    0.16749E-09    0.00000E+00    0.00000E+00    0.00000E+00
    0.59350E+07    0.20973E-09    0.19243E-08    0.16473E-09    0.00000E+00    0.00000E+00    0.00000E+00
    0.59400E+07    0.21222E-09    0.20358E-08    0.16090E-09    0.00000E+00    0.00000E+00    0.00000E+00
    0.59450E+07    0.21417E-09    0.21509E-08    0.15593E-09    0.00000E+00    0.00000E+00    0.00000E+00
    0.59500E+07    0.21556E-09    0.22693E-08    0.14976E-09    0.00000E+00    0.00000E+00    0.00000E+00
    0.59529E+07    0.21608E-09    0.23391E-08    0.14561E-09    0.00000E+00    0.00000E+00    0.00000E+00
    0.59558E+07    0.21639E-09    0.24100E-08    0.14103E-09    0.00000E+00    0.00000E+00    0.00000E+00
    0.59558E+07    0.25373E-09    0.22320E-08    0.40902E-10    0.00000E+00    0.00000E+00    0.00000E+00
    0.59600E+07    0.24449E-09    0.23427E-08    0.18983E-10    0.00000E+00    0.00000E+00    0.00000E+00
    0.59650E+07    0.23263E-09    0.24738E-08   -0.87052E-11    0.00000E+00    0.00000E+00    0.00000E+00
    0.59700E+07    0.21981E-09    0.26046E-08   -0.38256E-10    0.00000E+00    0.00000E+00    0.00000E+00
    0.59750E+07    0.20607E-09    0.27343E-08   -0.69577E-10    0.00000E+00    0.00000E+00    0.00000E+00
    0.59800E+07    0.19152E-09    0.28623E-08   -0.10254E-09    0.00000E+00    0.00000E+00    0.00000E+00
    0.59850E+07    0.17625E-09    0.29877E-08   -0.13700E-09    0.00000E+00    0.00000E+00    0.00000E+00
    0.59900E+07    0.16040E-09    0.31097E-08   -0.17276E-09    0.00000E+00    0.00000E+00    0.00000E+00
    0.59950E+07    0.14412E-09    0.32276E-08   -0.20959E-09    0.00000E+00    0.00000E+00    0.00000E+00
    0.60000E+07    0.12757E-09    0.33405E-08   -0.24726E-09    0.00000E+00    0.00000E+00    0.00000E+00
    0.60050E+07    0.11096E-09    0.34474E-08   -0.28549E-09    0.00000E+00    0.00000E+00    0.00000E+00
    0.60100E+07    0.94507E-10    0.35476E-08   -0.32393E-09    0.00000E+00    0.00000E+00    0.00000E+00
    0.60150E+07    0.78452E-10    0.36400E-08   -0.36226E-09    0.00000E+00    0.00000E+00    0.00000E+00
    0.60200E+07    0.63062E-10    0.37239E-08   -0.40007E-09    0.00000E+00    0.00000E+00    0.00000E+00
    0.60250E+07    0.48622E-10    0.37983E-08   -0.43696E-09    0.00000E+00    0.00000E+00    0.00000E+00
    0.60300E+07    0.35437E-10    0.38625E-08   -0.47249E-09    0.00000E+00    0.00000E+00    0.00000E+00
    0.60350E+07    0.23830E-10    0.39155E-08   -0.50620E-09    0.00000E+00    0.00000E+00    0.00000E+00
    0.60400E+07    0.14136E-10    0.39566E-08   -0.53760E-09    0.00000E+00    0.00000E+00    0.00000E+00
    0.60450E+07    0.67023E-11    0.39852E-08   -0.56619E-09    0.00000E+00    0.00000E+00    0.00000E+00
    0.60500E+07    0.18821E-11    0.40004E-08   -0.59147E-09    0.00000E+00    0.00000E+00    0.00000E+00
    0.60550E+07    0.31750E-13    0.40019E-08   -0.61293E-09    0.00000E+00    0.00000E+00    0.00000E+00
    0.60600E+07    0.15050E-11    0.39890E-08   -0.63006E-09    0.00000E+00    0.00000E+00    0.00000E+00
    0.60650E+07    0.66479E-11    0.39614E-08   -0.64237E-09    0.00000E+00    0.00000E+00    0.00000E+00
    0.60700E+07    0.15792E-10    0.39189E-08   -0.64937E-09    0.00000E+00    0.00000E+00    0.00000E+00
    0.60750E+07    0.29250E-10    0.38612E-08   -0.65063E-09    0.00000E+00    0.00000E+00    0.00000E+00
    0.60800E+07    0.47306E-10    0.37884E-08   -0.64573E-09    0.00000E+00    0.00000E+00    0.00000E+00
    0.60850E+07    0.70211E-10    0.37007E-08   -0.63430E-09    0.00000E+00    0.00000E+00    0.00000E+00
    0.60900E+07    0.98173E-10    0.35982E-08   -0.61604E-09    0.00000E+00    0.00000E+00    0.00000E+00
    0.60950E+07    0.13135E-09    0.34815E-08   -0.59072E-09    0.00000E+00    0.00000E+00    0.00000E+00
    0.61000E+07    0.16985E-09    0.33511E-08   -0.55815E-09    0.00000E+00    0.00000E+00    0.00000E+00
    0.61050E+07    0.21371E-09    0.32078E-08   -0.51829E-09    0.00000E+00    0.00000E+00    0.00000E+00
    0.61100E+07    0.26290E-09    0.30526E-08   -0.47113E-09    0.00000E+00    0.00000E+00    0.00000E+00
    0.61150E+07    0.31732E-09    0.28866E-08   -0.41681E-09    0.00000E+00    0.00000E+00    0.00000E+00
    0.61200E+07    0.37676E-09    0.27110E-08   -0.35556E-09    0.00000E+00    0.00000E+00    0.00000E+00
    0.61250E+07    0.44095E-09    0.25273E-08   -0.28772E-09    0.00000E+00    0.00000E+00    0.00000E+00
    0.61300E+07    0.50953E-09    0.23371E-08   -0.21378E-09    0.00000E+00    0.00000E+00    0.00000E+00
    0.61350E+07    0.58203E-09    0.21421E-08   -0.13431E-09    0.00000E+00    0.00000E+00    0.00000E+00
    0.61400E+07    0.65787E-09    0.19441E-08   -0.50077E-10    0.00000E+00    0.00000E+00    0.00000E+00
    0.61450E+07    0.73642E-09    0.17452E-08    0.38093E-10    0.00000E+00    0.00000E+00    0.00000E+00
    0.61500E+07    0.81692E-09    0.15473E-08    0.12923E-09    0.00000E+00    0.00000E+00    0.00000E+00
    0.61550E+07    0.89853E-09    0.13527E-08    0.22223E-09    0.00000E+00    0.00000E+00    0.00000E+00
    0.61600E+07    0.98033E-09    0.11634E-08    0.31590E-09    0.00000E+00    0.00000E+00    0.00000E+00
    0.61650E+07    0.10613E-08    0.98156E-09    0.40896E-09    0.00000E+00    0.00000E+00    0.00000E+00
    0.61700E+07    0.11405E-08    0.80944E-09    0.50002E-09    0.00000E+00    0.00000E+00    0.00000E+00
    0.61750E+07    0.12166E-08    0.64910E-09    0.58766E-09    0.00000E+00    0.00000E+00    0.00000E+00
    0.61800E+07    0.12887E-08    0.50257E-09    0.67037E-09    0.00000E+00    0.00000E+00    0.00000E+00
    0.61850E+07    0.13555E-08    0.37176E-09    0.74667E-09    0.00000E+00    0.00000E+00    0.00000E+00
    0.61900E+07    0.14158E-08    0.25842E-09    0.81504E-09    0.00000E+00    0.00000E+00    0.00000E+00
    0.61950E+07    0.14686E-08    0.16412E-09    0.87403E-09    0.00000E+00    0.00000E+00    0.00000E+00
    0.62000E+07    0.15127E-08    0.90218E-10    0.92224E-09    0.00000E+00    0.00000E+00    0.00000E+00
    0.62049E+07    0.15468E-08    0.38300E-10    0.95799E-09    0.00000E+00    0.00000E+00    0.00000E+00
    0.62049E+07    0.15827E-08    0.38649E-10    0.97638E-09    0.00000E+00    0.00000E+00    0.00000E+00
    0.62075E+07    0.15864E-08    0.20123E-10    0.98540E-09    0.00000E+00    0.00000E+00    0.00000E+00
    0.62100E+07    0.15872E-08    0.75790E-11    0.99078E-09    0.00000E+00    0.00000E+00    0.00000E+00
    0.62150E+07    0.15803E-08    0.47693E-12    0.99084E-09    0.00000E+00    0.00000E+00    0.00000E+00
    0.62200E+07    0.15625E-08    0.16813E-10    0.97715E-09    0.00000E+00    0.00000E+00    0.00000E+00
    0.62250E+07    0.15343E-08    0.56243E-10    0.95025E-09    0.00000E+00    0.00000E+00    0.00000E+00
    0.62300E+07    0.14964E-08    0.11811E-09    0.91086E-09    0.00000E+00    0.00000E+00    0.00000E+00
    0.62350E+07    0.14494E-08    0.20147E-09    0.85981E-09    0.00000E+00    0.00000E+00    0.00000E+00
    0.62400E+07    0.13943E-08    0.30510E-09    0.79810E-09    0.00000E+00    0.00000E+00    0.00000E+00
    0.62450E+07    0.13318E-08    0.42753E-09    0.72681E-09    0.00000E+00    0.00000E+00    0.00000E+00
    0.62500E+07    0.12630E-08    0.56710E-09    0.64716E-09    0.00000E+00    0.00000E+00    0.00000E+00
    0.62550E+07    0.11890E-08    0.72192E-09    0.56041E-09    0.00000E+00    0.00000E+00    0.00000E+00
    0.62600E+07    0.11107E-08    0.88998E-09    0.46785E-09    0.00000E+00    0.00000E+00    0.00000E+00
    0.62650E+07    0.10292E-08    0.10691E-08    0.37085E-09    0.00000E+00    0.00000E+00    0.00000E+00
    0.62700E+07    0.94564E-09    0.12571E-08    0.27074E-09    0.00000E+00    0.00000E+00    0.00000E+00
    0.62750E+07    0.86103E-09    0.14515E-08    0.16888E-09    0.00000E+00    0.00000E+00    0.00000E+00
    0.62800E+07    0.77640E-09    0.16502E-08    0.66587E-10    0.00000E+00    0.00000E+00    0.00000E+00
    0.62850E+07    0.69271E-09    0.18506E-08   -0.34877E-10    0.00000E+00    0.00000E+00    0.00000E+00
    0.62900E+07    0.61090E-09    0.20506E-08   -0.13428E-09    0.00000E+00    0.00000E+00    0.00000E+00
    0.62950E+07    0.53184E-09    0.22478E-08   -0.23049E-09    0.00000E+00    0.00000E+00    0.00000E+00
    0.63000E+07    0.45630E-09    0.24400E-08   -0.32244E-09    0.00000E+00    0.00000E+00    0.00000E+00
    0.63025E+07    0.42066E-09    0.25321E-08   -0.36581E-09    0.00000E+00    0.00000E+00    0.00000E+00
    0.63025E+07    0.34328E-09    0.27061E-08   -0.19182E-09    0.00000E+00    0.00000E+00    0.00000E+00
    0.63062E+07    0.31457E-09    0.28304E-08   -0.23425E-09    0.00000E+00    0.00000E+00    0.00000E+00
    0.63100E+07    0.28640E-09    0.29519E-08   -0.27616E-09    0.00000E+00    0.00000E+00    0.00000E+00
    0.63150E+07    0.25007E-09    0.31077E-08   -0.33061E-09    0.00000E+00    0.00000E+00    0.00000E+00
    0.63200E+07    0.21518E-09    0.32565E-08   -0.38343E-09    0.00000E+00    0.00000E+00    0.00000E+00
    0.63250E+07    0.18202E-09    0.33972E-08   -0.43418E-09    0.00000E+00    0.00000E+00    0.00000E+00
    0.63300E+07    0.15086E-09    0.35286E-08   -0.48248E-09    0.00000E+00    0.00000E+00    0.00000E+00
    0.63350E+07    0.12197E-09    0.36499E-08   -0.52793E-09    0.00000E+00    0.00000E+00    0.00000E+00
    0.63400E+07    0.95599E-10    0.37601E-08   -0.57015E-09    0.00000E+00    0.00000E+00    0.00000E+00
    0.63450E+07    0.72000E-10    0.38583E-08   -0.60876E-09    0.00000E+00    0.00000E+00    0.00000E+00
    0.63500E+07    0.51401E-10    0.39438E-08   -0.64343E-09    0.00000E+00    0.00000E+00    0.00000E+00
    0.63545E+07    0.35602E-10    0.40093E-08   -0.67098E-09    0.00000E+00    0.00000E+00    0.00000E+00
    0.63590E+07    0.22545E-10    0.40635E-08   -0.69485E-09    0.00000E+00    0.00000E+00    0.00000E+00
    0.63590E+07    0.50104E-10    0.28071E-08   -0.19146E-08    0.00000E+00    0.00000E+00    0.00000E+00
    0.63600E+07    0.36843E-10    0.28195E-08   -0.19326E-08    0.00000E+00    0.00000E+00    0.00000E+00
    0.63629E+07    0.98139E-11    0.28455E-08   -0.19710E-08    0.00000E+00    0.00000E+00    0.00000E+00
    0.63658E+07    0.33716E-13    0.28564E-08   -0.19884E-08    0.00000E+00    0.00000E+00    0.00000E+00
    0.63658E+07    0.43682E-11    0.35348E-09   -0.36167E-08    0.00000E+00    0.00000E+00    0.00000E+00
    0.63660E+07    0.15129E-27    0.35364E-09   -0.36199E-08    0.00000E+00    0.00000E+00    0.00000E+00
    0.63660E+07    0.00000E+00    0.00000E+00    0.00000E+00    0.00000E+00    0.00000E+00    0.00000E+00
    0.63710E+07    0.00000E+00    0.00000E+00    0.00000E+00    0.00000E+00    0.00000E+00    0.00000E+00
