    0.34800E+07    0.00000E+00    0.00000E+00    0.00000E+00    0.00000E+00    0.00000E+00    0.00000E+00
    0.34850E+07    0.00000E+00    0.00000E+00    0.00000E+00    0.00000E+00    0.00000E+00    0.00000E+00
    0.34900E+07    0.00000E+00    0.00000E+00    0.00000E+00    0.00000E+00    0.00000E+00    0.00000E+00
    0.34950E+07    0.00000E+00    0.00000E+00    0.00000E+00    0.00000E+00    0.00000E+00    0.00000E+00
    0.35000E+07    0.00000E+00    0.00000E+00    0.00000E+00    0.00000E+00    0.00000E+00    0.00000E+00
    0.35050E+07    0.00000E+00    0.00000E+00    0.00000E+00    0.00000E+00    0.00000E+00    0.00000E+00
    0.35100E+07    0.00000E+00    0.00000E+00    0.00000E+00    0.00000E+00    0.00000E+00    0.00000E+00
    0.35150E+07    0.00000E+00    0.00000E+00    0.00000E+00    0.00000E+00    0.00000E+00    0.00000E+00
    0.35200E+07    0.00000E+00    0.00000E+00    0.00000E+00    0.00000E+00    0.00000E+00    0.00000E+00
    0.35250E+07    0.00000E+00    0.00000E+00    0.00000E+00    0.00000E+00    0.00000E+00    0.00000E+00
    0.35300E+07    0.00000E+00    0.00000E+00    0.00000E+00    0.00000E+00    0.00000E+00    0.00000E+00
    0.35350E+07    0.00000E+00    0.00000E+00    0.00000E+00    0.00000E+00    0.00000E+00    0.00000E+00
    0.35400E+07    0.00000E+00    0.00000E+00    0.00000E+00    0.00000E+00    0.00000E+00    0.00000E+00
    0.35450E+07    0.00000E+00    0.00000E+00    0.00000E+00    0.00000E+00    0.00000E+00    0.00000E+00
    0.35500E+07    0.00000E+00    0.00000E+00    0.00000E+00    0.00000E+00    0.00000E+00    0.00000E+00
    0.35550E+07    0.00000E+00    0.00000E+00    0.00000E+00    0.00000E+00    0.00000E+00    0.00000E+00
    0.35600E+07    0.00000E+00    0.00000E+00    0.00000E+00    0.00000E+00    0.00000E+00    0.00000E+00
    0.35650E+07    0.00000E+00    0.00000E+00    0.00000E+00    0.00000E+00    0.00000E+00    0.00000E+00
    0.35700E+07    0.00000E+00    0.00000E+00    0.00000E+00    0.00000E+00    0.00000E+00    0.00000E+00
    0.35750E+07    0.00000E+00    0.00000E+00    0.00000E+00    0.00000E+00    0.00000E+00    0.00000E+00
    0.35800E+07    0.00000E+00    0.00000E+00    0.00000E+00    0.00000E+00    0.00000E+00    0.00000E+00
    0.35850E+07    0.00000E+00    0.00000E+00    0.00000E+00    0.00000E+00    0.00000E+00    0.00000E+00
    0.35900E+07    0.00000E+00    0.00000E+00    0.00000E+00    0.00000E+00    0.00000E+00    0.00000E+00
    0.35950E+07    0.00000E+00    0.00000E+00    0.00000E+00    0.00000E+00    0.00000E+00    0.00000E+00
    0.36000E+07    0.00000E+00    0.00000E+00    0.00000E+00    0.00000E+00    0.00000E+00    0.00000E+00
    0.36050E+07    0.00000E+00    0.00000E+00    0.00000E+00    0.00000E+00    0.00000E+00    0.00000E+00
    0.36100E+07    0.00000E+00    0.00000E+00    0.00000E+00    0.00000E+00    0.00000E+00    0.00000E+00
    0.36150E+07    0.00000E+00    0.00000E+00    0.00000E+00    0.00000E+00    0.00000E+00    0.00000E+00
    0.36200E+07    0.00000E+00    0.00000E+00    0.00000E+00    0.00000E+00    0.00000E+00    0.00000E+00
    0.36250E+07    0.00000E+00    0.00000E+00    0.00000E+00    0.00000E+00    0.00000E+00    0.00000E+00
    0.36300E+07    0.00000E+00    0.00000E+00    0.00000E+00    0.00000E+00    0.00000E+00    0.00000E+00
    0.36300E+07    0.00000E+00    0.00000E+00    0.00000E+00    0.00000E+00    0.00000E+00    0.00000E+00
    0.36350E+07    0.00000E+00    0.00000E+00    0.00000E+00    0.00000E+00    0.00000E+00    0.00000E+00
    0.36400E+07    0.00000E+00    0.00000E+00    0.00000E+00    0.00000E+00    0.00000E+00    0.00000E+00
    0.36450E+07    0.00000E+00    0.00000E+00    0.00000E+00    0.00000E+00    0.00000E+00    0.00000E+00
    0.36500E+07    0.00000E+00    0.00000E+00    0.00000E+00    0.00000E+00    0.00000E+00    0.00000E+00
    0.36550E+07    0.00000E+00    0.00000E+00    0.00000E+00    0.00000E+00    0.00000E+00    0.00000E+00
    0.36600E+07    0.00000E+00    0.00000E+00    0.00000E+00    0.00000E+00    0.00000E+00    0.00000E+00
    0.36650E+07    0.00000E+00    0.00000E+00    0.00000E+00    0.00000E+00    0.00000E+00    0.00000E+00
    0.36700E+07    0.00000E+00    0.00000E+00    0.00000E+00    0.00000E+00    0.00000E+00    0.00000E+00
    0.36750E+07    0.00000E+00    0.00000E+00    0.00000E+00    0.00000E+00    0.00000E+00    0.00000E+00
    0.36800E+07    0.00000E+00    0.00000E+00    0.00000E+00    0.00000E+00    0.00000E+00    0.00000E+00
    0.36850E+07    0.00000E+00    0.00000E+00    0.00000E+00    0.00000E+00    0.00000E+00    0.00000E+00
    0.36900E+07    0.00000E+00    0.00000E+00    0.00000E+00    0.00000E+00    0.00000E+00    0.00000E+00
    0.36950E+07    0.00000E+00    0.00000E+00    0.00000E+00    0.00000E+00    0.00000E+00    0.00000E+00
    0.37000E+07    0.00000E+00    0.00000E+00    0.00000E+00    0.00000E+00    0.00000E+00    0.00000E+00
    0.37050E+07    0.00000E+00    0.00000E+00    0.00000E+00    0.00000E+00    0.00000E+00    0.00000E+00
    0.37100E+07    0.00000E+00    0.00000E+00    0.00000E+00    0.00000E+00    0.00000E+00    0.00000E+00
    0.37150E+07    0.00000E+00    0.00000E+00    0.00000E+00    0.00000E+00    0.00000E+00    0.00000E+00
    0.37200E+07    0.00000E+00    0.00000E+00    0.00000E+00    0.00000E+00    0.00000E+00    0.00000E+00
    0.37250E+07    0.00000E+00    0.00000E+00    0.00000E+00    0.00000E+00    0.00000E+00    0.00000E+00
    0.37300E+07    0.00000E+00    0.00000E+00    0.00000E+00    0.00000E+00    0.00000E+00    0.00000E+00
    0.37350E+07    0.00000E+00    0.00000E+00    0.00000E+00    0.00000E+00    0.00000E+00    0.00000E+00
    0.37400E+07    0.00000E+00    0.00000E+00    0.00000E+00    0.00000E+00    0.00000E+00    0.00000E+00
    0.37450E+07    0.00000E+00    0.00000E+00    0.00000E+00    0.00000E+00    0.00000E+00    0.00000E+00
    0.37500E+07    0.00000E+00    0.00000E+00    0.00000E+00    0.00000E+00    0.00000E+00    0.00000E+00
    0.37550E+07    0.00000E+00    0.00000E+00    0.00000E+00    0.00000E+00    0.00000E+00    0.00000E+00
    0.37600E+07    0.00000E+00    0.00000E+00    0.00000E+00    0.00000E+00    0.00000E+00    0.00000E+00
    0.37650E+07    0.00000E+00    0.00000E+00    0.00000E+00    0.00000E+00    0.00000E+00    0.00000E+00
    0.37700E+07    0.00000E+00    0.00000E+00    0.00000E+00    0.00000E+00    0.00000E+00    0.00000E+00
    0.37750E+07    0.00000E+00    0.00000E+00    0.00000E+00    0.00000E+00    0.00000E+00    0.00000E+00
    0.37800E+07    0.00000E+00    0.00000E+00    0.00000E+00    0.00000E+00    0.00000E+00    0.00000E+00
    0.37850E+07    0.00000E+00    0.00000E+00    0.00000E+00    0.00000E+00    0.00000E+00    0.00000E+00
    0.37900E+07    0.00000E+00    0.00000E+00    0.00000E+00    0.00000E+00    0.00000E+00    0.00000E+00
    0.37950E+07    0.00000E+00    0.00000E+00    0.00000E+00    0.00000E+00    0.00000E+00    0.00000E+00
    0.38000E+07    0.00000E+00    0.00000E+00    0.00000E+00    0.00000E+00    0.00000E+00    0.00000E+00
    0.38050E+07    0.00000E+00    0.00000E+00    0.00000E+00    0.00000E+00    0.00000E+00    0.00000E+00
    0.38100E+07    0.00000E+00    0.00000E+00    0.00000E+00    0.00000E+00    0.00000E+00    0.00000E+00
    0.38150E+07    0.00000E+00    0.00000E+00    0.00000E+00    0.00000E+00    0.00000E+00    0.00000E+00
    0.38200E+07    0.00000E+00    0.00000E+00    0.00000E+00    0.00000E+00    0.00000E+00    0.00000E+00
    0.38250E+07    0.00000E+00    0.00000E+00    0.00000E+00    0.00000E+00    0.00000E+00    0.00000E+00
    0.38300E+07    0.00000E+00    0.00000E+00    0.00000E+00    0.00000E+00    0.00000E+00    0.00000E+00
    0.38350E+07    0.00000E+00    0.00000E+00    0.00000E+00    0.00000E+00    0.00000E+00    0.00000E+00
    0.38400E+07    0.00000E+00    0.00000E+00    0.00000E+00    0.00000E+00    0.00000E+00    0.00000E+00
    0.38450E+07    0.00000E+00    0.00000E+00    0.00000E+00    0.00000E+00    0.00000E+00    0.00000E+00
    0.38500E+07    0.00000E+00    0.00000E+00    0.00000E+00    0.00000E+00    0.00000E+00    0.00000E+00
    0.38550E+07    0.00000E+00    0.00000E+00    0.00000E+00    0.00000E+00    0.00000E+00    0.00000E+00
    0.38600E+07    0.00000E+00    0.00000E+00    0.00000E+00    0.00000E+00    0.00000E+00    0.00000E+00
    0.38650E+07    0.00000E+00    0.00000E+00    0.00000E+00    0.00000E+00    0.00000E+00    0.00000E+00
    0.38700E+07    0.00000E+00    0.00000E+00    0.00000E+00    0.00000E+00    0.00000E+00    0.00000E+00
    0.38750E+07    0.00000E+00    0.00000E+00    0.00000E+00    0.00000E+00    0.00000E+00    0.00000E+00
    0.38800E+07    0.00000E+00    0.00000E+00    0.00000E+00    0.00000E+00    0.00000E+00    0.00000E+00
    0.38850E+07    0.00000E+00    0.00000E+00    0.00000E+00    0.00000E+00    0.00000E+00    0.00000E+00
    0.38900E+07    0.00000E+00    0.00000E+00    0.00000E+00    0.00000E+00    0.00000E+00    0.00000E+00
    0.38950E+07    0.00000E+00    0.00000E+00    0.00000E+00    0.00000E+00    0.00000E+00    0.00000E+00
    0.39000E+07    0.00000E+00    0.00000E+00    0.00000E+00    0.00000E+00    0.00000E+00    0.00000E+00
    0.39050E+07    0.00000E+00    0.00000E+00    0.00000E+00    0.00000E+00    0.00000E+00    0.00000E+00
    0.39100E+07    0.00000E+00    0.00000E+00    0.00000E+00    0.00000E+00    0.00000E+00    0.00000E+00
    0.39150E+07    0.00000E+00    0.00000E+00    0.00000E+00    0.00000E+00    0.00000E+00    0.00000E+00
    0.39200E+07    0.00000E+00    0.00000E+00    0.00000E+00    0.00000E+00    0.00000E+00    0.00000E+00
    0.39250E+07    0.00000E+00    0.00000E+00    0.00000E+00    0.00000E+00    0.00000E+00    0.00000E+00
    0.39300E+07    0.00000E+00    0.00000E+00    0.00000E+00    0.00000E+00    0.00000E+00    0.00000E+00
    0.39350E+07    0.00000E+00    0.00000E+00    0.00000E+00    0.00000E+00    0.00000E+00    0.00000E+00
    0.39400E+07    0.00000E+00    0.00000E+00    0.00000E+00    0.00000E+00    0.00000E+00    0.00000E+00
    0.39450E+07    0.00000E+00    0.00000E+00    0.00000E+00    0.00000E+00    0.00000E+00    0.00000E+00
    0.39500E+07    0.00000E+00    0.00000E+00    0.00000E+00    0.00000E+00    0.00000E+00    0.00000E+00
    0.39550E+07    0.00000E+00    0.00000E+00    0.00000E+00    0.00000E+00    0.00000E+00    0.00000E+00
    0.39600E+07    0.00000E+00    0.00000E+00    0.00000E+00    0.00000E+00    0.00000E+00    0.00000E+00
    0.39650E+07    0.00000E+00    0.00000E+00    0.00000E+00    0.00000E+00    0.00000E+00    0.00000E+00
    0.39700E+07    0.00000E+00    0.00000E+00    0.00000E+00    0.00000E+00    0.00000E+00    0.00000E+00
    0.39750E+07    0.00000E+00    0.00000E+00    0.00000E+00    0.00000E+00    0.00000E+00    0.00000E+00
    0.39800E+07    0.00000E+00    0.00000E+00    0.00000E+00    0.00000E+00    0.00000E+00    0.00000E+00
    0.39850E+07    0.00000E+00    0.00000E+00    0.00000E+00    0.00000E+00    0.00000E+00    0.00000E+00
    0.39900E+07    0.00000E+00    0.00000E+00    0.00000E+00    0.00000E+00    0.00000E+00    0.00000E+00
    0.39950E+07    0.00000E+00    0.00000E+00    0.00000E+00    0.00000E+00    0.00000E+00    0.00000E+00
    0.40000E+07    0.00000E+00    0.00000E+00    0.00000E+00    0.00000E+00    0.00000E+00    0.00000E+00
    0.40050E+07    0.00000E+00    0.00000E+00    0.00000E+00    0.00000E+00    0.00000E+00    0.00000E+00
    0.40100E+07    0.00000E+00    0.00000E+00    0.00000E+00    0.00000E+00    0.00000E+00    0.00000E+00
    0.40150E+07    0.00000E+00    0.00000E+00    0.00000E+00    0.00000E+00    0.00000E+00    0.00000E+00
    0.40200E+07    0.00000E+00    0.00000E+00    0.00000E+00    0.00000E+00    0.00000E+00    0.00000E+00
    0.40250E+07    0.00000E+00    0.00000E+00    0.00000E+00    0.00000E+00    0.00000E+00    0.00000E+00
    0.40300E+07    0.00000E+00    0.00000E+00    0.00000E+00    0.00000E+00    0.00000E+00    0.00000E+00
    0.40350E+07    0.00000E+00    0.00000E+00    0.00000E+00    0.00000E+00    0.00000E+00    0.00000E+00
    0.40400E+07    0.00000E+00    0.00000E+00    0.00000E+00    0.00000E+00    0.00000E+00    0.00000E+00
    0.40450E+07    0.00000E+00    0.00000E+00    0.00000E+00    0.00000E+00    0.00000E+00    0.00000E+00
    0.40500E+07    0.00000E+00    0.00000E+00    0.00000E+00    0.00000E+00    0.00000E+00    0.00000E+00
    0.40550E+07    0.00000E+00    0.00000E+00    0.00000E+00    0.00000E+00    0.00000E+00    0.00000E+00
    0.40600E+07    0.00000E+00    0.00000E+00    0.00000E+00    0.00000E+00    0.00000E+00    0.00000E+00
    0.40650E+07    0.00000E+00    0.00000E+00    0.00000E+00    0.00000E+00    0.00000E+00    0.00000E+00
    0.40700E+07    0.00000E+00    0.00000E+00    0.00000E+00    0.00000E+00    0.00000E+00    0.00000E+00
    0.40750E+07    0.00000E+00    0.00000E+00    0.00000E+00    0.00000E+00    0.00000E+00    0.00000E+00
    0.40800E+07    0.00000E+00    0.00000E+00    0.00000E+00    0.00000E+00    0.00000E+00    0.00000E+00
    0.40850E+07    0.00000E+00    0.00000E+00    0.00000E+00    0.00000E+00    0.00000E+00    0.00000E+00
    0.40900E+07    0.00000E+00    0.00000E+00    0.00000E+00    0.00000E+00    0.00000E+00    0.00000E+00
    0.40950E+07    0.00000E+00    0.00000E+00    0.00000E+00    0.00000E+00    0.00000E+00    0.00000E+00
    0.41000E+07    0.00000E+00    0.00000E+00    0.00000E+00    0.00000E+00    0.00000E+00    0.00000E+00
    0.41050E+07    0.00000E+00    0.00000E+00    0.00000E+00    0.00000E+00    0.00000E+00    0.00000E+00
    0.41100E+07    0.00000E+00    0.00000E+00    0.00000E+00    0.00000E+00    0.00000E+00    0.00000E+00
    0.41150E+07    0.00000E+00    0.00000E+00    0.00000E+00    0.00000E+00    0.00000E+00    0.00000E+00
    0.41200E+07    0.00000E+00    0.00000E+00    0.00000E+00    0.00000E+00    0.00000E+00    0.00000E+00
    0.41250E+07    0.00000E+00    0.00000E+00    0.00000E+00    0.00000E+00    0.00000E+00    0.00000E+00
    0.41300E+07    0.00000E+00    0.00000E+00    0.00000E+00    0.00000E+00    0.00000E+00    0.00000E+00
    0.41350E+07    0.00000E+00    0.00000E+00    0.00000E+00    0.00000E+00    0.00000E+00    0.00000E+00
    0.41400E+07    0.00000E+00    0.00000E+00    0.00000E+00    0.00000E+00    0.00000E+00    0.00000E+00
    0.41450E+07    0.00000E+00    0.00000E+00    0.00000E+00    0.00000E+00    0.00000E+00    0.00000E+00
    0.41500E+07    0.00000E+00    0.00000E+00    0.00000E+00    0.00000E+00    0.00000E+00    0.00000E+00
    0.41550E+07    0.00000E+00    0.00000E+00    0.00000E+00    0.00000E+00    0.00000E+00    0.00000E+00
    0.41600E+07    0.00000E+00    0.00000E+00    0.00000E+00    0.00000E+00    0.00000E+00    0.00000E+00
    0.41650E+07    0.00000E+00    0.00000E+00    0.00000E+00    0.00000E+00    0.00000E+00    0.00000E+00
    0.41700E+07    0.00000E+00    0.00000E+00    0.00000E+00    0.00000E+00    0.00000E+00    0.00000E+00
    0.41750E+07    0.00000E+00    0.00000E+00    0.00000E+00    0.00000E+00    0.00000E+00    0.00000E+00
    0.41800E+07    0.00000E+00    0.00000E+00    0.00000E+00    0.00000E+00    0.00000E+00    0.00000E+00
    0.41850E+07    0.00000E+00    0.00000E+00    0.00000E+00    0.00000E+00    0.00000E+00    0.00000E+00
    0.41900E+07    0.00000E+00    0.00000E+00    0.00000E+00    0.00000E+00    0.00000E+00    0.00000E+00
    0.41950E+07    0.00000E+00    0.00000E+00    0.00000E+00    0.00000E+00    0.00000E+00    0.00000E+00
    0.42000E+07    0.00000E+00    0.00000E+00    0.00000E+00    0.00000E+00    0.00000E+00    0.00000E+00
    0.42050E+07    0.00000E+00    0.00000E+00    0.00000E+00    0.00000E+00    0.00000E+00    0.00000E+00
    0.42100E+07    0.00000E+00    0.00000E+00    0.00000E+00    0.00000E+00    0.00000E+00    0.00000E+00
    0.42150E+07    0.00000E+00    0.00000E+00    0.00000E+00    0.00000E+00    0.00000E+00    0.00000E+00
    0.42200E+07    0.00000E+00    0.00000E+00    0.00000E+00    0.00000E+00    0.00000E+00    0.00000E+00
    0.42250E+07    0.00000E+00    0.00000E+00    0.00000E+00    0.00000E+00    0.00000E+00    0.00000E+00
    0.42300E+07    0.00000E+00    0.00000E+00    0.00000E+00    0.00000E+00    0.00000E+00    0.00000E+00
    0.42350E+07    0.00000E+00    0.00000E+00    0.00000E+00    0.00000E+00    0.00000E+00    0.00000E+00
    0.42400E+07    0.00000E+00    0.00000E+00    0.00000E+00    0.00000E+00    0.00000E+00    0.00000E+00
    0.42450E+07    0.00000E+00    0.00000E+00    0.00000E+00    0.00000E+00    0.00000E+00    0.00000E+00
    0.42500E+07    0.00000E+00    0.00000E+00    0.00000E+00    0.00000E+00    0.00000E+00    0.00000E+00
    0.42550E+07    0.00000E+00    0.00000E+00    0.00000E+00    0.00000E+00    0.00000E+00    0.00000E+00
    0.42600E+07    0.00000E+00    0.00000E+00    0.00000E+00    0.00000E+00    0.00000E+00    0.00000E+00
    0.42650E+07    0.00000E+00    0.00000E+00    0.00000E+00    0.00000E+00    0.00000E+00    0.00000E+00
    0.42700E+07    0.00000E+00    0.00000E+00    0.00000E+00    0.00000E+00    0.00000E+00    0.00000E+00
    0.42750E+07    0.00000E+00    0.00000E+00    0.00000E+00    0.00000E+00    0.00000E+00    0.00000E+00
    0.42800E+07    0.00000E+00    0.00000E+00    0.00000E+00    0.00000E+00    0.00000E+00    0.00000E+00
    0.42850E+07    0.00000E+00    0.00000E+00    0.00000E+00    0.00000E+00    0.00000E+00    0.00000E+00
    0.42900E+07    0.00000E+00    0.00000E+00    0.00000E+00    0.00000E+00    0.00000E+00    0.00000E+00
    0.42950E+07    0.00000E+00    0.00000E+00    0.00000E+00    0.00000E+00    0.00000E+00    0.00000E+00
    0.43000E+07    0.00000E+00    0.00000E+00    0.00000E+00    0.00000E+00    0.00000E+00    0.00000E+00
    0.43050E+07    0.00000E+00    0.00000E+00    0.00000E+00    0.00000E+00    0.00000E+00    0.00000E+00
    0.43100E+07    0.00000E+00    0.00000E+00    0.00000E+00    0.00000E+00    0.00000E+00    0.00000E+00
    0.43150E+07    0.00000E+00    0.00000E+00    0.00000E+00    0.00000E+00    0.00000E+00    0.00000E+00
    0.43200E+07    0.00000E+00    0.00000E+00    0.00000E+00    0.00000E+00    0.00000E+00    0.00000E+00
    0.43250E+07    0.00000E+00    0.00000E+00    0.00000E+00    0.00000E+00    0.00000E+00    0.00000E+00
    0.43300E+07    0.00000E+00    0.00000E+00    0.00000E+00    0.00000E+00    0.00000E+00    0.00000E+00
    0.43350E+07    0.00000E+00    0.00000E+00    0.00000E+00    0.00000E+00    0.00000E+00    0.00000E+00
    0.43400E+07    0.00000E+00    0.00000E+00    0.00000E+00    0.00000E+00    0.00000E+00    0.00000E+00
    0.43450E+07    0.00000E+00    0.00000E+00    0.00000E+00    0.00000E+00    0.00000E+00    0.00000E+00
    0.43500E+07    0.00000E+00    0.00000E+00    0.00000E+00    0.00000E+00    0.00000E+00    0.00000E+00
    0.43550E+07    0.00000E+00    0.00000E+00    0.00000E+00    0.00000E+00    0.00000E+00    0.00000E+00
    0.43600E+07    0.00000E+00    0.00000E+00    0.00000E+00    0.00000E+00    0.00000E+00    0.00000E+00
    0.43650E+07    0.00000E+00    0.00000E+00    0.00000E+00    0.00000E+00    0.00000E+00    0.00000E+00
    0.43700E+07    0.00000E+00    0.00000E+00    0.00000E+00    0.00000E+00    0.00000E+00    0.00000E+00
    0.43750E+07    0.00000E+00    0.00000E+00    0.00000E+00    0.00000E+00    0.00000E+00    0.00000E+00
    0.43800E+07    0.00000E+00    0.00000E+00    0.00000E+00    0.00000E+00    0.00000E+00    0.00000E+00
    0.43850E+07    0.00000E+00    0.00000E+00    0.00000E+00    0.00000E+00    0.00000E+00    0.00000E+00
    0.43900E+07    0.00000E+00    0.00000E+00    0.00000E+00    0.00000E+00    0.00000E+00    0.00000E+00
    0.43950E+07    0.00000E+00    0.00000E+00    0.00000E+00    0.00000E+00    0.00000E+00    0.00000E+00
    0.44000E+07    0.00000E+00    0.00000E+00    0.00000E+00    0.00000E+00    0.00000E+00    0.00000E+00
    0.44050E+07    0.00000E+00    0.00000E+00    0.00000E+00    0.00000E+00    0.00000E+00    0.00000E+00
    0.44100E+07    0.00000E+00    0.00000E+00    0.00000E+00    0.00000E+00    0.00000E+00    0.00000E+00
    0.44150E+07    0.00000E+00    0.00000E+00    0.00000E+00    0.00000E+00    0.00000E+00    0.00000E+00
    0.44200E+07    0.00000E+00    0.00000E+00    0.00000E+00    0.00000E+00    0.00000E+00    0.00000E+00
    0.44250E+07    0.00000E+00    0.00000E+00    0.00000E+00    0.00000E+00    0.00000E+00    0.00000E+00
    0.44300E+07    0.00000E+00    0.00000E+00    0.00000E+00    0.00000E+00    0.00000E+00    0.00000E+00
    0.44350E+07    0.00000E+00    0.00000E+00    0.00000E+00    0.00000E+00    0.00000E+00    0.00000E+00
    0.44400E+07    0.00000E+00    0.00000E+00    0.00000E+00    0.00000E+00    0.00000E+00    0.00000E+00
    0.44450E+07    0.00000E+00    0.00000E+00    0.00000E+00    0.00000E+00    0.00000E+00    0.00000E+00
    0.44500E+07    0.00000E+00    0.00000E+00    0.00000E+00    0.00000E+00    0.00000E+00    0.00000E+00
    0.44550E+07    0.00000E+00    0.00000E+00    0.00000E+00    0.00000E+00    0.00000E+00    0.00000E+00
    0.44600E+07    0.00000E+00    0.00000E+00    0.00000E+00    0.00000E+00    0.00000E+00    0.00000E+00
    0.44650E+07    0.00000E+00    0.00000E+00    0.00000E+00    0.00000E+00    0.00000E+00    0.00000E+00
    0.44700E+07    0.00000E+00    0.00000E+00    0.00000E+00    0.00000E+00    0.00000E+00    0.00000E+00
    0.44750E+07    0.00000E+00    0.00000E+00    0.00000E+00    0.00000E+00    0.00000E+00    0.00000E+00
    0.44800E+07    0.00000E+00    0.00000E+00    0.00000E+00    0.00000E+00    0.00000E+00    0.00000E+00
    0.44850E+07    0.00000E+00    0.00000E+00    0.00000E+00    0.00000E+00    0.00000E+00    0.00000E+00
    0.44900E+07    0.00000E+00    0.00000E+00    0.00000E+00    0.00000E+00    0.00000E+00    0.00000E+00
    0.44950E+07    0.00000E+00    0.00000E+00    0.00000E+00    0.00000E+00    0.00000E+00    0.00000E+00
    0.45000E+07    0.00000E+00    0.00000E+00    0.00000E+00    0.00000E+00    0.00000E+00    0.00000E+00
    0.45050E+07    0.00000E+00    0.00000E+00    0.00000E+00    0.00000E+00    0.00000E+00    0.00000E+00
    0.45100E+07    0.00000E+00    0.00000E+00    0.00000E+00    0.00000E+00    0.00000E+00    0.00000E+00
    0.45150E+07    0.00000E+00    0.00000E+00    0.00000E+00    0.00000E+00    0.00000E+00    0.00000E+00
    0.45200E+07    0.00000E+00    0.00000E+00    0.00000E+00    0.00000E+00    0.00000E+00    0.00000E+00
    0.45250E+07    0.00000E+00    0.00000E+00    0.00000E+00    0.00000E+00    0.00000E+00    0.00000E+00
    0.45300E+07    0.00000E+00    0.00000E+00    0.00000E+00    0.00000E+00    0.00000E+00    0.00000E+00
    0.45350E+07    0.00000E+00    0.00000E+00    0.00000E+00    0.00000E+00    0.00000E+00    0.00000E+00
    0.45400E+07    0.00000E+00    0.00000E+00    0.00000E+00    0.00000E+00    0.00000E+00    0.00000E+00
    0.45450E+07    0.00000E+00    0.00000E+00    0.00000E+00    0.00000E+00    0.00000E+00    0.00000E+00
    0.45500E+07    0.00000E+00    0.00000E+00    0.00000E+00    0.00000E+00    0.00000E+00    0.00000E+00
    0.45550E+07    0.00000E+00    0.00000E+00    0.00000E+00    0.00000E+00    0.00000E+00    0.00000E+00
    0.45600E+07    0.00000E+00    0.00000E+00    0.00000E+00    0.00000E+00    0.00000E+00    0.00000E+00
    0.45650E+07    0.00000E+00    0.00000E+00    0.00000E+00    0.00000E+00    0.00000E+00    0.00000E+00
    0.45700E+07    0.00000E+00    0.00000E+00    0.00000E+00    0.00000E+00    0.00000E+00    0.00000E+00
    0.45750E+07    0.00000E+00    0.00000E+00    0.00000E+00    0.00000E+00    0.00000E+00    0.00000E+00
    0.45800E+07    0.00000E+00    0.00000E+00    0.00000E+00    0.00000E+00    0.00000E+00    0.00000E+00
    0.45850E+07    0.00000E+00    0.00000E+00    0.00000E+00    0.00000E+00    0.00000E+00    0.00000E+00
    0.45900E+07    0.00000E+00    0.00000E+00    0.00000E+00    0.00000E+00    0.00000E+00    0.00000E+00
    0.45950E+07    0.00000E+00    0.00000E+00    0.00000E+00    0.00000E+00    0.00000E+00    0.00000E+00
    0.46000E+07    0.00000E+00    0.00000E+00    0.00000E+00    0.00000E+00    0.00000E+00    0.00000E+00
    0.46050E+07    0.00000E+00    0.00000E+00    0.00000E+00    0.00000E+00    0.00000E+00    0.00000E+00
    0.46100E+07    0.00000E+00    0.00000E+00    0.00000E+00    0.00000E+00    0.00000E+00    0.00000E+00
    0.46150E+07    0.00000E+00    0.00000E+00    0.00000E+00    0.00000E+00    0.00000E+00    0.00000E+00
    0.46200E+07    0.00000E+00    0.00000E+00    0.00000E+00    0.00000E+00    0.00000E+00    0.00000E+00
    0.46250E+07    0.00000E+00    0.00000E+00    0.00000E+00    0.00000E+00    0.00000E+00    0.00000E+00
    0.46300E+07    0.00000E+00    0.00000E+00    0.00000E+00    0.00000E+00    0.00000E+00    0.00000E+00
    0.46350E+07    0.00000E+00    0.00000E+00    0.00000E+00    0.00000E+00    0.00000E+00    0.00000E+00
    0.46400E+07    0.00000E+00    0.00000E+00    0.00000E+00    0.00000E+00    0.00000E+00    0.00000E+00
    0.46450E+07    0.00000E+00    0.00000E+00    0.00000E+00    0.00000E+00    0.00000E+00    0.00000E+00
    0.46500E+07    0.00000E+00    0.00000E+00    0.00000E+00    0.00000E+00    0.00000E+00    0.00000E+00
    0.46550E+07    0.00000E+00    0.00000E+00    0.00000E+00    0.00000E+00    0.00000E+00    0.00000E+00
    0.46600E+07    0.00000E+00    0.00000E+00    0.00000E+00    0.00000E+00    0.00000E+00    0.00000E+00
    0.46650E+07    0.00000E+00    0.00000E+00    0.00000E+00    0.00000E+00    0.00000E+00    0.00000E+00
    0.46700E+07    0.00000E+00    0.00000E+00    0.00000E+00    0.00000E+00    0.00000E+00    0.00000E+00
    0.46750E+07    0.00000E+00    0.00000E+00    0.00000E+00    0.00000E+00    0.00000E+00    0.00000E+00
    0.46800E+07    0.00000E+00    0.00000E+00    0.00000E+00    0.00000E+00    0.00000E+00    0.00000E+00
    0.46850E+07    0.00000E+00    0.00000E+00    0.00000E+00    0.00000E+00    0.00000E+00    0.00000E+00
    0.46900E+07    0.00000E+00    0.00000E+00    0.00000E+00    0.00000E+00    0.00000E+00    0.00000E+00
    0.46950E+07    0.00000E+00    0.00000E+00    0.00000E+00    0.00000E+00    0.00000E+00    0.00000E+00
    0.47000E+07    0.00000E+00    0.00000E+00    0.00000E+00    0.00000E+00    0.00000E+00    0.00000E+00
    0.47050E+07    0.00000E+00    0.00000E+00    0.00000E+00    0.00000E+00    0.00000E+00    0.00000E+00
    0.47100E+07    0.00000E+00    0.00000E+00    0.00000E+00    0.00000E+00    0.00000E+00    0.00000E+00
    0.47150E+07    0.00000E+00    0.00000E+00    0.00000E+00    0.00000E+00    0.00000E+00    0.00000E+00
    0.47200E+07    0.00000E+00    0.00000E+00    0.00000E+00    0.00000E+00    0.00000E+00    0.00000E+00
    0.47250E+07    0.00000E+00    0.00000E+00    0.00000E+00    0.00000E+00    0.00000E+00    0.00000E+00
    0.47300E+07    0.00000E+00    0.00000E+00    0.00000E+00    0.00000E+00    0.00000E+00    0.00000E+00
    0.47350E+07    0.00000E+00    0.00000E+00    0.00000E+00    0.00000E+00    0.00000E+00    0.00000E+00
    0.47400E+07    0.00000E+00    0.00000E+00    0.00000E+00    0.00000E+00    0.00000E+00    0.00000E+00
    0.47450E+07    0.00000E+00    0.00000E+00    0.00000E+00    0.00000E+00    0.00000E+00    0.00000E+00
    0.47500E+07    0.00000E+00    0.00000E+00    0.00000E+00    0.00000E+00    0.00000E+00    0.00000E+00
    0.47550E+07    0.00000E+00    0.00000E+00    0.00000E+00    0.00000E+00    0.00000E+00    0.00000E+00
    0.47600E+07    0.00000E+00    0.00000E+00    0.00000E+00    0.00000E+00    0.00000E+00    0.00000E+00
    0.47650E+07    0.00000E+00    0.00000E+00    0.00000E+00    0.00000E+00    0.00000E+00    0.00000E+00
    0.47700E+07    0.00000E+00    0.00000E+00    0.00000E+00    0.00000E+00    0.00000E+00    0.00000E+00
    0.47750E+07    0.00000E+00    0.00000E+00    0.00000E+00    0.00000E+00    0.00000E+00    0.00000E+00
    0.47800E+07    0.00000E+00    0.00000E+00    0.00000E+00    0.00000E+00    0.00000E+00    0.00000E+00
    0.47850E+07    0.00000E+00    0.00000E+00    0.00000E+00    0.00000E+00    0.00000E+00    0.00000E+00
    0.47900E+07    0.00000E+00    0.00000E+00    0.00000E+00    0.00000E+00    0.00000E+00    0.00000E+00
    0.47950E+07    0.00000E+00    0.00000E+00    0.00000E+00    0.00000E+00    0.00000E+00    0.00000E+00
    0.48000E+07    0.00000E+00    0.00000E+00    0.00000E+00    0.00000E+00    0.00000E+00    0.00000E+00
    0.48050E+07    0.00000E+00    0.00000E+00    0.00000E+00    0.00000E+00    0.00000E+00    0.00000E+00
    0.48100E+07    0.00000E+00    0.00000E+00    0.00000E+00    0.00000E+00    0.00000E+00    0.00000E+00
    0.48150E+07    0.00000E+00    0.00000E+00    0.00000E+00    0.00000E+00    0.00000E+00    0.00000E+00
    0.48200E+07    0.00000E+00    0.00000E+00    0.00000E+00    0.00000E+00    0.00000E+00    0.00000E+00
    0.48250E+07    0.00000E+00    0.00000E+00    0.00000E+00    0.00000E+00    0.00000E+00    0.00000E+00
    0.48300E+07    0.00000E+00    0.00000E+00    0.00000E+00    0.00000E+00    0.00000E+00    0.00000E+00
    0.48350E+07    0.00000E+00    0.00000E+00    0.00000E+00    0.00000E+00    0.00000E+00    0.00000E+00
    0.48400E+07    0.00000E+00    0.00000E+00    0.00000E+00    0.00000E+00    0.00000E+00    0.00000E+00
    0.48450E+07    0.00000E+00    0.00000E+00    0.00000E+00    0.00000E+00    0.00000E+00    0.00000E+00
    0.48500E+07    0.00000E+00    0.00000E+00    0.00000E+00    0.00000E+00    0.00000E+00    0.00000E+00
    0.48550E+07    0.00000E+00    0.00000E+00    0.00000E+00    0.00000E+00    0.00000E+00    0.00000E+00
    0.48600E+07    0.00000E+00    0.00000E+00    0.00000E+00    0.00000E+00    0.00000E+00    0.00000E+00
    0.48650E+07    0.00000E+00    0.00000E+00    0.00000E+00    0.00000E+00    0.00000E+00    0.00000E+00
    0.48700E+07    0.00000E+00    0.00000E+00    0.00000E+00    0.00000E+00    0.00000E+00    0.00000E+00
    0.48750E+07    0.00000E+00    0.00000E+00    0.00000E+00    0.00000E+00    0.00000E+00    0.00000E+00
    0.48800E+07    0.00000E+00    0.00000E+00    0.00000E+00    0.00000E+00    0.00000E+00    0.00000E+00
    0.48850E+07    0.00000E+00    0.00000E+00    0.00000E+00    0.00000E+00    0.00000E+00    0.00000E+00
    0.48900E+07    0.00000E+00    0.00000E+00    0.00000E+00    0.00000E+00    0.00000E+00    0.00000E+00
    0.48950E+07    0.00000E+00    0.00000E+00    0.00000E+00    0.00000E+00    0.00000E+00    0.00000E+00
    0.49000E+07    0.00000E+00    0.00000E+00    0.00000E+00    0.00000E+00    0.00000E+00    0.00000E+00
    0.49050E+07    0.00000E+00    0.00000E+00    0.00000E+00    0.00000E+00    0.00000E+00    0.00000E+00
    0.49100E+07    0.00000E+00    0.00000E+00    0.00000E+00    0.00000E+00    0.00000E+00    0.00000E+00
    0.49150E+07    0.00000E+00    0.00000E+00    0.00000E+00    0.00000E+00    0.00000E+00    0.00000E+00
    0.49200E+07    0.00000E+00    0.00000E+00    0.00000E+00    0.00000E+00    0.00000E+00    0.00000E+00
    0.49250E+07    0.00000E+00    0.00000E+00    0.00000E+00    0.00000E+00    0.00000E+00    0.00000E+00
    0.49300E+07    0.00000E+00    0.00000E+00    0.00000E+00    0.00000E+00    0.00000E+00    0.00000E+00
    0.49350E+07    0.00000E+00    0.00000E+00    0.00000E+00    0.00000E+00    0.00000E+00    0.00000E+00
    0.49400E+07    0.00000E+00    0.00000E+00    0.00000E+00    0.00000E+00    0.00000E+00    0.00000E+00
    0.49450E+07    0.00000E+00    0.00000E+00    0.00000E+00    0.00000E+00    0.00000E+00    0.00000E+00
    0.49500E+07    0.00000E+00    0.00000E+00    0.00000E+00    0.00000E+00    0.00000E+00    0.00000E+00
    0.49550E+07    0.00000E+00    0.00000E+00    0.00000E+00    0.00000E+00    0.00000E+00    0.00000E+00
    0.49600E+07    0.00000E+00    0.00000E+00    0.00000E+00    0.00000E+00    0.00000E+00    0.00000E+00
    0.49650E+07    0.00000E+00    0.00000E+00    0.00000E+00    0.00000E+00    0.00000E+00    0.00000E+00
    0.49700E+07    0.00000E+00    0.00000E+00    0.00000E+00    0.00000E+00    0.00000E+00    0.00000E+00
    0.49750E+07    0.00000E+00    0.00000E+00    0.00000E+00    0.00000E+00    0.00000E+00    0.00000E+00
    0.49800E+07    0.00000E+00    0.00000E+00    0.00000E+00    0.00000E+00    0.00000E+00    0.00000E+00
    0.49850E+07    0.00000E+00    0.00000E+00    0.00000E+00    0.00000E+00    0.00000E+00    0.00000E+00
    0.49900E+07    0.00000E+00    0.00000E+00    0.00000E+00    0.00000E+00    0.00000E+00    0.00000E+00
    0.49950E+07    0.00000E+00    0.00000E+00    0.00000E+00    0.00000E+00    0.00000E+00    0.00000E+00
    0.50000E+07    0.00000E+00    0.00000E+00    0.00000E+00    0.00000E+00    0.00000E+00    0.00000E+00
    0.50050E+07    0.00000E+00    0.00000E+00    0.00000E+00    0.00000E+00    0.00000E+00    0.00000E+00
    0.50100E+07    0.00000E+00    0.00000E+00    0.00000E+00    0.00000E+00    0.00000E+00    0.00000E+00
    0.50150E+07    0.00000E+00    0.00000E+00    0.00000E+00    0.00000E+00    0.00000E+00    0.00000E+00
    0.50200E+07    0.00000E+00    0.00000E+00    0.00000E+00    0.00000E+00    0.00000E+00    0.00000E+00
    0.50250E+07    0.00000E+00    0.00000E+00    0.00000E+00    0.00000E+00    0.00000E+00    0.00000E+00
    0.50300E+07    0.00000E+00    0.00000E+00    0.00000E+00    0.00000E+00    0.00000E+00    0.00000E+00
    0.50350E+07    0.00000E+00    0.00000E+00    0.00000E+00    0.00000E+00    0.00000E+00    0.00000E+00
    0.50400E+07    0.00000E+00    0.00000E+00    0.00000E+00    0.00000E+00    0.00000E+00    0.00000E+00
    0.50450E+07    0.00000E+00    0.00000E+00    0.00000E+00    0.00000E+00    0.00000E+00    0.00000E+00
    0.50500E+07    0.00000E+00    0.00000E+00    0.00000E+00    0.00000E+00    0.00000E+00    0.00000E+00
    0.50550E+07    0.00000E+00    0.00000E+00    0.00000E+00    0.00000E+00    0.00000E+00    0.00000E+00
    0.50600E+07    0.00000E+00    0.00000E+00    0.00000E+00    0.00000E+00    0.00000E+00    0.00000E+00
    0.50650E+07    0.00000E+00    0.00000E+00    0.00000E+00    0.00000E+00    0.00000E+00    0.00000E+00
    0.50700E+07    0.00000E+00    0.00000E+00    0.00000E+00    0.00000E+00    0.00000E+00    0.00000E+00
    0.50750E+07    0.00000E+00    0.00000E+00    0.00000E+00    0.00000E+00    0.00000E+00    0.00000E+00
    0.50800E+07    0.00000E+00    0.00000E+00    0.00000E+00    0.00000E+00    0.00000E+00    0.00000E+00
    0.50850E+07    0.00000E+00    0.00000E+00    0.00000E+00    0.00000E+00    0.00000E+00    0.00000E+00
    0.50900E+07    0.00000E+00    0.00000E+00    0.00000E+00    0.00000E+00    0.00000E+00    0.00000E+00
    0.50950E+07    0.00000E+00    0.00000E+00    0.00000E+00    0.00000E+00    0.00000E+00    0.00000E+00
    0.51000E+07    0.00000E+00    0.00000E+00    0.00000E+00    0.00000E+00    0.00000E+00    0.00000E+00
    0.51050E+07    0.00000E+00    0.00000E+00    0.00000E+00    0.00000E+00    0.00000E+00    0.00000E+00
    0.51100E+07    0.00000E+00    0.00000E+00    0.00000E+00    0.00000E+00    0.00000E+00    0.00000E+00
    0.51150E+07    0.00000E+00    0.00000E+00    0.00000E+00    0.00000E+00    0.00000E+00    0.00000E+00
    0.51200E+07    0.00000E+00    0.00000E+00    0.00000E+00    0.00000E+00    0.00000E+00    0.00000E+00
    0.51250E+07    0.00000E+00    0.00000E+00    0.00000E+00    0.00000E+00    0.00000E+00    0.00000E+00
    0.51300E+07    0.17626E-33    0.27838E-33    0.24514E-33    0.00000E+00    0.00000E+00    0.00000E+00
    0.51350E+07    0.26354E-33    0.41569E-33    0.36605E-33    0.00000E+00    0.00000E+00    0.00000E+00
    0.51400E+07    0.39356E-33    0.62057E-33    0.54619E-33    0.00000E+00    0.00000E+00    0.00000E+00
    0.51450E+07    0.58712E-33    0.92607E-33    0.81442E-33    0.00000E+00    0.00000E+00    0.00000E+00
    0.51500E+07    0.87508E-33    0.13813E-32    0.12135E-32    0.00000E+00    0.00000E+00    0.00000E+00
    0.51550E+07    0.13032E-32    0.20591E-32    0.18068E-32    0.00000E+00    0.00000E+00    0.00000E+00
    0.51600E+07    0.19391E-32    0.30676E-32    0.26884E-32    0.00000E+00    0.00000E+00    0.00000E+00
    0.51650E+07    0.28831E-32    0.45671E-32    0.39971E-32    0.00000E+00    0.00000E+00    0.00000E+00
    0.51700E+07    0.42834E-32    0.67952E-32    0.59388E-32    0.00000E+00    0.00000E+00    0.00000E+00
    0.51750E+07    0.63592E-32    0.10103E-31    0.88174E-32    0.00000E+00    0.00000E+00    0.00000E+00
    0.51800E+07    0.94341E-32    0.15012E-31    0.13082E-31    0.00000E+00    0.00000E+00    0.00000E+00
    0.51850E+07    0.13986E-31    0.22289E-31    0.19395E-31    0.00000E+00    0.00000E+00    0.00000E+00
    0.51900E+07    0.20718E-31    0.33072E-31    0.28735E-31    0.00000E+00    0.00000E+00    0.00000E+00
    0.51950E+07    0.30669E-31    0.49036E-31    0.42541E-31    0.00000E+00    0.00000E+00    0.00000E+00
    0.52000E+07    0.45368E-31    0.72656E-31    0.62937E-31    0.00000E+00    0.00000E+00    0.00000E+00
    0.52050E+07    0.67063E-31    0.10758E-30    0.93044E-31    0.00000E+00    0.00000E+00    0.00000E+00
    0.52100E+07    0.99062E-31    0.15917E-30    0.13746E-30    0.00000E+00    0.00000E+00    0.00000E+00
    0.52150E+07    0.14623E-30    0.23535E-30    0.20292E-30    0.00000E+00    0.00000E+00    0.00000E+00
    0.52200E+07    0.21569E-30    0.34773E-30    0.29935E-30    0.00000E+00    0.00000E+00    0.00000E+00
    0.52250E+07    0.31792E-30    0.51341E-30    0.44130E-30    0.00000E+00    0.00000E+00    0.00000E+00
    0.52300E+07    0.46828E-30    0.75751E-30    0.65009E-30    0.00000E+00    0.00000E+00    0.00000E+00
    0.52350E+07    0.68927E-30    0.11169E-29    0.95697E-30    0.00000E+00    0.00000E+00    0.00000E+00
    0.52400E+07    0.10138E-29    0.16456E-29    0.14077E-29    0.00000E+00    0.00000E+00    0.00000E+00
    0.52450E+07    0.14901E-29    0.24228E-29    0.20693E-29    0.00000E+00    0.00000E+00    0.00000E+00
    0.52500E+07    0.21886E-29    0.35647E-29    0.30397E-29    0.00000E+00    0.00000E+00    0.00000E+00
    0.52550E+07    0.32122E-29    0.52411E-29    0.44618E-29    0.00000E+00    0.00000E+00    0.00000E+00
    0.52600E+07    0.47112E-29    0.77003E-29    0.65448E-29    0.00000E+00    0.00000E+00    0.00000E+00
    0.52650E+07    0.69048E-29    0.11306E-28    0.95933E-29    0.00000E+00    0.00000E+00    0.00000E+00
    0.52700E+07    0.10113E-28    0.16587E-28    0.14052E-28    0.00000E+00    0.00000E+00    0.00000E+00
    0.52750E+07    0.14800E-28    0.24319E-28    0.20567E-28    0.00000E+00    0.00000E+00    0.00000E+00
    0.52800E+07    0.21645E-28    0.35629E-28    0.30083E-28    0.00000E+00    0.00000E+00    0.00000E+00
    0.52850E+07    0.31633E-28    0.52164E-28    0.43969E-28    0.00000E+00    0.00000E+00    0.00000E+00
    0.52900E+07    0.46197E-28    0.76317E-28    0.64221E-28    0.00000E+00    0.00000E+00    0.00000E+00
    0.52950E+07    0.67419E-28    0.11158E-27    0.93732E-28    0.00000E+00    0.00000E+00    0.00000E+00
    0.53000E+07    0.98319E-28    0.16301E-27    0.13671E-27    0.00000E+00    0.00000E+00    0.00000E+00
    0.53050E+07    0.14328E-27    0.23799E-27    0.19924E-27    0.00000E+00    0.00000E+00    0.00000E+00
    0.53100E+07    0.20865E-27    0.34720E-27    0.29018E-27    0.00000E+00    0.00000E+00    0.00000E+00
    0.53150E+07    0.30363E-27    0.50619E-27    0.42232E-27    0.00000E+00    0.00000E+00    0.00000E+00
    0.53200E+07    0.44153E-27    0.73745E-27    0.61419E-27    0.00000E+00    0.00000E+00    0.00000E+00
    0.53250E+07    0.64160E-27    0.10736E-26    0.89259E-27    0.00000E+00    0.00000E+00    0.00000E+00
    0.53300E+07    0.93166E-27    0.15619E-26    0.12963E-26    0.00000E+00    0.00000E+00    0.00000E+00
    0.53350E+07    0.13519E-26    0.22707E-26    0.18812E-26    0.00000E+00    0.00000E+00    0.00000E+00
    0.53400E+07    0.19603E-26    0.32988E-26    0.27280E-26    0.00000E+00    0.00000E+00    0.00000E+00
    0.53450E+07    0.28404E-26    0.47889E-26    0.39533E-26    0.00000E+00    0.00000E+00    0.00000E+00
    0.53500E+07    0.41128E-26    0.69474E-26    0.57247E-26    0.00000E+00    0.00000E+00    0.00000E+00
    0.53550E+07    0.59509E-26    0.10072E-25    0.82841E-26    0.00000E+00    0.00000E+00    0.00000E+00
    0.53600E+07    0.86042E-26    0.14590E-25    0.11979E-25    0.00000E+00    0.00000E+00    0.00000E+00
    0.53650E+07    0.12432E-25    0.21122E-25    0.17310E-25    0.00000E+00    0.00000E+00    0.00000E+00
    0.53700E+07    0.17949E-25    0.30556E-25    0.24994E-25    0.00000E+00    0.00000E+00    0.00000E+00
    0.53750E+07    0.25897E-25    0.44171E-25    0.36065E-25    0.00000E+00    0.00000E+00    0.00000E+00
    0.53800E+07    0.37337E-25    0.63810E-25    0.52002E-25    0.00000E+00    0.00000E+00    0.00000E+00
    0.53850E+07    0.53791E-25    0.92114E-25    0.74927E-25    0.00000E+00    0.00000E+00    0.00000E+00
    0.53900E+07    0.77442E-25    0.13288E-24    0.10788E-24    0.00000E+00    0.00000E+00    0.00000E+00
    0.53950E+07    0.11141E-24    0.19155E-24    0.15522E-24    0.00000E+00    0.00000E+00    0.00000E+00
    0.54000E+07    0.16017E-24    0.27593E-24    0.22317E-24    0.00000E+00    0.00000E+00    0.00000E+00
    0.54050E+07    0.23010E-24    0.39719E-24    0.32063E-24    0.00000E+00    0.00000E+00    0.00000E+00
    0.54100E+07    0.33031E-24    0.57135E-24    0.46033E-24    0.00000E+00    0.00000E+00    0.00000E+00
    0.54150E+07    0.47384E-24    0.82129E-24    0.66041E-24    0.00000E+00    0.00000E+00    0.00000E+00
    0.54200E+07    0.67925E-24    0.11797E-23    0.94678E-24    0.00000E+00    0.00000E+00    0.00000E+00
    0.54250E+07    0.97300E-24    0.16934E-23    0.13564E-23    0.00000E+00    0.00000E+00    0.00000E+00
    0.54300E+07    0.13928E-23    0.24290E-23    0.19417E-23    0.00000E+00    0.00000E+00    0.00000E+00
    0.54350E+07    0.19922E-23    0.34817E-23    0.27777E-23    0.00000E+00    0.00000E+00    0.00000E+00
    0.54400E+07    0.28476E-23    0.49871E-23    0.39707E-23    0.00000E+00    0.00000E+00    0.00000E+00
    0.54450E+07    0.40673E-23    0.71383E-23    0.56719E-23    0.00000E+00    0.00000E+00    0.00000E+00
    0.54500E+07    0.58053E-23    0.10210E-22    0.80963E-23    0.00000E+00    0.00000E+00    0.00000E+00
    0.54550E+07    0.82800E-23    0.14594E-22    0.11549E-22    0.00000E+00    0.00000E+00    0.00000E+00
    0.54600E+07    0.11801E-22    0.20844E-22    0.16461E-22    0.00000E+00    0.00000E+00    0.00000E+00
    0.54650E+07    0.16807E-22    0.29750E-22    0.23446E-22    0.00000E+00    0.00000E+00    0.00000E+00
    0.54700E+07    0.23919E-22    0.42432E-22    0.33371E-22    0.00000E+00    0.00000E+00    0.00000E+00
    0.54750E+07    0.34017E-22    0.60477E-22    0.47463E-22    0.00000E+00    0.00000E+00    0.00000E+00
    0.54800E+07    0.48343E-22    0.86134E-22    0.67456E-22    0.00000E+00    0.00000E+00    0.00000E+00
    0.54850E+07    0.68651E-22    0.12259E-21    0.95802E-22    0.00000E+00    0.00000E+00    0.00000E+00
    0.54900E+07    0.97420E-22    0.17434E-21    0.13596E-21    0.00000E+00    0.00000E+00    0.00000E+00
    0.54950E+07    0.13814E-21    0.24778E-21    0.19281E-21    0.00000E+00    0.00000E+00    0.00000E+00
    0.55000E+07    0.19575E-21    0.35189E-21    0.27324E-21    0.00000E+00    0.00000E+00    0.00000E+00
    0.55050E+07    0.27718E-21    0.49939E-21    0.38693E-21    0.00000E+00    0.00000E+00    0.00000E+00
    0.55100E+07    0.39219E-21    0.70821E-21    0.54752E-21    0.00000E+00    0.00000E+00    0.00000E+00
    0.55150E+07    0.55452E-21    0.10036E-20    0.77420E-21    0.00000E+00    0.00000E+00    0.00000E+00
    0.55200E+07    0.78346E-21    0.14212E-20    0.10939E-20    0.00000E+00    0.00000E+00    0.00000E+00
    0.55250E+07    0.11061E-20    0.20112E-20    0.15446E-20    0.00000E+00    0.00000E+00    0.00000E+00
    0.55300E+07    0.15605E-20    0.28440E-20    0.21793E-20    0.00000E+00    0.00000E+00    0.00000E+00
    0.55350E+07    0.22000E-20    0.40188E-20    0.30726E-20    0.00000E+00    0.00000E+00    0.00000E+00
    0.55400E+07    0.30993E-20    0.56748E-20    0.43288E-20    0.00000E+00    0.00000E+00    0.00000E+00
    0.55450E+07    0.43629E-20    0.80074E-20    0.60942E-20    0.00000E+00    0.00000E+00    0.00000E+00
    0.55500E+07    0.61372E-20    0.11291E-19    0.85732E-20    0.00000E+00    0.00000E+00    0.00000E+00
    0.55550E+07    0.86268E-20    0.15909E-19    0.12052E-19    0.00000E+00    0.00000E+00    0.00000E+00
    0.55600E+07    0.12117E-19    0.22399E-19    0.16930E-19    0.00000E+00    0.00000E+00    0.00000E+00
    0.55650E+07    0.17008E-19    0.31515E-19    0.23764E-19    0.00000E+00    0.00000E+00    0.00000E+00
    0.55700E+07    0.23854E-19    0.44309E-19    0.33332E-19    0.00000E+00    0.00000E+00    0.00000E+00
    0.55750E+07    0.33445E-19    0.62251E-19    0.46703E-19    0.00000E+00    0.00000E+00    0.00000E+00
    0.55800E+07    0.46848E-19    0.87399E-19    0.65383E-19    0.00000E+00    0.00000E+00    0.00000E+00
    0.55800E+07    0.46848E-19    0.87399E-19    0.65383E-19    0.00000E+00    0.00000E+00    0.00000E+00
    0.55850E+07    0.65722E-19    0.12247E-18    0.91468E-19    0.00000E+00    0.00000E+00    0.00000E+00
    0.55900E+07    0.92040E-19    0.17158E-18    0.12783E-18    0.00000E+00    0.00000E+00    0.00000E+00
    0.55950E+07    0.12870E-18    0.24027E-18    0.17846E-18    0.00000E+00    0.00000E+00    0.00000E+00
    0.56000E+07    0.17970E-18    0.33625E-18    0.24889E-18    0.00000E+00    0.00000E+00    0.00000E+00
    0.56050E+07    0.25060E-18    0.47022E-18    0.34676E-18    0.00000E+00    0.00000E+00    0.00000E+00
    0.56100E+07    0.34903E-18    0.65704E-18    0.48261E-18    0.00000E+00    0.00000E+00    0.00000E+00
    0.56150E+07    0.48557E-18    0.91727E-18    0.67099E-18    0.00000E+00    0.00000E+00    0.00000E+00
    0.56200E+07    0.67474E-18    0.12794E-17    0.93190E-18    0.00000E+00    0.00000E+00    0.00000E+00
    0.56250E+07    0.93657E-18    0.17829E-17    0.12929E-17    0.00000E+00    0.00000E+00    0.00000E+00
    0.56300E+07    0.12986E-17    0.24820E-17    0.17919E-17    0.00000E+00    0.00000E+00    0.00000E+00
    0.56350E+07    0.17985E-17    0.34520E-17    0.24808E-17    0.00000E+00    0.00000E+00    0.00000E+00
    0.56400E+07    0.24882E-17    0.47962E-17    0.34309E-17    0.00000E+00    0.00000E+00    0.00000E+00
    0.56450E+07    0.34387E-17    0.66571E-17    0.47399E-17    0.00000E+00    0.00000E+00    0.00000E+00
    0.56500E+07    0.47472E-17    0.92307E-17    0.65412E-17    0.00000E+00    0.00000E+00    0.00000E+00
    0.56550E+07    0.65464E-17    0.12786E-16    0.90172E-17    0.00000E+00    0.00000E+00    0.00000E+00
    0.56600E+07    0.90177E-17    0.17693E-16    0.12417E-16    0.00000E+00    0.00000E+00    0.00000E+00
    0.56650E+07    0.12408E-16    0.24458E-16    0.17080E-16    0.00000E+00    0.00000E+00    0.00000E+00
    0.56700E+07    0.17055E-16    0.33773E-16    0.23469E-16    0.00000E+00    0.00000E+00    0.00000E+00
    0.56750E+07    0.23417E-16    0.46589E-16    0.32213E-16    0.00000E+00    0.00000E+00    0.00000E+00
    0.56800E+07    0.32115E-16    0.64199E-16    0.44165E-16    0.00000E+00    0.00000E+00    0.00000E+00
    0.56850E+07    0.43997E-16    0.88373E-16    0.60484E-16    0.00000E+00    0.00000E+00    0.00000E+00
    0.56900E+07    0.60208E-16    0.12152E-15    0.82742E-16    0.00000E+00    0.00000E+00    0.00000E+00
    0.56950E+07    0.82299E-16    0.16693E-15    0.11306E-15    0.00000E+00    0.00000E+00    0.00000E+00
    0.57000E+07    0.11237E-15    0.22905E-15    0.15432E-15    0.00000E+00    0.00000E+00    0.00000E+00
    0.57050E+07    0.15326E-15    0.31396E-15    0.21040E-15    0.00000E+00    0.00000E+00    0.00000E+00
    0.57100E+07    0.20879E-15    0.42988E-15    0.28654E-15    0.00000E+00    0.00000E+00    0.00000E+00
    0.57149E+07    0.28292E-15    0.58547E-15    0.38815E-15    0.00000E+00    0.00000E+00    0.00000E+00
    0.57199E+07    0.38294E-15    0.79648E-15    0.52519E-15    0.00000E+00    0.00000E+00    0.00000E+00
    0.57199E+07    0.54304E-15    0.67912E-15    0.52940E-15    0.00000E+00    0.00000E+00    0.00000E+00
    0.57200E+07    0.54572E-15    0.68665E-15    0.53299E-15    0.00000E+00    0.00000E+00    0.00000E+00
    0.57250E+07    0.65937E-15    0.10059E-14    0.68491E-15    0.00000E+00    0.00000E+00    0.00000E+00
    0.57300E+07    0.80873E-15    0.14283E-14    0.88444E-15    0.00000E+00    0.00000E+00    0.00000E+00
    0.57350E+07    0.10037E-14    0.19836E-14    0.11449E-14    0.00000E+00    0.00000E+00    0.00000E+00
    0.57400E+07    0.12573E-14    0.27106E-14    0.14834E-14    0.00000E+00    0.00000E+00    0.00000E+00
    0.57450E+07    0.15860E-14    0.36595E-14    0.19221E-14    0.00000E+00    0.00000E+00    0.00000E+00
    0.57500E+07    0.20112E-14    0.48953E-14    0.24894E-14    0.00000E+00    0.00000E+00    0.00000E+00
    0.57550E+07    0.25601E-14    0.65020E-14    0.32217E-14    0.00000E+00    0.00000E+00    0.00000E+00
    0.57600E+07    0.32677E-14    0.85876E-14    0.41656E-14    0.00000E+00    0.00000E+00    0.00000E+00
    0.57650E+07    0.41783E-14    0.11291E-13    0.53803E-14    0.00000E+00    0.00000E+00    0.00000E+00
    0.57700E+07    0.53487E-14    0.14791E-13    0.69414E-14    0.00000E+00    0.00000E+00    0.00000E+00
    0.57750E+07    0.68510E-14    0.19316E-13    0.89453E-14    0.00000E+00    0.00000E+00    0.00000E+00
    0.57800E+07    0.87767E-14    0.25159E-13    0.11514E-13    0.00000E+00    0.00000E+00    0.00000E+00
    0.57850E+07    0.11242E-13    0.32696E-13    0.14803E-13    0.00000E+00    0.00000E+00    0.00000E+00
    0.57900E+07    0.14394E-13    0.42406E-13    0.19007E-13    0.00000E+00    0.00000E+00    0.00000E+00
    0.57950E+07    0.18420E-13    0.54899E-13    0.24377E-13    0.00000E+00    0.00000E+00    0.00000E+00
    0.58000E+07    0.23553E-13    0.70954E-13    0.31224E-13    0.00000E+00    0.00000E+00    0.00000E+00
    0.58050E+07    0.30091E-13    0.91563E-13    0.39946E-13    0.00000E+00    0.00000E+00    0.00000E+00
    0.58100E+07    0.38408E-13    0.11798E-12    0.51040E-13    0.00000E+00    0.00000E+00    0.00000E+00
    0.58150E+07    0.48972E-13    0.15182E-12    0.65134E-13    0.00000E+00    0.00000E+00    0.00000E+00
    0.58200E+07    0.62375E-13    0.19509E-12    0.83014E-13    0.00000E+00    0.00000E+00    0.00000E+00
    0.58250E+07    0.79357E-13    0.25036E-12    0.10567E-12    0.00000E+00    0.00000E+00    0.00000E+00
    0.58300E+07    0.10085E-12    0.32088E-12    0.13434E-12    0.00000E+00    0.00000E+00    0.00000E+00
    0.58350E+07    0.12800E-12    0.41075E-12    0.17056E-12    0.00000E+00    0.00000E+00    0.00000E+00
    0.58400E+07    0.16227E-12    0.52511E-12    0.21627E-12    0.00000E+00    0.00000E+00    0.00000E+00
    0.58450E+07    0.20545E-12    0.67049E-12    0.27389E-12    0.00000E+00    0.00000E+00    0.00000E+00
    0.58500E+07    0.25980E-12    0.85505E-12    0.34639E-12    0.00000E+00    0.00000E+00    0.00000E+00
    0.58550E+07    0.32812E-12    0.10891E-11    0.43752E-12    0.00000E+00    0.00000E+00    0.00000E+00
    0.58600E+07    0.41386E-12    0.13854E-11    0.55189E-12    0.00000E+00    0.00000E+00    0.00000E+00
    0.58636E+07    0.48768E-12    0.16425E-11    0.65036E-12    0.00000E+00    0.00000E+00    0.00000E+00
    0.58636E+07    0.51693E-12    0.16024E-11    0.63029E-12    0.00000E+00    0.00000E+00    0.00000E+00
    0.58668E+07    0.59011E-12    0.18782E-11    0.72522E-12    0.00000E+00    0.00000E+00    0.00000E+00
    0.58700E+07    0.67390E-12    0.21969E-11    0.83383E-12    0.00000E+00    0.00000E+00    0.00000E+00
    0.58750E+07    0.82826E-12    0.27912E-11    0.10338E-11    0.00000E+00    0.00000E+00    0.00000E+00
    0.58800E+07    0.10180E-11    0.35322E-11    0.12792E-11    0.00000E+00    0.00000E+00    0.00000E+00
    0.58850E+07    0.12506E-11    0.44546E-11    0.15798E-11    0.00000E+00    0.00000E+00    0.00000E+00
    0.58900E+07    0.15351E-11    0.56003E-11    0.19473E-11    0.00000E+00    0.00000E+00    0.00000E+00
    0.58950E+07    0.18825E-11    0.70209E-11    0.23953E-11    0.00000E+00    0.00000E+00    0.00000E+00
    0.59000E+07    0.23056E-11    0.87787E-11    0.29404E-11    0.00000E+00    0.00000E+00    0.00000E+00
    0.59050E+07    0.28197E-11    0.10950E-10    0.36020E-11    0.00000E+00    0.00000E+00    0.00000E+00
    0.59100E+07    0.34430E-11    0.13626E-10    0.44031E-11    0.00000E+00    0.00000E+00    0.00000E+00
    0.59150E+07    0.41968E-11    0.16918E-10    0.53708E-11    0.00000E+00    0.00000E+00    0.00000E+00
    0.59200E+07    0.51064E-11    0.20960E-10    0.65370E-11    0.00000E+00    0.00000E+00    0.00000E+00
    0.59250E+07    0.62013E-11    0.25913E-10    0.79388E-11    0.00000E+00    0.00000E+00    0.00000E+00
    0.59300E+07    0.75160E-11    0.31969E-10    0.96195E-11    0.00000E+00    0.00000E+00    0.00000E+00
    0.59350E+07    0.90907E-11    0.39359E-10    0.11629E-10    0.00000E+00    0.00000E+00    0.00000E+00
    0.59400E+07    0.10972E-10    0.48360E-10    0.14027E-10    0.00000E+00    0.00000E+00    0.00000E+00
    0.59450E+07    0.13214E-10    0.59297E-10    0.16879E-10    0.00000E+00    0.00000E+00    0.00000E+00
    0.59500E+07    0.15878E-10    0.72561E-10    0.20262E-10    0.00000E+00    0.00000E+00    0.00000E+00
    0.59529E+07    0.17634E-10    0.81446E-10    0.22488E-10    0.00000E+00    0.00000E+00    0.00000E+00
    0.59558E+07    0.19570E-10    0.91361E-10    0.24940E-10    0.00000E+00    0.00000E+00    0.00000E+00
    0.59558E+07    0.22947E-10    0.84613E-10    0.22441E-10    0.00000E+00    0.00000E+00    0.00000E+00
    0.59600E+07    0.25095E-10    0.10181E-09    0.24951E-10    0.00000E+00    0.00000E+00    0.00000E+00
    0.59650E+07    0.27908E-10    0.12535E-09    0.28189E-10    0.00000E+00    0.00000E+00    0.00000E+00
    0.59700E+07    0.31026E-10    0.15277E-09    0.31718E-10    0.00000E+00    0.00000E+00    0.00000E+00
    0.59750E+07    0.34456E-10    0.18457E-09    0.35528E-10    0.00000E+00    0.00000E+00    0.00000E+00
    0.59800E+07    0.38200E-10    0.22128E-09    0.39599E-10    0.00000E+00    0.00000E+00    0.00000E+00
    0.59850E+07    0.42253E-10    0.26344E-09    0.43898E-10    0.00000E+00    0.00000E+00    0.00000E+00
    0.59900E+07    0.46601E-10    0.31165E-09    0.48381E-10    0.00000E+00    0.00000E+00    0.00000E+00
    0.59950E+07    0.51222E-10    0.36652E-09    0.52991E-10    0.00000E+00    0.00000E+00    0.00000E+00
    0.60000E+07    0.56084E-10    0.42868E-09    0.57649E-10    0.00000E+00    0.00000E+00    0.00000E+00
    0.60050E+07    0.61141E-10    0.49876E-09    0.62262E-10    0.00000E+00    0.00000E+00    0.00000E+00
    0.60100E+07    0.66335E-10    0.57740E-09    0.66714E-10    0.00000E+00    0.00000E+00    0.00000E+00
    0.60150E+07    0.71594E-10    0.66520E-09    0.70870E-10    0.00000E+00    0.00000E+00    0.00000E+00
    0.60200E+07    0.76830E-10    0.76271E-09    0.74571E-10    0.00000E+00    0.00000E+00    0.00000E+00
    0.60250E+07    0.81940E-10    0.87043E-09    0.77637E-10    0.00000E+00    0.00000E+00    0.00000E+00
    0.60300E+07    0.86807E-10    0.98879E-09    0.79867E-10    0.00000E+00    0.00000E+00    0.00000E+00
    0.60350E+07    0.91300E-10    0.11181E-08    0.81043E-10    0.00000E+00    0.00000E+00    0.00000E+00
    0.60400E+07    0.95277E-10    0.12584E-08    0.80928E-10    0.00000E+00    0.00000E+00    0.00000E+00
    0.60450E+07    0.98585E-10    0.14098E-08    0.79279E-10    0.00000E+00    0.00000E+00    0.00000E+00
    0.60500E+07    0.10107E-09    0.15719E-08    0.75840E-10    0.00000E+00    0.00000E+00    0.00000E+00
    0.60550E+07    0.10257E-09    0.17443E-08    0.70364E-10    0.00000E+00    0.00000E+00    0.00000E+00
    0.60600E+07    0.10294E-09    0.19263E-08    0.62617E-10    0.00000E+00    0.00000E+00    0.00000E+00
    0.60650E+07    0.10205E-09    0.21167E-08    0.52386E-10    0.00000E+00    0.00000E+00    0.00000E+00
    0.60700E+07    0.99771E-10    0.23141E-08    0.39498E-10    0.00000E+00    0.00000E+00    0.00000E+00
    0.60750E+07    0.96040E-10    0.25167E-08    0.23827E-10    0.00000E+00    0.00000E+00    0.00000E+00
    0.60800E+07    0.90821E-10    0.27224E-08    0.53205E-11    0.00000E+00    0.00000E+00    0.00000E+00
    0.60850E+07    0.84131E-10    0.29286E-08   -0.15998E-10    0.00000E+00    0.00000E+00    0.00000E+00
    0.60900E+07    0.76063E-10    0.31322E-08   -0.40002E-10    0.00000E+00    0.00000E+00    0.00000E+00
    0.60950E+07    0.66782E-10    0.33302E-08   -0.66452E-10    0.00000E+00    0.00000E+00    0.00000E+00
    0.61000E+07    0.56545E-10    0.35187E-08   -0.94969E-10    0.00000E+00    0.00000E+00    0.00000E+00
    0.61050E+07    0.45701E-10    0.36939E-08   -0.12507E-09    0.00000E+00    0.00000E+00    0.00000E+00
    0.61100E+07    0.34703E-10    0.38516E-08   -0.15609E-09    0.00000E+00    0.00000E+00    0.00000E+00
    0.61150E+07    0.24104E-10    0.39876E-08   -0.18723E-09    0.00000E+00    0.00000E+00    0.00000E+00
    0.61200E+07    0.14558E-10    0.40977E-08   -0.21757E-09    0.00000E+00    0.00000E+00    0.00000E+00
    0.61250E+07    0.68080E-11    0.41776E-08   -0.24601E-09    0.00000E+00    0.00000E+00    0.00000E+00
    0.61300E+07    0.16714E-11    0.42236E-08   -0.27140E-09    0.00000E+00    0.00000E+00    0.00000E+00
    0.61350E+07    0.18039E-13    0.42321E-08   -0.29248E-09    0.00000E+00    0.00000E+00    0.00000E+00
    0.61400E+07    0.27396E-11    0.42003E-08   -0.30796E-09    0.00000E+00    0.00000E+00    0.00000E+00
    0.61450E+07    0.10713E-10    0.41261E-08   -0.31659E-09    0.00000E+00    0.00000E+00    0.00000E+00
    0.61500E+07    0.24758E-10    0.40084E-08   -0.31715E-09    0.00000E+00    0.00000E+00    0.00000E+00
    0.61550E+07    0.45583E-10    0.38472E-08   -0.30859E-09    0.00000E+00    0.00000E+00    0.00000E+00
    0.61600E+07    0.73734E-10    0.36437E-08   -0.29008E-09    0.00000E+00    0.00000E+00    0.00000E+00
    0.61650E+07    0.10954E-09    0.34006E-08   -0.26107E-09    0.00000E+00    0.00000E+00    0.00000E+00
    0.61700E+07    0.15305E-09    0.31218E-08   -0.22139E-09    0.00000E+00    0.00000E+00    0.00000E+00
    0.61750E+07    0.20399E-09    0.28129E-08   -0.17127E-09    0.00000E+00    0.00000E+00    0.00000E+00
    0.61800E+07    0.26171E-09    0.24807E-08   -0.11149E-09    0.00000E+00    0.00000E+00    0.00000E+00
    0.61850E+07    0.32516E-09    0.21336E-08   -0.43304E-10    0.00000E+00    0.00000E+00    0.00000E+00
    0.61900E+07    0.39288E-09    0.17810E-08    0.31439E-10    0.00000E+00    0.00000E+00    0.00000E+00
    0.61950E+07    0.46299E-09    0.14331E-08    0.11035E-09    0.00000E+00    0.00000E+00    0.00000E+00
    0.62000E+07    0.53324E-09    0.11007E-08    0.19055E-09    0.00000E+00    0.00000E+00    0.00000E+00
    0.62049E+07    0.60027E-09    0.79835E-09    0.26781E-09    0.00000E+00    0.00000E+00    0.00000E+00
    0.62049E+07    0.61420E-09    0.80561E-09    0.28613E-09    0.00000E+00    0.00000E+00    0.00000E+00
    0.62075E+07    0.63983E-09    0.66296E-09    0.32061E-09    0.00000E+00    0.00000E+00    0.00000E+00
    0.62100E+07    0.66285E-09    0.53174E-09    0.35180E-09    0.00000E+00    0.00000E+00    0.00000E+00
    0.62150E+07    0.70014E-09    0.31028E-09    0.40307E-09    0.00000E+00    0.00000E+00    0.00000E+00
    0.62200E+07    0.72592E-09    0.14487E-09    0.43980E-09    0.00000E+00    0.00000E+00    0.00000E+00
    0.62250E+07    0.73989E-09    0.40597E-10    0.46158E-09    0.00000E+00    0.00000E+00    0.00000E+00
    0.62300E+07    0.74215E-09    0.44529E-12    0.46853E-09    0.00000E+00    0.00000E+00    0.00000E+00
    0.62350E+07    0.73319E-09    0.25326E-10    0.46128E-09    0.00000E+00    0.00000E+00    0.00000E+00
    0.62400E+07    0.71383E-09    0.11418E-09    0.44087E-09    0.00000E+00    0.00000E+00    0.00000E+00
    0.62450E+07    0.68515E-09    0.26412E-09    0.40868E-09    0.00000E+00    0.00000E+00    0.00000E+00
    0.62500E+07    0.64846E-09    0.47067E-09    0.36640E-09    0.00000E+00    0.00000E+00    0.00000E+00
    0.62550E+07    0.60517E-09    0.72794E-09    0.31586E-09    0.00000E+00    0.00000E+00    0.00000E+00
    0.62600E+07    0.55679E-09    0.10290E-08    0.25901E-09    0.00000E+00    0.00000E+00    0.00000E+00
    0.62650E+07    0.50485E-09    0.13659E-08    0.19786E-09    0.00000E+00    0.00000E+00    0.00000E+00
    0.62700E+07    0.45085E-09    0.17304E-08    0.13434E-09    0.00000E+00    0.00000E+00    0.00000E+00
    0.62750E+07    0.39620E-09    0.21138E-08    0.70326E-10    0.00000E+00    0.00000E+00    0.00000E+00
    0.62800E+07    0.34220E-09    0.25073E-08    0.75289E-11    0.00000E+00    0.00000E+00    0.00000E+00
    0.62850E+07    0.29002E-09    0.29024E-08   -0.52530E-10    0.00000E+00    0.00000E+00    0.00000E+00
    0.62900E+07    0.24066E-09    0.32911E-08   -0.10851E-09    0.00000E+00    0.00000E+00    0.00000E+00
    0.62950E+07    0.19494E-09    0.36658E-08   -0.15933E-09    0.00000E+00    0.00000E+00    0.00000E+00
    0.63000E+07    0.15352E-09    0.40196E-08   -0.20416E-09    0.00000E+00    0.00000E+00    0.00000E+00
    0.63025E+07    0.13486E-09    0.41842E-08   -0.22380E-09    0.00000E+00    0.00000E+00    0.00000E+00
    0.63025E+07    0.11005E-09    0.44716E-08    0.11365E-09    0.00000E+00    0.00000E+00    0.00000E+00
    0.63062E+07    0.11254E-09    0.46980E-08    0.11379E-09    0.00000E+00    0.00000E+00    0.00000E+00
    0.63100E+07    0.11487E-09    0.49324E-08    0.11350E-09    0.00000E+00    0.00000E+00    0.00000E+00
    0.63150E+07    0.11766E-09    0.52557E-08    0.11245E-09    0.00000E+00    0.00000E+00    0.00000E+00
    0.63200E+07    0.12009E-09    0.55928E-08    0.11054E-09    0.00000E+00    0.00000E+00    0.00000E+00
    0.63250E+07    0.12212E-09    0.59436E-08    0.10771E-09    0.00000E+00    0.00000E+00    0.00000E+00
    0.63300E+07    0.12369E-09    0.63076E-08    0.10389E-09    0.00000E+00    0.00000E+00    0.00000E+00
    0.63350E+07    0.12478E-09    0.66843E-08    0.98981E-10    0.00000E+00    0.00000E+00    0.00000E+00
    0.63400E+07    0.12534E-09    0.70730E-08    0.92945E-10    0.00000E+00    0.00000E+00    0.00000E+00
    0.63450E+07    0.12534E-09    0.74731E-08    0.85704E-10    0.00000E+00    0.00000E+00    0.00000E+00
    0.63500E+07    0.12474E-09    0.78834E-08    0.77194E-10    0.00000E+00    0.00000E+00    0.00000E+00
    0.63545E+07    0.12368E-09    0.82608E-08    0.68405E-10    0.00000E+00    0.00000E+00    0.00000E+00
    0.63590E+07    0.12210E-09    0.86447E-08    0.58514E-10    0.00000E+00    0.00000E+00    0.00000E+00
    0.63590E+07    0.27134E-09    0.59719E-08   -0.24878E-08    0.00000E+00    0.00000E+00    0.00000E+00
    0.63600E+07    0.20077E-09    0.60700E-08   -0.25767E-08    0.00000E+00    0.00000E+00    0.00000E+00
    0.63629E+07    0.54701E-10    0.62745E-08   -0.27636E-08    0.00000E+00    0.00000E+00    0.00000E+00
    0.63658E+07    0.28695E-12    0.63539E-08   -0.28391E-08    0.00000E+00    0.00000E+00    0.00000E+00
    0.63658E+07    0.37177E-10    0.78630E-09   -0.64530E-08    0.00000E+00    0.00000E+00    0.00000E+00
    0.63660E+07    0.12144E-27    0.78774E-09   -0.64766E-08    0.00000E+00    0.00000E+00    0.00000E+00
    0.63660E+07    0.00000E+00    0.00000E+00    0.00000E+00    0.00000E+00    0.00000E+00    0.00000E+00
    0.63710E+07    0.00000E+00    0.00000E+00    0.00000E+00    0.00000E+00    0.00000E+00    0.00000E+00
