    0.34800E+07    0.00000E+00    0.00000E+00    0.00000E+00    0.00000E+00    0.00000E+00    0.00000E+00
    0.34850E+07    0.00000E+00    0.00000E+00    0.00000E+00    0.00000E+00    0.00000E+00    0.00000E+00
    0.34900E+07    0.00000E+00    0.00000E+00    0.00000E+00    0.00000E+00    0.00000E+00    0.00000E+00
    0.34950E+07    0.00000E+00    0.00000E+00    0.00000E+00    0.00000E+00    0.00000E+00    0.00000E+00
    0.35000E+07    0.00000E+00    0.00000E+00    0.00000E+00    0.00000E+00    0.00000E+00    0.00000E+00
    0.35050E+07    0.00000E+00    0.00000E+00    0.00000E+00    0.00000E+00    0.00000E+00    0.00000E+00
    0.35100E+07    0.00000E+00    0.00000E+00    0.00000E+00    0.00000E+00    0.00000E+00    0.00000E+00
    0.35150E+07    0.00000E+00    0.00000E+00    0.00000E+00    0.00000E+00    0.00000E+00    0.00000E+00
    0.35200E+07    0.00000E+00    0.00000E+00    0.00000E+00    0.00000E+00    0.00000E+00    0.00000E+00
    0.35250E+07    0.00000E+00    0.00000E+00    0.00000E+00    0.00000E+00    0.00000E+00    0.00000E+00
    0.35300E+07    0.00000E+00    0.00000E+00    0.00000E+00    0.00000E+00    0.00000E+00    0.00000E+00
    0.35350E+07    0.00000E+00    0.00000E+00    0.00000E+00    0.00000E+00    0.00000E+00    0.00000E+00
    0.35400E+07    0.00000E+00    0.00000E+00    0.00000E+00    0.00000E+00    0.00000E+00    0.00000E+00
    0.35450E+07    0.00000E+00    0.00000E+00    0.00000E+00    0.00000E+00    0.00000E+00    0.00000E+00
    0.35500E+07    0.00000E+00    0.00000E+00    0.00000E+00    0.00000E+00    0.00000E+00    0.00000E+00
    0.35550E+07    0.00000E+00    0.00000E+00    0.00000E+00    0.00000E+00    0.00000E+00    0.00000E+00
    0.35600E+07    0.00000E+00    0.00000E+00    0.00000E+00    0.00000E+00    0.00000E+00    0.00000E+00
    0.35650E+07    0.00000E+00    0.00000E+00    0.00000E+00    0.00000E+00    0.00000E+00    0.00000E+00
    0.35700E+07    0.00000E+00    0.00000E+00    0.00000E+00    0.00000E+00    0.00000E+00    0.00000E+00
    0.35750E+07    0.00000E+00    0.00000E+00    0.00000E+00    0.00000E+00    0.00000E+00    0.00000E+00
    0.35800E+07    0.00000E+00    0.00000E+00    0.00000E+00    0.00000E+00    0.00000E+00    0.00000E+00
    0.35850E+07    0.00000E+00    0.00000E+00    0.00000E+00    0.00000E+00    0.00000E+00    0.00000E+00
    0.35900E+07    0.00000E+00    0.00000E+00    0.00000E+00    0.00000E+00    0.00000E+00    0.00000E+00
    0.35950E+07    0.00000E+00    0.00000E+00    0.00000E+00    0.00000E+00    0.00000E+00    0.00000E+00
    0.36000E+07    0.00000E+00    0.00000E+00    0.00000E+00    0.00000E+00    0.00000E+00    0.00000E+00
    0.36050E+07    0.00000E+00    0.00000E+00    0.00000E+00    0.00000E+00    0.00000E+00    0.00000E+00
    0.36100E+07    0.00000E+00    0.00000E+00    0.00000E+00    0.00000E+00    0.00000E+00    0.00000E+00
    0.36150E+07    0.00000E+00    0.00000E+00    0.00000E+00    0.00000E+00    0.00000E+00    0.00000E+00
    0.36200E+07    0.00000E+00    0.00000E+00    0.00000E+00    0.00000E+00    0.00000E+00    0.00000E+00
    0.36250E+07    0.00000E+00    0.00000E+00    0.00000E+00    0.00000E+00    0.00000E+00    0.00000E+00
    0.36300E+07    0.00000E+00    0.00000E+00    0.00000E+00    0.00000E+00    0.00000E+00    0.00000E+00
    0.36300E+07    0.00000E+00    0.00000E+00    0.00000E+00    0.00000E+00    0.00000E+00    0.00000E+00
    0.36350E+07    0.00000E+00    0.00000E+00    0.00000E+00    0.00000E+00    0.00000E+00    0.00000E+00
    0.36400E+07    0.00000E+00    0.00000E+00    0.00000E+00    0.00000E+00    0.00000E+00    0.00000E+00
    0.36450E+07    0.00000E+00    0.00000E+00    0.00000E+00    0.00000E+00    0.00000E+00    0.00000E+00
    0.36500E+07    0.00000E+00    0.00000E+00    0.00000E+00    0.00000E+00    0.00000E+00    0.00000E+00
    0.36550E+07    0.00000E+00    0.00000E+00    0.00000E+00    0.00000E+00    0.00000E+00    0.00000E+00
    0.36600E+07    0.00000E+00    0.00000E+00    0.00000E+00    0.00000E+00    0.00000E+00    0.00000E+00
    0.36650E+07    0.00000E+00    0.00000E+00    0.00000E+00    0.00000E+00    0.00000E+00    0.00000E+00
    0.36700E+07    0.00000E+00    0.00000E+00    0.00000E+00    0.00000E+00    0.00000E+00    0.00000E+00
    0.36750E+07    0.00000E+00    0.00000E+00    0.00000E+00    0.00000E+00    0.00000E+00    0.00000E+00
    0.36800E+07    0.00000E+00    0.00000E+00    0.00000E+00    0.00000E+00    0.00000E+00    0.00000E+00
    0.36850E+07    0.00000E+00    0.00000E+00    0.00000E+00    0.00000E+00    0.00000E+00    0.00000E+00
    0.36900E+07    0.00000E+00    0.00000E+00    0.00000E+00    0.00000E+00    0.00000E+00    0.00000E+00
    0.36950E+07    0.00000E+00    0.00000E+00    0.00000E+00    0.00000E+00    0.00000E+00    0.00000E+00
    0.37000E+07    0.00000E+00    0.00000E+00    0.00000E+00    0.00000E+00    0.00000E+00    0.00000E+00
    0.37050E+07    0.00000E+00    0.00000E+00    0.00000E+00    0.00000E+00    0.00000E+00    0.00000E+00
    0.37100E+07    0.00000E+00    0.00000E+00    0.00000E+00    0.00000E+00    0.00000E+00    0.00000E+00
    0.37150E+07    0.00000E+00    0.00000E+00    0.00000E+00    0.00000E+00    0.00000E+00    0.00000E+00
    0.37200E+07    0.00000E+00    0.00000E+00    0.00000E+00    0.00000E+00    0.00000E+00    0.00000E+00
    0.37250E+07    0.00000E+00    0.00000E+00    0.00000E+00    0.00000E+00    0.00000E+00    0.00000E+00
    0.37300E+07    0.00000E+00    0.00000E+00    0.00000E+00    0.00000E+00    0.00000E+00    0.00000E+00
    0.37350E+07    0.00000E+00    0.00000E+00    0.00000E+00    0.00000E+00    0.00000E+00    0.00000E+00
    0.37400E+07    0.00000E+00    0.00000E+00    0.00000E+00    0.00000E+00    0.00000E+00    0.00000E+00
    0.37450E+07    0.00000E+00    0.00000E+00    0.00000E+00    0.00000E+00    0.00000E+00    0.00000E+00
    0.37500E+07    0.00000E+00    0.00000E+00    0.00000E+00    0.00000E+00    0.00000E+00    0.00000E+00
    0.37550E+07    0.00000E+00    0.00000E+00    0.00000E+00    0.00000E+00    0.00000E+00    0.00000E+00
    0.37600E+07    0.00000E+00    0.00000E+00    0.00000E+00    0.00000E+00    0.00000E+00    0.00000E+00
    0.37650E+07    0.00000E+00    0.00000E+00    0.00000E+00    0.00000E+00    0.00000E+00    0.00000E+00
    0.37700E+07    0.00000E+00    0.00000E+00    0.00000E+00    0.00000E+00    0.00000E+00    0.00000E+00
    0.37750E+07    0.00000E+00    0.00000E+00    0.00000E+00    0.00000E+00    0.00000E+00    0.00000E+00
    0.37800E+07    0.00000E+00    0.00000E+00    0.00000E+00    0.00000E+00    0.00000E+00    0.00000E+00
    0.37850E+07    0.00000E+00    0.00000E+00    0.00000E+00    0.00000E+00    0.00000E+00    0.00000E+00
    0.37900E+07    0.00000E+00    0.00000E+00    0.00000E+00    0.00000E+00    0.00000E+00    0.00000E+00
    0.37950E+07    0.00000E+00    0.00000E+00    0.00000E+00    0.00000E+00    0.00000E+00    0.00000E+00
    0.38000E+07    0.00000E+00    0.00000E+00    0.00000E+00    0.00000E+00    0.00000E+00    0.00000E+00
    0.38050E+07    0.00000E+00    0.00000E+00    0.00000E+00    0.00000E+00    0.00000E+00    0.00000E+00
    0.38100E+07    0.00000E+00    0.00000E+00    0.00000E+00    0.00000E+00    0.00000E+00    0.00000E+00
    0.38150E+07    0.00000E+00    0.00000E+00    0.00000E+00    0.00000E+00    0.00000E+00    0.00000E+00
    0.38200E+07    0.00000E+00    0.00000E+00    0.00000E+00    0.00000E+00    0.00000E+00    0.00000E+00
    0.38250E+07    0.00000E+00    0.00000E+00    0.00000E+00    0.00000E+00    0.00000E+00    0.00000E+00
    0.38300E+07    0.00000E+00    0.00000E+00    0.00000E+00    0.00000E+00    0.00000E+00    0.00000E+00
    0.38350E+07    0.00000E+00    0.00000E+00    0.00000E+00    0.00000E+00    0.00000E+00    0.00000E+00
    0.38400E+07    0.00000E+00    0.00000E+00    0.00000E+00    0.00000E+00    0.00000E+00    0.00000E+00
    0.38450E+07    0.00000E+00    0.00000E+00    0.00000E+00    0.00000E+00    0.00000E+00    0.00000E+00
    0.38500E+07    0.00000E+00    0.00000E+00    0.00000E+00    0.00000E+00    0.00000E+00    0.00000E+00
    0.38550E+07    0.00000E+00    0.00000E+00    0.00000E+00    0.00000E+00    0.00000E+00    0.00000E+00
    0.38600E+07    0.00000E+00    0.00000E+00    0.00000E+00    0.00000E+00    0.00000E+00    0.00000E+00
    0.38650E+07    0.00000E+00    0.00000E+00    0.00000E+00    0.00000E+00    0.00000E+00    0.00000E+00
    0.38700E+07    0.00000E+00    0.00000E+00    0.00000E+00    0.00000E+00    0.00000E+00    0.00000E+00
    0.38750E+07    0.00000E+00    0.00000E+00    0.00000E+00    0.00000E+00    0.00000E+00    0.00000E+00
    0.38800E+07    0.00000E+00    0.00000E+00    0.00000E+00    0.00000E+00    0.00000E+00    0.00000E+00
    0.38850E+07    0.00000E+00    0.00000E+00    0.00000E+00    0.00000E+00    0.00000E+00    0.00000E+00
    0.38900E+07    0.00000E+00    0.00000E+00    0.00000E+00    0.00000E+00    0.00000E+00    0.00000E+00
    0.38950E+07    0.00000E+00    0.00000E+00    0.00000E+00    0.00000E+00    0.00000E+00    0.00000E+00
    0.39000E+07    0.00000E+00    0.00000E+00    0.00000E+00    0.00000E+00    0.00000E+00    0.00000E+00
    0.39050E+07    0.00000E+00    0.00000E+00    0.00000E+00    0.00000E+00    0.00000E+00    0.00000E+00
    0.39100E+07    0.00000E+00    0.00000E+00    0.00000E+00    0.00000E+00    0.00000E+00    0.00000E+00
    0.39150E+07    0.00000E+00    0.00000E+00    0.00000E+00    0.00000E+00    0.00000E+00    0.00000E+00
    0.39200E+07    0.00000E+00    0.00000E+00    0.00000E+00    0.00000E+00    0.00000E+00    0.00000E+00
    0.39250E+07    0.00000E+00    0.00000E+00    0.00000E+00    0.00000E+00    0.00000E+00    0.00000E+00
    0.39300E+07    0.00000E+00    0.00000E+00    0.00000E+00    0.00000E+00    0.00000E+00    0.00000E+00
    0.39350E+07    0.00000E+00    0.00000E+00    0.00000E+00    0.00000E+00    0.00000E+00    0.00000E+00
    0.39400E+07    0.00000E+00    0.00000E+00    0.00000E+00    0.00000E+00    0.00000E+00    0.00000E+00
    0.39450E+07    0.00000E+00    0.00000E+00    0.00000E+00    0.00000E+00    0.00000E+00    0.00000E+00
    0.39500E+07    0.00000E+00    0.00000E+00    0.00000E+00    0.00000E+00    0.00000E+00    0.00000E+00
    0.39550E+07    0.00000E+00    0.00000E+00    0.00000E+00    0.00000E+00    0.00000E+00    0.00000E+00
    0.39600E+07    0.00000E+00    0.00000E+00    0.00000E+00    0.00000E+00    0.00000E+00    0.00000E+00
    0.39650E+07    0.00000E+00    0.00000E+00    0.00000E+00    0.00000E+00    0.00000E+00    0.00000E+00
    0.39700E+07    0.00000E+00    0.00000E+00    0.00000E+00    0.00000E+00    0.00000E+00    0.00000E+00
    0.39750E+07    0.00000E+00    0.00000E+00    0.00000E+00    0.00000E+00    0.00000E+00    0.00000E+00
    0.39800E+07    0.00000E+00    0.00000E+00    0.00000E+00    0.00000E+00    0.00000E+00    0.00000E+00
    0.39850E+07    0.00000E+00    0.00000E+00    0.00000E+00    0.00000E+00    0.00000E+00    0.00000E+00
    0.39900E+07    0.00000E+00    0.00000E+00    0.00000E+00    0.00000E+00    0.00000E+00    0.00000E+00
    0.39950E+07    0.00000E+00    0.00000E+00    0.00000E+00    0.00000E+00    0.00000E+00    0.00000E+00
    0.40000E+07    0.00000E+00    0.00000E+00    0.00000E+00    0.00000E+00    0.00000E+00    0.00000E+00
    0.40050E+07    0.00000E+00    0.00000E+00    0.00000E+00    0.00000E+00    0.00000E+00    0.00000E+00
    0.40100E+07    0.00000E+00    0.00000E+00    0.00000E+00    0.00000E+00    0.00000E+00    0.00000E+00
    0.40150E+07    0.00000E+00    0.00000E+00    0.00000E+00    0.00000E+00    0.00000E+00    0.00000E+00
    0.40200E+07    0.00000E+00    0.00000E+00    0.00000E+00    0.00000E+00    0.00000E+00    0.00000E+00
    0.40250E+07    0.00000E+00    0.00000E+00    0.00000E+00    0.00000E+00    0.00000E+00    0.00000E+00
    0.40300E+07    0.00000E+00    0.00000E+00    0.00000E+00    0.00000E+00    0.00000E+00    0.00000E+00
    0.40350E+07    0.00000E+00    0.00000E+00    0.00000E+00    0.00000E+00    0.00000E+00    0.00000E+00
    0.40400E+07    0.00000E+00    0.00000E+00    0.00000E+00    0.00000E+00    0.00000E+00    0.00000E+00
    0.40450E+07    0.00000E+00    0.00000E+00    0.00000E+00    0.00000E+00    0.00000E+00    0.00000E+00
    0.40500E+07    0.00000E+00    0.00000E+00    0.00000E+00    0.00000E+00    0.00000E+00    0.00000E+00
    0.40550E+07    0.00000E+00    0.00000E+00    0.00000E+00    0.00000E+00    0.00000E+00    0.00000E+00
    0.40600E+07    0.00000E+00    0.00000E+00    0.00000E+00    0.00000E+00    0.00000E+00    0.00000E+00
    0.40650E+07    0.00000E+00    0.00000E+00    0.00000E+00    0.00000E+00    0.00000E+00    0.00000E+00
    0.40700E+07    0.00000E+00    0.00000E+00    0.00000E+00    0.00000E+00    0.00000E+00    0.00000E+00
    0.40750E+07    0.00000E+00    0.00000E+00    0.00000E+00    0.00000E+00    0.00000E+00    0.00000E+00
    0.40800E+07    0.00000E+00    0.00000E+00    0.00000E+00    0.00000E+00    0.00000E+00    0.00000E+00
    0.40850E+07    0.00000E+00    0.00000E+00    0.00000E+00    0.00000E+00    0.00000E+00    0.00000E+00
    0.40900E+07    0.00000E+00    0.00000E+00    0.00000E+00    0.00000E+00    0.00000E+00    0.00000E+00
    0.40950E+07    0.00000E+00    0.00000E+00    0.00000E+00    0.00000E+00    0.00000E+00    0.00000E+00
    0.41000E+07    0.00000E+00    0.00000E+00    0.00000E+00    0.00000E+00    0.00000E+00    0.00000E+00
    0.41050E+07    0.00000E+00    0.00000E+00    0.00000E+00    0.00000E+00    0.00000E+00    0.00000E+00
    0.41100E+07    0.00000E+00    0.00000E+00    0.00000E+00    0.00000E+00    0.00000E+00    0.00000E+00
    0.41150E+07    0.00000E+00    0.00000E+00    0.00000E+00    0.00000E+00    0.00000E+00    0.00000E+00
    0.41200E+07    0.00000E+00    0.00000E+00    0.00000E+00    0.00000E+00    0.00000E+00    0.00000E+00
    0.41250E+07    0.00000E+00    0.00000E+00    0.00000E+00    0.00000E+00    0.00000E+00    0.00000E+00
    0.41300E+07    0.00000E+00    0.00000E+00    0.00000E+00    0.00000E+00    0.00000E+00    0.00000E+00
    0.41350E+07    0.00000E+00    0.00000E+00    0.00000E+00    0.00000E+00    0.00000E+00    0.00000E+00
    0.41400E+07    0.00000E+00    0.00000E+00    0.00000E+00    0.00000E+00    0.00000E+00    0.00000E+00
    0.41450E+07    0.00000E+00    0.00000E+00    0.00000E+00    0.00000E+00    0.00000E+00    0.00000E+00
    0.41500E+07    0.00000E+00    0.00000E+00    0.00000E+00    0.00000E+00    0.00000E+00    0.00000E+00
    0.41550E+07    0.00000E+00    0.00000E+00    0.00000E+00    0.00000E+00    0.00000E+00    0.00000E+00
    0.41600E+07    0.00000E+00    0.00000E+00    0.00000E+00    0.00000E+00    0.00000E+00    0.00000E+00
    0.41650E+07    0.00000E+00    0.00000E+00    0.00000E+00    0.00000E+00    0.00000E+00    0.00000E+00
    0.41700E+07    0.00000E+00    0.00000E+00    0.00000E+00    0.00000E+00    0.00000E+00    0.00000E+00
    0.41750E+07    0.00000E+00    0.00000E+00    0.00000E+00    0.00000E+00    0.00000E+00    0.00000E+00
    0.41800E+07    0.00000E+00    0.00000E+00    0.00000E+00    0.00000E+00    0.00000E+00    0.00000E+00
    0.41850E+07    0.00000E+00    0.00000E+00    0.00000E+00    0.00000E+00    0.00000E+00    0.00000E+00
    0.41900E+07    0.00000E+00    0.00000E+00    0.00000E+00    0.00000E+00    0.00000E+00    0.00000E+00
    0.41950E+07    0.00000E+00    0.00000E+00    0.00000E+00    0.00000E+00    0.00000E+00    0.00000E+00
    0.42000E+07    0.00000E+00    0.00000E+00    0.00000E+00    0.00000E+00    0.00000E+00    0.00000E+00
    0.42050E+07    0.00000E+00    0.00000E+00    0.00000E+00    0.00000E+00    0.00000E+00    0.00000E+00
    0.42100E+07    0.00000E+00    0.00000E+00    0.00000E+00    0.00000E+00    0.00000E+00    0.00000E+00
    0.42150E+07    0.00000E+00    0.00000E+00    0.00000E+00    0.00000E+00    0.00000E+00    0.00000E+00
    0.42200E+07    0.00000E+00    0.00000E+00    0.00000E+00    0.00000E+00    0.00000E+00    0.00000E+00
    0.42250E+07    0.00000E+00    0.00000E+00    0.00000E+00    0.00000E+00    0.00000E+00    0.00000E+00
    0.42300E+07    0.00000E+00    0.00000E+00    0.00000E+00    0.00000E+00    0.00000E+00    0.00000E+00
    0.42350E+07    0.00000E+00    0.00000E+00    0.00000E+00    0.00000E+00    0.00000E+00    0.00000E+00
    0.42400E+07    0.00000E+00    0.00000E+00    0.00000E+00    0.00000E+00    0.00000E+00    0.00000E+00
    0.42450E+07    0.00000E+00    0.00000E+00    0.00000E+00    0.00000E+00    0.00000E+00    0.00000E+00
    0.42500E+07    0.00000E+00    0.00000E+00    0.00000E+00    0.00000E+00    0.00000E+00    0.00000E+00
    0.42550E+07    0.00000E+00    0.00000E+00    0.00000E+00    0.00000E+00    0.00000E+00    0.00000E+00
    0.42600E+07    0.00000E+00    0.00000E+00    0.00000E+00    0.00000E+00    0.00000E+00    0.00000E+00
    0.42650E+07    0.00000E+00    0.00000E+00    0.00000E+00    0.00000E+00    0.00000E+00    0.00000E+00
    0.42700E+07    0.00000E+00    0.00000E+00    0.00000E+00    0.00000E+00    0.00000E+00    0.00000E+00
    0.42750E+07    0.00000E+00    0.00000E+00    0.00000E+00    0.00000E+00    0.00000E+00    0.00000E+00
    0.42800E+07    0.00000E+00    0.00000E+00    0.00000E+00    0.00000E+00    0.00000E+00    0.00000E+00
    0.42850E+07    0.00000E+00    0.00000E+00    0.00000E+00    0.00000E+00    0.00000E+00    0.00000E+00
    0.42900E+07    0.00000E+00    0.00000E+00    0.00000E+00    0.00000E+00    0.00000E+00    0.00000E+00
    0.42950E+07    0.00000E+00    0.00000E+00    0.00000E+00    0.00000E+00    0.00000E+00    0.00000E+00
    0.43000E+07    0.00000E+00    0.00000E+00    0.00000E+00    0.00000E+00    0.00000E+00    0.00000E+00
    0.43050E+07    0.00000E+00    0.00000E+00    0.00000E+00    0.00000E+00    0.00000E+00    0.00000E+00
    0.43100E+07    0.00000E+00    0.00000E+00    0.00000E+00    0.00000E+00    0.00000E+00    0.00000E+00
    0.43150E+07    0.00000E+00    0.00000E+00    0.00000E+00    0.00000E+00    0.00000E+00    0.00000E+00
    0.43200E+07    0.00000E+00    0.00000E+00    0.00000E+00    0.00000E+00    0.00000E+00    0.00000E+00
    0.43250E+07    0.00000E+00    0.00000E+00    0.00000E+00    0.00000E+00    0.00000E+00    0.00000E+00
    0.43300E+07    0.00000E+00    0.00000E+00    0.00000E+00    0.00000E+00    0.00000E+00    0.00000E+00
    0.43350E+07    0.00000E+00    0.00000E+00    0.00000E+00    0.00000E+00    0.00000E+00    0.00000E+00
    0.43400E+07    0.00000E+00    0.00000E+00    0.00000E+00    0.00000E+00    0.00000E+00    0.00000E+00
    0.43450E+07    0.00000E+00    0.00000E+00    0.00000E+00    0.00000E+00    0.00000E+00    0.00000E+00
    0.43500E+07    0.00000E+00    0.00000E+00    0.00000E+00    0.00000E+00    0.00000E+00    0.00000E+00
    0.43550E+07    0.00000E+00    0.00000E+00    0.00000E+00    0.00000E+00    0.00000E+00    0.00000E+00
    0.43600E+07    0.00000E+00    0.00000E+00    0.00000E+00    0.00000E+00    0.00000E+00    0.00000E+00
    0.43650E+07    0.00000E+00    0.00000E+00    0.00000E+00    0.00000E+00    0.00000E+00    0.00000E+00
    0.43700E+07    0.00000E+00    0.00000E+00    0.00000E+00    0.00000E+00    0.00000E+00    0.00000E+00
    0.43750E+07    0.00000E+00    0.00000E+00    0.00000E+00    0.00000E+00    0.00000E+00    0.00000E+00
    0.43800E+07    0.00000E+00    0.00000E+00    0.00000E+00    0.00000E+00    0.00000E+00    0.00000E+00
    0.43850E+07    0.00000E+00    0.00000E+00    0.00000E+00    0.00000E+00    0.00000E+00    0.00000E+00
    0.43900E+07    0.00000E+00    0.00000E+00    0.00000E+00    0.00000E+00    0.00000E+00    0.00000E+00
    0.43950E+07    0.00000E+00    0.00000E+00    0.00000E+00    0.00000E+00    0.00000E+00    0.00000E+00
    0.44000E+07    0.00000E+00    0.00000E+00    0.00000E+00    0.00000E+00    0.00000E+00    0.00000E+00
    0.44050E+07    0.00000E+00    0.00000E+00    0.00000E+00    0.00000E+00    0.00000E+00    0.00000E+00
    0.44100E+07    0.00000E+00    0.00000E+00    0.00000E+00    0.00000E+00    0.00000E+00    0.00000E+00
    0.44150E+07    0.00000E+00    0.00000E+00    0.00000E+00    0.00000E+00    0.00000E+00    0.00000E+00
    0.44200E+07    0.00000E+00    0.00000E+00    0.00000E+00    0.00000E+00    0.00000E+00    0.00000E+00
    0.44250E+07    0.00000E+00    0.00000E+00    0.00000E+00    0.00000E+00    0.00000E+00    0.00000E+00
    0.44300E+07    0.00000E+00    0.00000E+00    0.00000E+00    0.00000E+00    0.00000E+00    0.00000E+00
    0.44350E+07    0.00000E+00    0.00000E+00    0.00000E+00    0.00000E+00    0.00000E+00    0.00000E+00
    0.44400E+07    0.00000E+00    0.00000E+00    0.00000E+00    0.00000E+00    0.00000E+00    0.00000E+00
    0.44450E+07    0.00000E+00    0.00000E+00    0.00000E+00    0.00000E+00    0.00000E+00    0.00000E+00
    0.44500E+07    0.00000E+00    0.00000E+00    0.00000E+00    0.00000E+00    0.00000E+00    0.00000E+00
    0.44550E+07    0.00000E+00    0.00000E+00    0.00000E+00    0.00000E+00    0.00000E+00    0.00000E+00
    0.44600E+07    0.00000E+00    0.00000E+00    0.00000E+00    0.00000E+00    0.00000E+00    0.00000E+00
    0.44650E+07    0.00000E+00    0.00000E+00    0.00000E+00    0.00000E+00    0.00000E+00    0.00000E+00
    0.44700E+07    0.00000E+00    0.00000E+00    0.00000E+00    0.00000E+00    0.00000E+00    0.00000E+00
    0.44750E+07    0.00000E+00    0.00000E+00    0.00000E+00    0.00000E+00    0.00000E+00    0.00000E+00
    0.44800E+07    0.00000E+00    0.00000E+00    0.00000E+00    0.00000E+00    0.00000E+00    0.00000E+00
    0.44850E+07    0.00000E+00    0.00000E+00    0.00000E+00    0.00000E+00    0.00000E+00    0.00000E+00
    0.44900E+07    0.00000E+00    0.00000E+00    0.00000E+00    0.00000E+00    0.00000E+00    0.00000E+00
    0.44950E+07    0.00000E+00    0.00000E+00    0.00000E+00    0.00000E+00    0.00000E+00    0.00000E+00
    0.45000E+07    0.00000E+00    0.00000E+00    0.00000E+00    0.00000E+00    0.00000E+00    0.00000E+00
    0.45050E+07    0.00000E+00    0.00000E+00    0.00000E+00    0.00000E+00    0.00000E+00    0.00000E+00
    0.45100E+07    0.00000E+00    0.00000E+00    0.00000E+00    0.00000E+00    0.00000E+00    0.00000E+00
    0.45150E+07    0.00000E+00    0.00000E+00    0.00000E+00    0.00000E+00    0.00000E+00    0.00000E+00
    0.45200E+07    0.00000E+00    0.00000E+00    0.00000E+00    0.00000E+00    0.00000E+00    0.00000E+00
    0.45250E+07    0.00000E+00    0.00000E+00    0.00000E+00    0.00000E+00    0.00000E+00    0.00000E+00
    0.45300E+07    0.00000E+00    0.00000E+00    0.00000E+00    0.00000E+00    0.00000E+00    0.00000E+00
    0.45350E+07    0.00000E+00    0.00000E+00    0.00000E+00    0.00000E+00    0.00000E+00    0.00000E+00
    0.45400E+07    0.00000E+00    0.00000E+00    0.00000E+00    0.00000E+00    0.00000E+00    0.00000E+00
    0.45450E+07    0.00000E+00    0.00000E+00    0.00000E+00    0.00000E+00    0.00000E+00    0.00000E+00
    0.45500E+07    0.15530E-33    0.22370E-33    0.21307E-33    0.00000E+00    0.00000E+00    0.00000E+00
    0.45550E+07    0.20247E-33    0.29130E-33    0.27750E-33    0.00000E+00    0.00000E+00    0.00000E+00
    0.45600E+07    0.43145E-33    0.62112E-33    0.59134E-33    0.00000E+00    0.00000E+00    0.00000E+00
    0.45650E+07    0.56225E-33    0.80894E-33    0.77005E-33    0.00000E+00    0.00000E+00    0.00000E+00
    0.45700E+07    0.73222E-33    0.10533E-32    0.10023E-32    0.00000E+00    0.00000E+00    0.00000E+00
    0.45750E+07    0.95300E-33    0.13711E-32    0.13041E-32    0.00000E+00    0.00000E+00    0.00000E+00
    0.45800E+07    0.12397E-32    0.17842E-32    0.16959E-32    0.00000E+00    0.00000E+00    0.00000E+00
    0.45850E+07    0.16116E-32    0.23209E-32    0.22044E-32    0.00000E+00    0.00000E+00    0.00000E+00
    0.45900E+07    0.20942E-32    0.30179E-32    0.28642E-32    0.00000E+00    0.00000E+00    0.00000E+00
    0.45950E+07    0.27198E-32    0.39228E-32    0.37198E-32    0.00000E+00    0.00000E+00    0.00000E+00
    0.46000E+07    0.35307E-32    0.50970E-32    0.48288E-32    0.00000E+00    0.00000E+00    0.00000E+00
    0.46050E+07    0.45811E-32    0.66199E-32    0.62656E-32    0.00000E+00    0.00000E+00    0.00000E+00
    0.46100E+07    0.59413E-32    0.85942E-32    0.81264E-32    0.00000E+00    0.00000E+00    0.00000E+00
    0.46150E+07    0.77017E-32    0.11153E-31    0.10535E-31    0.00000E+00    0.00000E+00    0.00000E+00
    0.46200E+07    0.99791E-32    0.14467E-31    0.13652E-31    0.00000E+00    0.00000E+00    0.00000E+00
    0.46250E+07    0.12924E-31    0.18757E-31    0.17683E-31    0.00000E+00    0.00000E+00    0.00000E+00
    0.46300E+07    0.16731E-31    0.24310E-31    0.22893E-31    0.00000E+00    0.00000E+00    0.00000E+00
    0.46350E+07    0.21649E-31    0.31493E-31    0.29626E-31    0.00000E+00    0.00000E+00    0.00000E+00
    0.46400E+07    0.28000E-31    0.40781E-31    0.38323E-31    0.00000E+00    0.00000E+00    0.00000E+00
    0.46450E+07    0.36198E-31    0.52785E-31    0.49550E-31    0.00000E+00    0.00000E+00    0.00000E+00
    0.46500E+07    0.46776E-31    0.68292E-31    0.64038E-31    0.00000E+00    0.00000E+00    0.00000E+00
    0.46550E+07    0.60418E-31    0.88318E-31    0.82726E-31    0.00000E+00    0.00000E+00    0.00000E+00
    0.46600E+07    0.78004E-31    0.11417E-30    0.10682E-30    0.00000E+00    0.00000E+00    0.00000E+00
    0.46650E+07    0.10066E-30    0.14751E-30    0.13787E-30    0.00000E+00    0.00000E+00    0.00000E+00
    0.46700E+07    0.12985E-30    0.19052E-30    0.17787E-30    0.00000E+00    0.00000E+00    0.00000E+00
    0.46750E+07    0.16743E-30    0.24596E-30    0.22937E-30    0.00000E+00    0.00000E+00    0.00000E+00
    0.46800E+07    0.21578E-30    0.31739E-30    0.29566E-30    0.00000E+00    0.00000E+00    0.00000E+00
    0.46850E+07    0.27798E-30    0.40939E-30    0.38094E-30    0.00000E+00    0.00000E+00    0.00000E+00
    0.46900E+07    0.35795E-30    0.52784E-30    0.49059E-30    0.00000E+00    0.00000E+00    0.00000E+00
    0.46950E+07    0.46071E-30    0.68025E-30    0.63153E-30    0.00000E+00    0.00000E+00    0.00000E+00
    0.47000E+07    0.59273E-30    0.87629E-30    0.81261E-30    0.00000E+00    0.00000E+00    0.00000E+00
    0.47050E+07    0.76225E-30    0.11283E-29    0.10452E-29    0.00000E+00    0.00000E+00    0.00000E+00
    0.47100E+07    0.97981E-30    0.14523E-29    0.13437E-29    0.00000E+00    0.00000E+00    0.00000E+00
    0.47150E+07    0.12589E-29    0.18684E-29    0.17267E-29    0.00000E+00    0.00000E+00    0.00000E+00
    0.47200E+07    0.16168E-29    0.24027E-29    0.22179E-29    0.00000E+00    0.00000E+00    0.00000E+00
    0.47250E+07    0.20756E-29    0.30885E-29    0.28476E-29    0.00000E+00    0.00000E+00    0.00000E+00
    0.47300E+07    0.26634E-29    0.39683E-29    0.36545E-29    0.00000E+00    0.00000E+00    0.00000E+00
    0.47350E+07    0.34162E-29    0.50966E-29    0.46880E-29    0.00000E+00    0.00000E+00    0.00000E+00
    0.47400E+07    0.43798E-29    0.65428E-29    0.60112E-29    0.00000E+00    0.00000E+00    0.00000E+00
    0.47450E+07    0.56128E-29    0.83958E-29    0.77046E-29    0.00000E+00    0.00000E+00    0.00000E+00
    0.47500E+07    0.71897E-29    0.10769E-28    0.98706E-29    0.00000E+00    0.00000E+00    0.00000E+00
    0.47550E+07    0.92057E-29    0.13807E-28    0.12640E-28    0.00000E+00    0.00000E+00    0.00000E+00
    0.47600E+07    0.11782E-28    0.17695E-28    0.16180E-28    0.00000E+00    0.00000E+00    0.00000E+00
    0.47650E+07    0.15073E-28    0.22667E-28    0.20702E-28    0.00000E+00    0.00000E+00    0.00000E+00
    0.47700E+07    0.19274E-28    0.29025E-28    0.26476E-28    0.00000E+00    0.00000E+00    0.00000E+00
    0.47750E+07    0.24636E-28    0.37150E-28    0.33846E-28    0.00000E+00    0.00000E+00    0.00000E+00
    0.47800E+07    0.31476E-28    0.47528E-28    0.43248E-28    0.00000E+00    0.00000E+00    0.00000E+00
    0.47850E+07    0.40197E-28    0.60781E-28    0.55240E-28    0.00000E+00    0.00000E+00    0.00000E+00
    0.47900E+07    0.51314E-28    0.77696E-28    0.70525E-28    0.00000E+00    0.00000E+00    0.00000E+00
    0.47950E+07    0.65476E-28    0.99275E-28    0.90001E-28    0.00000E+00    0.00000E+00    0.00000E+00
    0.48000E+07    0.83510E-28    0.12679E-27    0.11481E-27    0.00000E+00    0.00000E+00    0.00000E+00
    0.48050E+07    0.10647E-27    0.16187E-27    0.14639E-27    0.00000E+00    0.00000E+00    0.00000E+00
    0.48100E+07    0.13567E-27    0.20657E-27    0.18657E-27    0.00000E+00    0.00000E+00    0.00000E+00
    0.48150E+07    0.17282E-27    0.26350E-27    0.23769E-27    0.00000E+00    0.00000E+00    0.00000E+00
    0.48200E+07    0.22005E-27    0.33597E-27    0.30267E-27    0.00000E+00    0.00000E+00    0.00000E+00
    0.48250E+07    0.28005E-27    0.42819E-27    0.38527E-27    0.00000E+00    0.00000E+00    0.00000E+00
    0.48300E+07    0.35627E-27    0.54550E-27    0.49018E-27    0.00000E+00    0.00000E+00    0.00000E+00
    0.48350E+07    0.45304E-27    0.69465E-27    0.62341E-27    0.00000E+00    0.00000E+00    0.00000E+00
    0.48400E+07    0.57584E-27    0.88421E-27    0.79250E-27    0.00000E+00    0.00000E+00    0.00000E+00
    0.48450E+07    0.73162E-27    0.11250E-26    0.10070E-26    0.00000E+00    0.00000E+00    0.00000E+00
    0.48500E+07    0.92914E-27    0.14308E-26    0.12791E-26    0.00000E+00    0.00000E+00    0.00000E+00
    0.48550E+07    0.11795E-26    0.18189E-26    0.16239E-26    0.00000E+00    0.00000E+00    0.00000E+00
    0.48600E+07    0.14966E-26    0.23114E-26    0.20608E-26    0.00000E+00    0.00000E+00    0.00000E+00
    0.48650E+07    0.18983E-26    0.29359E-26    0.26142E-26    0.00000E+00    0.00000E+00    0.00000E+00
    0.48700E+07    0.24067E-26    0.37276E-26    0.33148E-26    0.00000E+00    0.00000E+00    0.00000E+00
    0.48750E+07    0.30499E-26    0.47309E-26    0.42012E-26    0.00000E+00    0.00000E+00    0.00000E+00
    0.48800E+07    0.38634E-26    0.60016E-26    0.53225E-26    0.00000E+00    0.00000E+00    0.00000E+00
    0.48850E+07    0.48917E-26    0.76104E-26    0.67402E-26    0.00000E+00    0.00000E+00    0.00000E+00
    0.48900E+07    0.61912E-26    0.96464E-26    0.85318E-26    0.00000E+00    0.00000E+00    0.00000E+00
    0.48950E+07    0.78326E-26    0.12222E-25    0.10795E-25    0.00000E+00    0.00000E+00    0.00000E+00
    0.49000E+07    0.99050E-26    0.15479E-25    0.13653E-25    0.00000E+00    0.00000E+00    0.00000E+00
    0.49050E+07    0.12520E-25    0.19595E-25    0.17260E-25    0.00000E+00    0.00000E+00    0.00000E+00
    0.49100E+07    0.15819E-25    0.24796E-25    0.21811E-25    0.00000E+00    0.00000E+00    0.00000E+00
    0.49150E+07    0.19979E-25    0.31364E-25    0.27550E-25    0.00000E+00    0.00000E+00    0.00000E+00
    0.49200E+07    0.25222E-25    0.39655E-25    0.34784E-25    0.00000E+00    0.00000E+00    0.00000E+00
    0.49250E+07    0.31828E-25    0.50117E-25    0.43899E-25    0.00000E+00    0.00000E+00    0.00000E+00
    0.49300E+07    0.40146E-25    0.63313E-25    0.55379E-25    0.00000E+00    0.00000E+00    0.00000E+00
    0.49350E+07    0.50617E-25    0.79949E-25    0.69832E-25    0.00000E+00    0.00000E+00    0.00000E+00
    0.49400E+07    0.63791E-25    0.10091E-24    0.88019E-25    0.00000E+00    0.00000E+00    0.00000E+00
    0.49450E+07    0.80362E-25    0.12733E-24    0.11090E-24    0.00000E+00    0.00000E+00    0.00000E+00
    0.49500E+07    0.10119E-24    0.16058E-24    0.13966E-24    0.00000E+00    0.00000E+00    0.00000E+00
    0.49550E+07    0.12737E-24    0.20244E-24    0.17581E-24    0.00000E+00    0.00000E+00    0.00000E+00
    0.49600E+07    0.16025E-24    0.25510E-24    0.22122E-24    0.00000E+00    0.00000E+00    0.00000E+00
    0.49650E+07    0.20153E-24    0.32133E-24    0.27825E-24    0.00000E+00    0.00000E+00    0.00000E+00
    0.49700E+07    0.25334E-24    0.40458E-24    0.34982E-24    0.00000E+00    0.00000E+00    0.00000E+00
    0.49750E+07    0.31834E-24    0.50919E-24    0.43962E-24    0.00000E+00    0.00000E+00    0.00000E+00
    0.49800E+07    0.39984E-24    0.64058E-24    0.55224E-24    0.00000E+00    0.00000E+00    0.00000E+00
    0.49850E+07    0.50200E-24    0.80553E-24    0.69342E-24    0.00000E+00    0.00000E+00    0.00000E+00
    0.49900E+07    0.62999E-24    0.10126E-23    0.87032E-24    0.00000E+00    0.00000E+00    0.00000E+00
    0.49950E+07    0.79028E-24    0.12722E-23    0.10919E-23    0.00000E+00    0.00000E+00    0.00000E+00
    0.50000E+07    0.99093E-24    0.15979E-23    0.13693E-23    0.00000E+00    0.00000E+00    0.00000E+00
    0.50050E+07    0.12420E-23    0.20060E-23    0.17164E-23    0.00000E+00    0.00000E+00    0.00000E+00
    0.50100E+07    0.15560E-23    0.25174E-23    0.21507E-23    0.00000E+00    0.00000E+00    0.00000E+00
    0.50150E+07    0.19486E-23    0.31577E-23    0.26936E-23    0.00000E+00    0.00000E+00    0.00000E+00
    0.50200E+07    0.24393E-23    0.39594E-23    0.33723E-23    0.00000E+00    0.00000E+00    0.00000E+00
    0.50250E+07    0.30522E-23    0.49625E-23    0.42200E-23    0.00000E+00    0.00000E+00    0.00000E+00
    0.50300E+07    0.38174E-23    0.62171E-23    0.52788E-23    0.00000E+00    0.00000E+00    0.00000E+00
    0.50350E+07    0.47726E-23    0.77858E-23    0.66003E-23    0.00000E+00    0.00000E+00    0.00000E+00
    0.50400E+07    0.59642E-23    0.97461E-23    0.82492E-23    0.00000E+00    0.00000E+00    0.00000E+00
    0.50450E+07    0.74501E-23    0.12195E-22    0.10306E-22    0.00000E+00    0.00000E+00    0.00000E+00
    0.50500E+07    0.93024E-23    0.15253E-22    0.12869E-22    0.00000E+00    0.00000E+00    0.00000E+00
    0.50550E+07    0.11610E-22    0.19070E-22    0.16064E-22    0.00000E+00    0.00000E+00    0.00000E+00
    0.50600E+07    0.14485E-22    0.23832E-22    0.20043E-22    0.00000E+00    0.00000E+00    0.00000E+00
    0.50650E+07    0.18063E-22    0.29771E-22    0.24997E-22    0.00000E+00    0.00000E+00    0.00000E+00
    0.50700E+07    0.22516E-22    0.37175E-22    0.31163E-22    0.00000E+00    0.00000E+00    0.00000E+00
    0.50750E+07    0.28055E-22    0.46400E-22    0.38834E-22    0.00000E+00    0.00000E+00    0.00000E+00
    0.50800E+07    0.34941E-22    0.57891E-22    0.48371E-22    0.00000E+00    0.00000E+00    0.00000E+00
    0.50850E+07    0.43499E-22    0.72199E-22    0.60226E-22    0.00000E+00    0.00000E+00    0.00000E+00
    0.50900E+07    0.54132E-22    0.90005E-22    0.74955E-22    0.00000E+00    0.00000E+00    0.00000E+00
    0.50950E+07    0.67334E-22    0.11216E-21    0.93246E-22    0.00000E+00    0.00000E+00    0.00000E+00
    0.51000E+07    0.83721E-22    0.13970E-21    0.11595E-21    0.00000E+00    0.00000E+00    0.00000E+00
    0.51050E+07    0.10405E-21    0.17394E-21    0.14413E-21    0.00000E+00    0.00000E+00    0.00000E+00
    0.51100E+07    0.12927E-21    0.21648E-21    0.17907E-21    0.00000E+00    0.00000E+00    0.00000E+00
    0.51150E+07    0.16052E-21    0.26931E-21    0.22239E-21    0.00000E+00    0.00000E+00    0.00000E+00
    0.51200E+07    0.19925E-21    0.33490E-21    0.27608E-21    0.00000E+00    0.00000E+00    0.00000E+00
    0.51250E+07    0.24723E-21    0.41628E-21    0.34259E-21    0.00000E+00    0.00000E+00    0.00000E+00
    0.51300E+07    0.30662E-21    0.51724E-21    0.42493E-21    0.00000E+00    0.00000E+00    0.00000E+00
    0.51350E+07    0.38012E-21    0.64241E-21    0.52684E-21    0.00000E+00    0.00000E+00    0.00000E+00
    0.51400E+07    0.47104E-21    0.79754E-21    0.65293E-21    0.00000E+00    0.00000E+00    0.00000E+00
    0.51450E+07    0.58345E-21    0.98973E-21    0.80884E-21    0.00000E+00    0.00000E+00    0.00000E+00
    0.51500E+07    0.72240E-21    0.12277E-20    0.10016E-20    0.00000E+00    0.00000E+00    0.00000E+00
    0.51550E+07    0.89406E-21    0.15223E-20    0.12397E-20    0.00000E+00    0.00000E+00    0.00000E+00
    0.51600E+07    0.11060E-20    0.18868E-20    0.15338E-20    0.00000E+00    0.00000E+00    0.00000E+00
    0.51650E+07    0.13677E-20    0.23376E-20    0.18968E-20    0.00000E+00    0.00000E+00    0.00000E+00
    0.51700E+07    0.16906E-20    0.28950E-20    0.23448E-20    0.00000E+00    0.00000E+00    0.00000E+00
    0.51750E+07    0.20887E-20    0.35837E-20    0.28974E-20    0.00000E+00    0.00000E+00    0.00000E+00
    0.51800E+07    0.25796E-20    0.44344E-20    0.35786E-20    0.00000E+00    0.00000E+00    0.00000E+00
    0.51850E+07    0.31845E-20    0.54849E-20    0.44182E-20    0.00000E+00    0.00000E+00    0.00000E+00
    0.51900E+07    0.39296E-20    0.67814E-20    0.54525E-20    0.00000E+00    0.00000E+00    0.00000E+00
    0.51950E+07    0.48470E-20    0.83809E-20    0.67260E-20    0.00000E+00    0.00000E+00    0.00000E+00
    0.52000E+07    0.59760E-20    0.10353E-19    0.82935E-20    0.00000E+00    0.00000E+00    0.00000E+00
    0.52050E+07    0.73648E-20    0.12785E-19    0.10222E-19    0.00000E+00    0.00000E+00    0.00000E+00
    0.52100E+07    0.90727E-20    0.15781E-19    0.12593E-19    0.00000E+00    0.00000E+00    0.00000E+00
    0.52150E+07    0.11172E-19    0.19471E-19    0.15509E-19    0.00000E+00    0.00000E+00    0.00000E+00
    0.52200E+07    0.13751E-19    0.24014E-19    0.19091E-19    0.00000E+00    0.00000E+00    0.00000E+00
    0.52250E+07    0.16918E-19    0.29604E-19    0.23490E-19    0.00000E+00    0.00000E+00    0.00000E+00
    0.52300E+07    0.20806E-19    0.36481E-19    0.28890E-19    0.00000E+00    0.00000E+00    0.00000E+00
    0.52350E+07    0.25576E-19    0.44937E-19    0.35518E-19    0.00000E+00    0.00000E+00    0.00000E+00
    0.52400E+07    0.31427E-19    0.55330E-19    0.43647E-19    0.00000E+00    0.00000E+00    0.00000E+00
    0.52450E+07    0.38600E-19    0.68099E-19    0.53614E-19    0.00000E+00    0.00000E+00    0.00000E+00
    0.52500E+07    0.47390E-19    0.83779E-19    0.65829E-19    0.00000E+00    0.00000E+00    0.00000E+00
    0.52550E+07    0.58157E-19    0.10303E-18    0.80792E-19    0.00000E+00    0.00000E+00    0.00000E+00
    0.52600E+07    0.71341E-19    0.12665E-18    0.99115E-19    0.00000E+00    0.00000E+00    0.00000E+00
    0.52650E+07    0.87476E-19    0.15562E-18    0.12154E-18    0.00000E+00    0.00000E+00    0.00000E+00
    0.52700E+07    0.10721E-18    0.19113E-18    0.14898E-18    0.00000E+00    0.00000E+00    0.00000E+00
    0.52750E+07    0.13135E-18    0.23466E-18    0.18253E-18    0.00000E+00    0.00000E+00    0.00000E+00
    0.52800E+07    0.16085E-18    0.28797E-18    0.22355E-18    0.00000E+00    0.00000E+00    0.00000E+00
    0.52850E+07    0.19689E-18    0.35326E-18    0.27366E-18    0.00000E+00    0.00000E+00    0.00000E+00
    0.52900E+07    0.24091E-18    0.43316E-18    0.33487E-18    0.00000E+00    0.00000E+00    0.00000E+00
    0.52950E+07    0.29465E-18    0.53092E-18    0.40959E-18    0.00000E+00    0.00000E+00    0.00000E+00
    0.53000E+07    0.36021E-18    0.65048E-18    0.50077E-18    0.00000E+00    0.00000E+00    0.00000E+00
    0.53050E+07    0.44018E-18    0.79662E-18    0.61199E-18    0.00000E+00    0.00000E+00    0.00000E+00
    0.53100E+07    0.53766E-18    0.97520E-18    0.74759E-18    0.00000E+00    0.00000E+00    0.00000E+00
    0.53150E+07    0.65646E-18    0.11933E-17    0.91285E-18    0.00000E+00    0.00000E+00    0.00000E+00
    0.53200E+07    0.80117E-18    0.14596E-17    0.11142E-17    0.00000E+00    0.00000E+00    0.00000E+00
    0.53250E+07    0.97736E-18    0.17846E-17    0.13593E-17    0.00000E+00    0.00000E+00    0.00000E+00
    0.53300E+07    0.11918E-17    0.21810E-17    0.16576E-17    0.00000E+00    0.00000E+00    0.00000E+00
    0.53350E+07    0.14526E-17    0.26643E-17    0.20206E-17    0.00000E+00    0.00000E+00    0.00000E+00
    0.53400E+07    0.17698E-17    0.32535E-17    0.24619E-17    0.00000E+00    0.00000E+00    0.00000E+00
    0.53450E+07    0.21553E-17    0.39712E-17    0.29984E-17    0.00000E+00    0.00000E+00    0.00000E+00
    0.53500E+07    0.26237E-17    0.48453E-17    0.36502E-17    0.00000E+00    0.00000E+00    0.00000E+00
    0.53550E+07    0.31924E-17    0.59093E-17    0.44419E-17    0.00000E+00    0.00000E+00    0.00000E+00
    0.53600E+07    0.38828E-17    0.72040E-17    0.54028E-17    0.00000E+00    0.00000E+00    0.00000E+00
    0.53650E+07    0.47205E-17    0.87786E-17    0.65688E-17    0.00000E+00    0.00000E+00    0.00000E+00
    0.53700E+07    0.57365E-17    0.10693E-16    0.79831E-17    0.00000E+00    0.00000E+00    0.00000E+00
    0.53750E+07    0.69681E-17    0.13019E-16    0.96976E-17    0.00000E+00    0.00000E+00    0.00000E+00
    0.53800E+07    0.84604E-17    0.15845E-16    0.11775E-16    0.00000E+00    0.00000E+00    0.00000E+00
    0.53850E+07    0.10268E-16    0.19276E-16    0.14292E-16    0.00000E+00    0.00000E+00    0.00000E+00
    0.53900E+07    0.12456E-16    0.23441E-16    0.17339E-16    0.00000E+00    0.00000E+00    0.00000E+00
    0.53950E+07    0.15104E-16    0.28493E-16    0.21026E-16    0.00000E+00    0.00000E+00    0.00000E+00
    0.54000E+07    0.18308E-16    0.34619E-16    0.25487E-16    0.00000E+00    0.00000E+00    0.00000E+00
    0.54050E+07    0.22181E-16    0.42045E-16    0.30881E-16    0.00000E+00    0.00000E+00    0.00000E+00
    0.54100E+07    0.26861E-16    0.51043E-16    0.37400E-16    0.00000E+00    0.00000E+00    0.00000E+00
    0.54150E+07    0.32516E-16    0.61940E-16    0.45275E-16    0.00000E+00    0.00000E+00    0.00000E+00
    0.54200E+07    0.39343E-16    0.75133E-16    0.54784E-16    0.00000E+00    0.00000E+00    0.00000E+00
    0.54250E+07    0.47584E-16    0.91096E-16    0.66263E-16    0.00000E+00    0.00000E+00    0.00000E+00
    0.54300E+07    0.57525E-16    0.11041E-15    0.80111E-16    0.00000E+00    0.00000E+00    0.00000E+00
    0.54350E+07    0.69513E-16    0.13375E-15    0.96810E-16    0.00000E+00    0.00000E+00    0.00000E+00
    0.54400E+07    0.83963E-16    0.16196E-15    0.11694E-15    0.00000E+00    0.00000E+00    0.00000E+00
    0.54450E+07    0.10137E-15    0.19605E-15    0.14119E-15    0.00000E+00    0.00000E+00    0.00000E+00
    0.54500E+07    0.12234E-15    0.23720E-15    0.17040E-15    0.00000E+00    0.00000E+00    0.00000E+00
    0.54550E+07    0.14758E-15    0.28687E-15    0.20557E-15    0.00000E+00    0.00000E+00    0.00000E+00
    0.54600E+07    0.17794E-15    0.34680E-15    0.24788E-15    0.00000E+00    0.00000E+00    0.00000E+00
    0.54650E+07    0.21446E-15    0.41907E-15    0.29876E-15    0.00000E+00    0.00000E+00    0.00000E+00
    0.54700E+07    0.25836E-15    0.50619E-15    0.35994E-15    0.00000E+00    0.00000E+00    0.00000E+00
    0.54750E+07    0.31111E-15    0.61115E-15    0.43344E-15    0.00000E+00    0.00000E+00    0.00000E+00
    0.54800E+07    0.37447E-15    0.73757E-15    0.52173E-15    0.00000E+00    0.00000E+00    0.00000E+00
    0.54850E+07    0.45053E-15    0.88977E-15    0.62773E-15    0.00000E+00    0.00000E+00    0.00000E+00
    0.54900E+07    0.54180E-15    0.10729E-14    0.75493E-15    0.00000E+00    0.00000E+00    0.00000E+00
    0.54950E+07    0.65128E-15    0.12932E-14    0.90750E-15    0.00000E+00    0.00000E+00    0.00000E+00
    0.55000E+07    0.78253E-15    0.15580E-14    0.10904E-14    0.00000E+00    0.00000E+00    0.00000E+00
    0.55050E+07    0.93981E-15    0.18763E-14    0.13096E-14    0.00000E+00    0.00000E+00    0.00000E+00
    0.55100E+07    0.11282E-14    0.22587E-14    0.15722E-14    0.00000E+00    0.00000E+00    0.00000E+00
    0.55150E+07    0.13538E-14    0.27178E-14    0.18866E-14    0.00000E+00    0.00000E+00    0.00000E+00
    0.55200E+07    0.16237E-14    0.32688E-14    0.22629E-14    0.00000E+00    0.00000E+00    0.00000E+00
    0.55250E+07    0.19466E-14    0.39299E-14    0.27129E-14    0.00000E+00    0.00000E+00    0.00000E+00
    0.55300E+07    0.23326E-14    0.47227E-14    0.32511E-14    0.00000E+00    0.00000E+00    0.00000E+00
    0.55350E+07    0.27940E-14    0.56729E-14    0.38942E-14    0.00000E+00    0.00000E+00    0.00000E+00
    0.55400E+07    0.33452E-14    0.68114E-14    0.46625E-14    0.00000E+00    0.00000E+00    0.00000E+00
    0.55450E+07    0.40032E-14    0.81748E-14    0.55798E-14    0.00000E+00    0.00000E+00    0.00000E+00
    0.55500E+07    0.47886E-14    0.98070E-14    0.66746E-14    0.00000E+00    0.00000E+00    0.00000E+00
    0.55550E+07    0.57255E-14    0.11760E-13    0.79806E-14    0.00000E+00    0.00000E+00    0.00000E+00
    0.55600E+07    0.68426E-14    0.14096E-13    0.95378E-14    0.00000E+00    0.00000E+00    0.00000E+00
    0.55650E+07    0.81739E-14    0.16888E-13    0.11394E-13    0.00000E+00    0.00000E+00    0.00000E+00
    0.55700E+07    0.97600E-14    0.20225E-13    0.13605E-13    0.00000E+00    0.00000E+00    0.00000E+00
    0.55750E+07    0.11653E-13    0.24210E-13    0.16231E-13    0.00000E+00    0.00000E+00    0.00000E+00
    0.55800E+07    0.13906E-13    0.28968E-13    0.19355E-13    0.00000E+00    0.00000E+00    0.00000E+00
    0.55800E+07    0.13906E-13    0.28968E-13    0.19355E-13    0.00000E+00    0.00000E+00    0.00000E+00
    0.55850E+07    0.16628E-13    0.34602E-13    0.23067E-13    0.00000E+00    0.00000E+00    0.00000E+00
    0.55900E+07    0.19860E-13    0.41327E-13    0.27473E-13    0.00000E+00    0.00000E+00    0.00000E+00
    0.55950E+07    0.23696E-13    0.49349E-13    0.32699E-13    0.00000E+00    0.00000E+00    0.00000E+00
    0.56000E+07    0.28245E-13    0.58912E-13    0.38894E-13    0.00000E+00    0.00000E+00    0.00000E+00
    0.56050E+07    0.33635E-13    0.70305E-13    0.46233E-13    0.00000E+00    0.00000E+00    0.00000E+00
    0.56100E+07    0.40019E-13    0.83870E-13    0.54919E-13    0.00000E+00    0.00000E+00    0.00000E+00
    0.56150E+07    0.47574E-13    0.10001E-12    0.65194E-13    0.00000E+00    0.00000E+00    0.00000E+00
    0.56200E+07    0.56509E-13    0.11920E-12    0.77339E-13    0.00000E+00    0.00000E+00    0.00000E+00
    0.56250E+07    0.67068E-13    0.14201E-12    0.91684E-13    0.00000E+00    0.00000E+00    0.00000E+00
    0.56300E+07    0.79538E-13    0.16910E-12    0.10862E-12    0.00000E+00    0.00000E+00    0.00000E+00
    0.56350E+07    0.94253E-13    0.20124E-12    0.12859E-12    0.00000E+00    0.00000E+00    0.00000E+00
    0.56400E+07    0.11161E-12    0.23937E-12    0.15213E-12    0.00000E+00    0.00000E+00    0.00000E+00
    0.56450E+07    0.13205E-12    0.28456E-12    0.17986E-12    0.00000E+00    0.00000E+00    0.00000E+00
    0.56500E+07    0.15613E-12    0.33809E-12    0.21249E-12    0.00000E+00    0.00000E+00    0.00000E+00
    0.56550E+07    0.18447E-12    0.40145E-12    0.25086E-12    0.00000E+00    0.00000E+00    0.00000E+00
    0.56600E+07    0.21779E-12    0.47641E-12    0.29597E-12    0.00000E+00    0.00000E+00    0.00000E+00
    0.56650E+07    0.25693E-12    0.56501E-12    0.34893E-12    0.00000E+00    0.00000E+00    0.00000E+00
    0.56700E+07    0.30290E-12    0.66969E-12    0.41107E-12    0.00000E+00    0.00000E+00    0.00000E+00
    0.56750E+07    0.35682E-12    0.79326E-12    0.48394E-12    0.00000E+00    0.00000E+00    0.00000E+00
    0.56800E+07    0.42004E-12    0.93905E-12    0.56932E-12    0.00000E+00    0.00000E+00    0.00000E+00
    0.56850E+07    0.49409E-12    0.11109E-11    0.66928E-12    0.00000E+00    0.00000E+00    0.00000E+00
    0.56900E+07    0.58078E-12    0.13134E-11    0.78621E-12    0.00000E+00    0.00000E+00    0.00000E+00
    0.56950E+07    0.68218E-12    0.15518E-11    0.92291E-12    0.00000E+00    0.00000E+00    0.00000E+00
    0.57000E+07    0.80069E-12    0.18323E-11    0.10826E-11    0.00000E+00    0.00000E+00    0.00000E+00
    0.57050E+07    0.93909E-12    0.21621E-11    0.12689E-11    0.00000E+00    0.00000E+00    0.00000E+00
    0.57100E+07    0.11006E-11    0.25495E-11    0.14862E-11    0.00000E+00    0.00000E+00    0.00000E+00
    0.57149E+07    0.12861E-11    0.29977E-11    0.17357E-11    0.00000E+00    0.00000E+00    0.00000E+00
    0.57199E+07    0.15019E-11    0.35223E-11    0.20256E-11    0.00000E+00    0.00000E+00    0.00000E+00
    0.57199E+07    0.21297E-11    0.30033E-11    0.19941E-11    0.00000E+00    0.00000E+00    0.00000E+00
    0.57200E+07    0.21346E-11    0.30207E-11    0.20005E-11    0.00000E+00    0.00000E+00    0.00000E+00
    0.57250E+07    0.23240E-11    0.37069E-11    0.22497E-11    0.00000E+00    0.00000E+00    0.00000E+00
    0.57300E+07    0.25402E-11    0.44976E-11    0.25336E-11    0.00000E+00    0.00000E+00    0.00000E+00
    0.57350E+07    0.27860E-11    0.54059E-11    0.28561E-11    0.00000E+00    0.00000E+00    0.00000E+00
    0.57400E+07    0.30649E-11    0.64463E-11    0.32213E-11    0.00000E+00    0.00000E+00    0.00000E+00
    0.57450E+07    0.33803E-11    0.76355E-11    0.36340E-11    0.00000E+00    0.00000E+00    0.00000E+00
    0.57500E+07    0.37366E-11    0.89921E-11    0.40994E-11    0.00000E+00    0.00000E+00    0.00000E+00
    0.57550E+07    0.41382E-11    0.10537E-10    0.46235E-11    0.00000E+00    0.00000E+00    0.00000E+00
    0.57600E+07    0.45901E-11    0.12294E-10    0.52125E-11    0.00000E+00    0.00000E+00    0.00000E+00
    0.57650E+07    0.50979E-11    0.14290E-10    0.58737E-11    0.00000E+00    0.00000E+00    0.00000E+00
    0.57700E+07    0.56678E-11    0.16554E-10    0.66148E-11    0.00000E+00    0.00000E+00    0.00000E+00
    0.57750E+07    0.63066E-11    0.19119E-10    0.74446E-11    0.00000E+00    0.00000E+00    0.00000E+00
    0.57800E+07    0.70217E-11    0.22023E-10    0.83725E-11    0.00000E+00    0.00000E+00    0.00000E+00
    0.57850E+07    0.78214E-11    0.25307E-10    0.94090E-11    0.00000E+00    0.00000E+00    0.00000E+00
    0.57900E+07    0.87144E-11    0.29017E-10    0.10565E-10    0.00000E+00    0.00000E+00    0.00000E+00
    0.57950E+07    0.97108E-11    0.33204E-10    0.11854E-10    0.00000E+00    0.00000E+00    0.00000E+00
    0.58000E+07    0.10821E-10    0.37926E-10    0.13289E-10    0.00000E+00    0.00000E+00    0.00000E+00
    0.58050E+07    0.12057E-10    0.43245E-10    0.14884E-10    0.00000E+00    0.00000E+00    0.00000E+00
    0.58100E+07    0.13432E-10    0.49232E-10    0.16656E-10    0.00000E+00    0.00000E+00    0.00000E+00
    0.58150E+07    0.14959E-10    0.55966E-10    0.18622E-10    0.00000E+00    0.00000E+00    0.00000E+00
    0.58200E+07    0.16653E-10    0.63532E-10    0.20801E-10    0.00000E+00    0.00000E+00    0.00000E+00
    0.58250E+07    0.18531E-10    0.72025E-10    0.23214E-10    0.00000E+00    0.00000E+00    0.00000E+00
    0.58300E+07    0.20610E-10    0.81551E-10    0.25882E-10    0.00000E+00    0.00000E+00    0.00000E+00
    0.58350E+07    0.22909E-10    0.92227E-10    0.28828E-10    0.00000E+00    0.00000E+00    0.00000E+00
    0.58400E+07    0.25450E-10    0.10418E-09    0.32079E-10    0.00000E+00    0.00000E+00    0.00000E+00
    0.58450E+07    0.28253E-10    0.11755E-09    0.35662E-10    0.00000E+00    0.00000E+00    0.00000E+00
    0.58500E+07    0.31343E-10    0.13250E-09    0.39606E-10    0.00000E+00    0.00000E+00    0.00000E+00
    0.58550E+07    0.34745E-10    0.14918E-09    0.43942E-10    0.00000E+00    0.00000E+00    0.00000E+00
    0.58600E+07    0.38486E-10    0.16780E-09    0.48703E-10    0.00000E+00    0.00000E+00    0.00000E+00
    0.58636E+07    0.41365E-10    0.18231E-09    0.52362E-10    0.00000E+00    0.00000E+00    0.00000E+00
    0.58636E+07    0.43847E-10    0.17786E-09    0.49695E-10    0.00000E+00    0.00000E+00    0.00000E+00
    0.58668E+07    0.46346E-10    0.19210E-09    0.52651E-10    0.00000E+00    0.00000E+00    0.00000E+00
    0.58700E+07    0.48973E-10    0.20729E-09    0.55746E-10    0.00000E+00    0.00000E+00    0.00000E+00
    0.58750E+07    0.53306E-10    0.23287E-09    0.60826E-10    0.00000E+00    0.00000E+00    0.00000E+00
    0.58800E+07    0.57966E-10    0.26111E-09    0.66255E-10    0.00000E+00    0.00000E+00    0.00000E+00
    0.58850E+07    0.62968E-10    0.29222E-09    0.72044E-10    0.00000E+00    0.00000E+00    0.00000E+00
    0.58900E+07    0.68324E-10    0.32647E-09    0.78198E-10    0.00000E+00    0.00000E+00    0.00000E+00
    0.58950E+07    0.74045E-10    0.36410E-09    0.84720E-10    0.00000E+00    0.00000E+00    0.00000E+00
    0.59000E+07    0.80142E-10    0.40539E-09    0.91611E-10    0.00000E+00    0.00000E+00    0.00000E+00
    0.59050E+07    0.86620E-10    0.45064E-09    0.98869E-10    0.00000E+00    0.00000E+00    0.00000E+00
    0.59100E+07    0.93488E-10    0.50013E-09    0.10649E-09    0.00000E+00    0.00000E+00    0.00000E+00
    0.59150E+07    0.10075E-09    0.55419E-09    0.11445E-09    0.00000E+00    0.00000E+00    0.00000E+00
    0.59200E+07    0.10840E-09    0.61314E-09    0.12275E-09    0.00000E+00    0.00000E+00    0.00000E+00
    0.59250E+07    0.11644E-09    0.67734E-09    0.13135E-09    0.00000E+00    0.00000E+00    0.00000E+00
    0.59300E+07    0.12486E-09    0.74713E-09    0.14024E-09    0.00000E+00    0.00000E+00    0.00000E+00
    0.59350E+07    0.13365E-09    0.82288E-09    0.14937E-09    0.00000E+00    0.00000E+00    0.00000E+00
    0.59400E+07    0.14280E-09    0.90495E-09    0.15870E-09    0.00000E+00    0.00000E+00    0.00000E+00
    0.59450E+07    0.15228E-09    0.99373E-09    0.16817E-09    0.00000E+00    0.00000E+00    0.00000E+00
    0.59500E+07    0.16207E-09    0.10896E-08    0.17774E-09    0.00000E+00    0.00000E+00    0.00000E+00
    0.59529E+07    0.16785E-09    0.11483E-08    0.18327E-09    0.00000E+00    0.00000E+00    0.00000E+00
    0.59558E+07    0.17371E-09    0.12095E-08    0.18878E-09    0.00000E+00    0.00000E+00    0.00000E+00
    0.59558E+07    0.20368E-09    0.11202E-08    0.14596E-09    0.00000E+00    0.00000E+00    0.00000E+00
    0.59600E+07    0.20528E-09    0.12187E-08    0.14326E-09    0.00000E+00    0.00000E+00    0.00000E+00
    0.59650E+07    0.20650E-09    0.13408E-08    0.13868E-09    0.00000E+00    0.00000E+00    0.00000E+00
    0.59700E+07    0.20693E-09    0.14687E-08    0.13247E-09    0.00000E+00    0.00000E+00    0.00000E+00
    0.59750E+07    0.20648E-09    0.16022E-08    0.12448E-09    0.00000E+00    0.00000E+00    0.00000E+00
    0.59800E+07    0.20507E-09    0.17409E-08    0.11461E-09    0.00000E+00    0.00000E+00    0.00000E+00
    0.59850E+07    0.20262E-09    0.18844E-08    0.10273E-09    0.00000E+00    0.00000E+00    0.00000E+00
    0.59900E+07    0.19908E-09    0.20322E-08    0.88735E-10    0.00000E+00    0.00000E+00    0.00000E+00
    0.59950E+07    0.19440E-09    0.21837E-08    0.72561E-10    0.00000E+00    0.00000E+00    0.00000E+00
    0.60000E+07    0.18854E-09    0.23382E-08    0.54135E-10    0.00000E+00    0.00000E+00    0.00000E+00
    0.60050E+07    0.18147E-09    0.24948E-08    0.33435E-10    0.00000E+00    0.00000E+00    0.00000E+00
    0.60100E+07    0.17322E-09    0.26527E-08    0.10460E-10    0.00000E+00    0.00000E+00    0.00000E+00
    0.60150E+07    0.16379E-09    0.28109E-08   -0.14751E-10    0.00000E+00    0.00000E+00    0.00000E+00
    0.60200E+07    0.15325E-09    0.29682E-08   -0.42122E-10    0.00000E+00    0.00000E+00    0.00000E+00
    0.60250E+07    0.14169E-09    0.31236E-08   -0.71533E-10    0.00000E+00    0.00000E+00    0.00000E+00
    0.60300E+07    0.12920E-09    0.32757E-08   -0.10281E-09    0.00000E+00    0.00000E+00    0.00000E+00
    0.60350E+07    0.11596E-09    0.34232E-08   -0.13575E-09    0.00000E+00    0.00000E+00    0.00000E+00
    0.60400E+07    0.10213E-09    0.35647E-08   -0.17006E-09    0.00000E+00    0.00000E+00    0.00000E+00
    0.60450E+07    0.87954E-10    0.36987E-08   -0.20542E-09    0.00000E+00    0.00000E+00    0.00000E+00
    0.60500E+07    0.73689E-10    0.38237E-08   -0.24146E-09    0.00000E+00    0.00000E+00    0.00000E+00
    0.60550E+07    0.59638E-10    0.39381E-08   -0.27773E-09    0.00000E+00    0.00000E+00    0.00000E+00
    0.60600E+07    0.46142E-10    0.40405E-08   -0.31374E-09    0.00000E+00    0.00000E+00    0.00000E+00
    0.60650E+07    0.33578E-10    0.41292E-08   -0.34895E-09    0.00000E+00    0.00000E+00    0.00000E+00
    0.60700E+07    0.22358E-10    0.42029E-08   -0.38276E-09    0.00000E+00    0.00000E+00    0.00000E+00
    0.60750E+07    0.12922E-10    0.42599E-08   -0.41454E-09    0.00000E+00    0.00000E+00    0.00000E+00
    0.60800E+07    0.57349E-11    0.42991E-08   -0.44361E-09    0.00000E+00    0.00000E+00    0.00000E+00
    0.60850E+07    0.12797E-11    0.43191E-08   -0.46930E-09    0.00000E+00    0.00000E+00    0.00000E+00
    0.60900E+07    0.49010E-13    0.43189E-08   -0.49088E-09    0.00000E+00    0.00000E+00    0.00000E+00
    0.60950E+07    0.25358E-11    0.42976E-08   -0.50765E-09    0.00000E+00    0.00000E+00    0.00000E+00
    0.61000E+07    0.92228E-11    0.42545E-08   -0.51890E-09    0.00000E+00    0.00000E+00    0.00000E+00
    0.61050E+07    0.20571E-10    0.41891E-08   -0.52400E-09    0.00000E+00    0.00000E+00    0.00000E+00
    0.61100E+07    0.37005E-10    0.41013E-08   -0.52231E-09    0.00000E+00    0.00000E+00    0.00000E+00
    0.61150E+07    0.58903E-10    0.39910E-08   -0.51327E-09    0.00000E+00    0.00000E+00    0.00000E+00
    0.61200E+07    0.86578E-10    0.38589E-08   -0.49643E-09    0.00000E+00    0.00000E+00    0.00000E+00
    0.61250E+07    0.12026E-09    0.37056E-08   -0.47142E-09    0.00000E+00    0.00000E+00    0.00000E+00
    0.61300E+07    0.16010E-09    0.35321E-08   -0.43801E-09    0.00000E+00    0.00000E+00    0.00000E+00
    0.61350E+07    0.20613E-09    0.33400E-08   -0.39611E-09    0.00000E+00    0.00000E+00    0.00000E+00
    0.61400E+07    0.25825E-09    0.31312E-08   -0.34580E-09    0.00000E+00    0.00000E+00    0.00000E+00
    0.61450E+07    0.31624E-09    0.29076E-08   -0.28734E-09    0.00000E+00    0.00000E+00    0.00000E+00
    0.61500E+07    0.37973E-09    0.26720E-08   -0.22118E-09    0.00000E+00    0.00000E+00    0.00000E+00
    0.61550E+07    0.44821E-09    0.24271E-08   -0.14796E-09    0.00000E+00    0.00000E+00    0.00000E+00
    0.61600E+07    0.52097E-09    0.21761E-08   -0.68557E-10    0.00000E+00    0.00000E+00    0.00000E+00
    0.61650E+07    0.59720E-09    0.19224E-08    0.15954E-10    0.00000E+00    0.00000E+00    0.00000E+00
    0.61700E+07    0.67587E-09    0.16696E-08    0.10428E-09    0.00000E+00    0.00000E+00    0.00000E+00
    0.61750E+07    0.75584E-09    0.14216E-08    0.19494E-09    0.00000E+00    0.00000E+00    0.00000E+00
    0.61800E+07    0.83581E-09    0.11821E-08    0.28625E-09    0.00000E+00    0.00000E+00    0.00000E+00
    0.61850E+07    0.91438E-09    0.95517E-09    0.37640E-09    0.00000E+00    0.00000E+00    0.00000E+00
    0.61900E+07    0.99001E-09    0.74459E-09    0.46342E-09    0.00000E+00    0.00000E+00    0.00000E+00
    0.61950E+07    0.10611E-08    0.55408E-09    0.54524E-09    0.00000E+00    0.00000E+00    0.00000E+00
    0.62000E+07    0.11261E-08    0.38713E-09    0.61978E-09    0.00000E+00    0.00000E+00    0.00000E+00
    0.62049E+07    0.11827E-08    0.24841E-09    0.68420E-09    0.00000E+00    0.00000E+00    0.00000E+00
    0.62049E+07    0.12102E-08    0.25067E-09    0.70139E-09    0.00000E+00    0.00000E+00    0.00000E+00
    0.62075E+07    0.12273E-08    0.18980E-09    0.72629E-09    0.00000E+00    0.00000E+00    0.00000E+00
    0.62100E+07    0.12413E-08    0.13703E-09    0.74746E-09    0.00000E+00    0.00000E+00    0.00000E+00
    0.62150E+07    0.12603E-08    0.57468E-10    0.77820E-09    0.00000E+00    0.00000E+00    0.00000E+00
    0.62200E+07    0.12674E-08    0.11751E-10    0.79415E-09    0.00000E+00    0.00000E+00    0.00000E+00
    0.62250E+07    0.12630E-08    0.54499E-12    0.79549E-09    0.00000E+00    0.00000E+00    0.00000E+00
    0.62300E+07    0.12473E-08    0.23875E-10    0.78268E-09    0.00000E+00    0.00000E+00    0.00000E+00
    0.62350E+07    0.12211E-08    0.81154E-10    0.75641E-09    0.00000E+00    0.00000E+00    0.00000E+00
    0.62400E+07    0.11851E-08    0.17121E-09    0.71761E-09    0.00000E+00    0.00000E+00    0.00000E+00
    0.62450E+07    0.11402E-08    0.29235E-09    0.66737E-09    0.00000E+00    0.00000E+00    0.00000E+00
    0.62500E+07    0.10874E-08    0.44236E-09    0.60698E-09    0.00000E+00    0.00000E+00    0.00000E+00
    0.62550E+07    0.10279E-08    0.61864E-09    0.53780E-09    0.00000E+00    0.00000E+00    0.00000E+00
    0.62600E+07    0.96274E-09    0.81819E-09    0.46132E-09    0.00000E+00    0.00000E+00    0.00000E+00
    0.62650E+07    0.89327E-09    0.10377E-08    0.37906E-09    0.00000E+00    0.00000E+00    0.00000E+00
    0.62700E+07    0.82066E-09    0.12737E-08    0.29258E-09    0.00000E+00    0.00000E+00    0.00000E+00
    0.62750E+07    0.74611E-09    0.15225E-08    0.20343E-09    0.00000E+00    0.00000E+00    0.00000E+00
    0.62800E+07    0.67080E-09    0.17803E-08    0.11315E-09    0.00000E+00    0.00000E+00    0.00000E+00
    0.62850E+07    0.59586E-09    0.20432E-08    0.23192E-10    0.00000E+00    0.00000E+00    0.00000E+00
    0.62900E+07    0.52235E-09    0.23075E-08   -0.65044E-10    0.00000E+00    0.00000E+00    0.00000E+00
    0.62950E+07    0.45125E-09    0.25695E-08   -0.15027E-09    0.00000E+00    0.00000E+00    0.00000E+00
    0.63000E+07    0.38344E-09    0.28256E-08   -0.23133E-09    0.00000E+00    0.00000E+00    0.00000E+00
    0.63025E+07    0.35153E-09    0.29484E-08   -0.26934E-09    0.00000E+00    0.00000E+00    0.00000E+00
    0.63025E+07    0.28687E-09    0.31509E-08   -0.54428E-10    0.00000E+00    0.00000E+00    0.00000E+00
    0.63062E+07    0.26720E-09    0.33182E-08   -0.84369E-10    0.00000E+00    0.00000E+00    0.00000E+00
    0.63100E+07    0.24758E-09    0.34837E-08   -0.11446E-09    0.00000E+00    0.00000E+00    0.00000E+00
    0.63150E+07    0.22178E-09    0.36990E-08   -0.15438E-09    0.00000E+00    0.00000E+00    0.00000E+00
    0.63200E+07    0.19641E-09    0.39081E-08   -0.19406E-09    0.00000E+00    0.00000E+00    0.00000E+00
    0.63250E+07    0.17169E-09    0.41096E-08   -0.23320E-09    0.00000E+00    0.00000E+00    0.00000E+00
    0.63300E+07    0.14781E-09    0.43020E-08   -0.27149E-09    0.00000E+00    0.00000E+00    0.00000E+00
    0.63350E+07    0.12501E-09    0.44838E-08   -0.30865E-09    0.00000E+00    0.00000E+00    0.00000E+00
    0.63400E+07    0.10347E-09    0.46536E-08   -0.34433E-09    0.00000E+00    0.00000E+00    0.00000E+00
    0.63450E+07    0.83432E-10    0.48100E-08   -0.37823E-09    0.00000E+00    0.00000E+00    0.00000E+00
    0.63500E+07    0.65085E-10    0.49518E-08   -0.41004E-09    0.00000E+00    0.00000E+00    0.00000E+00
    0.63545E+07    0.50193E-10    0.50659E-08   -0.43663E-09    0.00000E+00    0.00000E+00    0.00000E+00
    0.63590E+07    0.36981E-10    0.51665E-08   -0.46106E-09    0.00000E+00    0.00000E+00    0.00000E+00
    0.63590E+07    0.82186E-10    0.35691E-08   -0.20065E-08    0.00000E+00    0.00000E+00    0.00000E+00
    0.63600E+07    0.60530E-10    0.35929E-08   -0.20349E-08    0.00000E+00    0.00000E+00    0.00000E+00
    0.63629E+07    0.16234E-10    0.36425E-08   -0.20950E-08    0.00000E+00    0.00000E+00    0.00000E+00
    0.63658E+07    0.65740E-13    0.36625E-08   -0.21210E-08    0.00000E+00    0.00000E+00    0.00000E+00
    0.63658E+07    0.85173E-11    0.45324E-09   -0.42080E-08    0.00000E+00    0.00000E+00    0.00000E+00
    0.63660E+07    0.27636E-27    0.45355E-09   -0.42137E-08    0.00000E+00    0.00000E+00    0.00000E+00
    0.63660E+07    0.00000E+00    0.00000E+00    0.00000E+00    0.00000E+00    0.00000E+00    0.00000E+00
    0.63710E+07    0.00000E+00    0.00000E+00    0.00000E+00    0.00000E+00    0.00000E+00    0.00000E+00
