    0.34800E+07    0.00000E+00    0.00000E+00    0.00000E+00    0.00000E+00    0.00000E+00    0.00000E+00
    0.34850E+07    0.00000E+00    0.00000E+00    0.00000E+00    0.00000E+00    0.00000E+00    0.00000E+00
    0.34900E+07    0.00000E+00    0.00000E+00    0.00000E+00    0.00000E+00    0.00000E+00    0.00000E+00
    0.34950E+07    0.00000E+00    0.00000E+00    0.00000E+00    0.00000E+00    0.00000E+00    0.00000E+00
    0.35000E+07    0.00000E+00    0.00000E+00    0.00000E+00    0.00000E+00    0.00000E+00    0.00000E+00
    0.35050E+07    0.00000E+00    0.00000E+00    0.00000E+00    0.00000E+00    0.00000E+00    0.00000E+00
    0.35100E+07    0.00000E+00    0.00000E+00    0.00000E+00    0.00000E+00    0.00000E+00    0.00000E+00
    0.35150E+07    0.00000E+00    0.00000E+00    0.00000E+00    0.00000E+00    0.00000E+00    0.00000E+00
    0.35200E+07    0.00000E+00    0.00000E+00    0.00000E+00    0.00000E+00    0.00000E+00    0.00000E+00
    0.35250E+07    0.00000E+00    0.00000E+00    0.00000E+00    0.00000E+00    0.00000E+00    0.00000E+00
    0.35300E+07    0.00000E+00    0.00000E+00    0.00000E+00    0.00000E+00    0.00000E+00    0.00000E+00
    0.35350E+07    0.00000E+00    0.00000E+00    0.00000E+00    0.00000E+00    0.00000E+00    0.00000E+00
    0.35400E+07    0.00000E+00    0.00000E+00    0.00000E+00    0.00000E+00    0.00000E+00    0.00000E+00
    0.35450E+07    0.00000E+00    0.00000E+00    0.00000E+00    0.00000E+00    0.00000E+00    0.00000E+00
    0.35500E+07    0.00000E+00    0.00000E+00    0.00000E+00    0.00000E+00    0.00000E+00    0.00000E+00
    0.35550E+07    0.00000E+00    0.00000E+00    0.00000E+00    0.00000E+00    0.00000E+00    0.00000E+00
    0.35600E+07    0.00000E+00    0.00000E+00    0.00000E+00    0.00000E+00    0.00000E+00    0.00000E+00
    0.35650E+07    0.00000E+00    0.00000E+00    0.00000E+00    0.00000E+00    0.00000E+00    0.00000E+00
    0.35700E+07    0.00000E+00    0.00000E+00    0.00000E+00    0.00000E+00    0.00000E+00    0.00000E+00
    0.35750E+07    0.00000E+00    0.00000E+00    0.00000E+00    0.00000E+00    0.00000E+00    0.00000E+00
    0.35800E+07    0.00000E+00    0.00000E+00    0.00000E+00    0.00000E+00    0.00000E+00    0.00000E+00
    0.35850E+07    0.00000E+00    0.00000E+00    0.00000E+00    0.00000E+00    0.00000E+00    0.00000E+00
    0.35900E+07    0.00000E+00    0.00000E+00    0.00000E+00    0.00000E+00    0.00000E+00    0.00000E+00
    0.35950E+07    0.00000E+00    0.00000E+00    0.00000E+00    0.00000E+00    0.00000E+00    0.00000E+00
    0.36000E+07    0.00000E+00    0.00000E+00    0.00000E+00    0.00000E+00    0.00000E+00    0.00000E+00
    0.36050E+07    0.00000E+00    0.00000E+00    0.00000E+00    0.00000E+00    0.00000E+00    0.00000E+00
    0.36100E+07    0.00000E+00    0.00000E+00    0.00000E+00    0.00000E+00    0.00000E+00    0.00000E+00
    0.36150E+07    0.00000E+00    0.00000E+00    0.00000E+00    0.00000E+00    0.00000E+00    0.00000E+00
    0.36200E+07    0.00000E+00    0.00000E+00    0.00000E+00    0.00000E+00    0.00000E+00    0.00000E+00
    0.36250E+07    0.00000E+00    0.00000E+00    0.00000E+00    0.00000E+00    0.00000E+00    0.00000E+00
    0.36300E+07    0.00000E+00    0.00000E+00    0.00000E+00    0.00000E+00    0.00000E+00    0.00000E+00
    0.36300E+07    0.00000E+00    0.00000E+00    0.00000E+00    0.00000E+00    0.00000E+00    0.00000E+00
    0.36350E+07    0.00000E+00    0.00000E+00    0.00000E+00    0.00000E+00    0.00000E+00    0.00000E+00
    0.36400E+07    0.00000E+00    0.00000E+00    0.00000E+00    0.00000E+00    0.00000E+00    0.00000E+00
    0.36450E+07    0.00000E+00    0.00000E+00    0.00000E+00    0.00000E+00    0.00000E+00    0.00000E+00
    0.36500E+07    0.00000E+00    0.00000E+00    0.00000E+00    0.00000E+00    0.00000E+00    0.00000E+00
    0.36550E+07    0.00000E+00    0.00000E+00    0.00000E+00    0.00000E+00    0.00000E+00    0.00000E+00
    0.36600E+07    0.00000E+00    0.00000E+00    0.00000E+00    0.00000E+00    0.00000E+00    0.00000E+00
    0.36650E+07    0.00000E+00    0.00000E+00    0.00000E+00    0.00000E+00    0.00000E+00    0.00000E+00
    0.36700E+07    0.00000E+00    0.00000E+00    0.00000E+00    0.00000E+00    0.00000E+00    0.00000E+00
    0.36750E+07    0.00000E+00    0.00000E+00    0.00000E+00    0.00000E+00    0.00000E+00    0.00000E+00
    0.36800E+07    0.00000E+00    0.00000E+00    0.00000E+00    0.00000E+00    0.00000E+00    0.00000E+00
    0.36850E+07    0.00000E+00    0.00000E+00    0.00000E+00    0.00000E+00    0.00000E+00    0.00000E+00
    0.36900E+07    0.00000E+00    0.00000E+00    0.00000E+00    0.00000E+00    0.00000E+00    0.00000E+00
    0.36950E+07    0.00000E+00    0.00000E+00    0.00000E+00    0.00000E+00    0.00000E+00    0.00000E+00
    0.37000E+07    0.00000E+00    0.00000E+00    0.00000E+00    0.00000E+00    0.00000E+00    0.00000E+00
    0.37050E+07    0.00000E+00    0.00000E+00    0.00000E+00    0.00000E+00    0.00000E+00    0.00000E+00
    0.37100E+07    0.00000E+00    0.00000E+00    0.00000E+00    0.00000E+00    0.00000E+00    0.00000E+00
    0.37150E+07    0.00000E+00    0.00000E+00    0.00000E+00    0.00000E+00    0.00000E+00    0.00000E+00
    0.37200E+07    0.00000E+00    0.00000E+00    0.00000E+00    0.00000E+00    0.00000E+00    0.00000E+00
    0.37250E+07    0.00000E+00    0.00000E+00    0.00000E+00    0.00000E+00    0.00000E+00    0.00000E+00
    0.37300E+07    0.00000E+00    0.00000E+00    0.00000E+00    0.00000E+00    0.00000E+00    0.00000E+00
    0.37350E+07    0.00000E+00    0.00000E+00    0.00000E+00    0.00000E+00    0.00000E+00    0.00000E+00
    0.37400E+07    0.00000E+00    0.00000E+00    0.00000E+00    0.00000E+00    0.00000E+00    0.00000E+00
    0.37450E+07    0.00000E+00    0.00000E+00    0.00000E+00    0.00000E+00    0.00000E+00    0.00000E+00
    0.37500E+07    0.00000E+00    0.00000E+00    0.00000E+00    0.00000E+00    0.00000E+00    0.00000E+00
    0.37550E+07    0.00000E+00    0.00000E+00    0.00000E+00    0.00000E+00    0.00000E+00    0.00000E+00
    0.37600E+07    0.00000E+00    0.00000E+00    0.00000E+00    0.00000E+00    0.00000E+00    0.00000E+00
    0.37650E+07    0.00000E+00    0.00000E+00    0.00000E+00    0.00000E+00    0.00000E+00    0.00000E+00
    0.37700E+07    0.00000E+00    0.00000E+00    0.00000E+00    0.00000E+00    0.00000E+00    0.00000E+00
    0.37750E+07    0.00000E+00    0.00000E+00    0.00000E+00    0.00000E+00    0.00000E+00    0.00000E+00
    0.37800E+07    0.00000E+00    0.00000E+00    0.00000E+00    0.00000E+00    0.00000E+00    0.00000E+00
    0.37850E+07    0.00000E+00    0.00000E+00    0.00000E+00    0.00000E+00    0.00000E+00    0.00000E+00
    0.37900E+07    0.00000E+00    0.00000E+00    0.00000E+00    0.00000E+00    0.00000E+00    0.00000E+00
    0.37950E+07    0.00000E+00    0.00000E+00    0.00000E+00    0.00000E+00    0.00000E+00    0.00000E+00
    0.38000E+07    0.00000E+00    0.00000E+00    0.00000E+00    0.00000E+00    0.00000E+00    0.00000E+00
    0.38050E+07    0.00000E+00    0.00000E+00    0.00000E+00    0.00000E+00    0.00000E+00    0.00000E+00
    0.38100E+07    0.00000E+00    0.00000E+00    0.00000E+00    0.00000E+00    0.00000E+00    0.00000E+00
    0.38150E+07    0.00000E+00    0.00000E+00    0.00000E+00    0.00000E+00    0.00000E+00    0.00000E+00
    0.38200E+07    0.00000E+00    0.00000E+00    0.00000E+00    0.00000E+00    0.00000E+00    0.00000E+00
    0.38250E+07    0.00000E+00    0.00000E+00    0.00000E+00    0.00000E+00    0.00000E+00    0.00000E+00
    0.38300E+07    0.00000E+00    0.00000E+00    0.00000E+00    0.00000E+00    0.00000E+00    0.00000E+00
    0.38350E+07    0.00000E+00    0.00000E+00    0.00000E+00    0.00000E+00    0.00000E+00    0.00000E+00
    0.38400E+07    0.00000E+00    0.00000E+00    0.00000E+00    0.00000E+00    0.00000E+00    0.00000E+00
    0.38450E+07    0.00000E+00    0.00000E+00    0.00000E+00    0.00000E+00    0.00000E+00    0.00000E+00
    0.38500E+07    0.00000E+00    0.00000E+00    0.00000E+00    0.00000E+00    0.00000E+00    0.00000E+00
    0.38550E+07    0.00000E+00    0.00000E+00    0.00000E+00    0.00000E+00    0.00000E+00    0.00000E+00
    0.38600E+07    0.00000E+00    0.00000E+00    0.00000E+00    0.00000E+00    0.00000E+00    0.00000E+00
    0.38650E+07    0.00000E+00    0.00000E+00    0.00000E+00    0.00000E+00    0.00000E+00    0.00000E+00
    0.38700E+07    0.00000E+00    0.00000E+00    0.00000E+00    0.00000E+00    0.00000E+00    0.00000E+00
    0.38750E+07    0.00000E+00    0.00000E+00    0.00000E+00    0.00000E+00    0.00000E+00    0.00000E+00
    0.38800E+07    0.00000E+00    0.00000E+00    0.00000E+00    0.00000E+00    0.00000E+00    0.00000E+00
    0.38850E+07    0.00000E+00    0.00000E+00    0.00000E+00    0.00000E+00    0.00000E+00    0.00000E+00
    0.38900E+07    0.00000E+00    0.00000E+00    0.00000E+00    0.00000E+00    0.00000E+00    0.00000E+00
    0.38950E+07    0.00000E+00    0.00000E+00    0.00000E+00    0.00000E+00    0.00000E+00    0.00000E+00
    0.39000E+07    0.00000E+00    0.00000E+00    0.00000E+00    0.00000E+00    0.00000E+00    0.00000E+00
    0.39050E+07    0.00000E+00    0.00000E+00    0.00000E+00    0.00000E+00    0.00000E+00    0.00000E+00
    0.39100E+07    0.00000E+00    0.00000E+00    0.00000E+00    0.00000E+00    0.00000E+00    0.00000E+00
    0.39150E+07    0.00000E+00    0.00000E+00    0.00000E+00    0.00000E+00    0.00000E+00    0.00000E+00
    0.39200E+07    0.00000E+00    0.00000E+00    0.00000E+00    0.00000E+00    0.00000E+00    0.00000E+00
    0.39250E+07    0.00000E+00    0.00000E+00    0.00000E+00    0.00000E+00    0.00000E+00    0.00000E+00
    0.39300E+07    0.00000E+00    0.00000E+00    0.00000E+00    0.00000E+00    0.00000E+00    0.00000E+00
    0.39350E+07    0.00000E+00    0.00000E+00    0.00000E+00    0.00000E+00    0.00000E+00    0.00000E+00
    0.39400E+07    0.00000E+00    0.00000E+00    0.00000E+00    0.00000E+00    0.00000E+00    0.00000E+00
    0.39450E+07    0.00000E+00    0.00000E+00    0.00000E+00    0.00000E+00    0.00000E+00    0.00000E+00
    0.39500E+07    0.00000E+00    0.00000E+00    0.00000E+00    0.00000E+00    0.00000E+00    0.00000E+00
    0.39550E+07    0.00000E+00    0.00000E+00    0.00000E+00    0.00000E+00    0.00000E+00    0.00000E+00
    0.39600E+07    0.00000E+00    0.00000E+00    0.00000E+00    0.00000E+00    0.00000E+00    0.00000E+00
    0.39650E+07    0.00000E+00    0.00000E+00    0.00000E+00    0.00000E+00    0.00000E+00    0.00000E+00
    0.39700E+07    0.00000E+00    0.00000E+00    0.00000E+00    0.00000E+00    0.00000E+00    0.00000E+00
    0.39750E+07    0.00000E+00    0.00000E+00    0.00000E+00    0.00000E+00    0.00000E+00    0.00000E+00
    0.39800E+07    0.00000E+00    0.00000E+00    0.00000E+00    0.00000E+00    0.00000E+00    0.00000E+00
    0.39850E+07    0.00000E+00    0.00000E+00    0.00000E+00    0.00000E+00    0.00000E+00    0.00000E+00
    0.39900E+07    0.00000E+00    0.00000E+00    0.00000E+00    0.00000E+00    0.00000E+00    0.00000E+00
    0.39950E+07    0.00000E+00    0.00000E+00    0.00000E+00    0.00000E+00    0.00000E+00    0.00000E+00
    0.40000E+07    0.00000E+00    0.00000E+00    0.00000E+00    0.00000E+00    0.00000E+00    0.00000E+00
    0.40050E+07    0.00000E+00    0.00000E+00    0.00000E+00    0.00000E+00    0.00000E+00    0.00000E+00
    0.40100E+07    0.00000E+00    0.00000E+00    0.00000E+00    0.00000E+00    0.00000E+00    0.00000E+00
    0.40150E+07    0.00000E+00    0.00000E+00    0.00000E+00    0.00000E+00    0.00000E+00    0.00000E+00
    0.40200E+07    0.00000E+00    0.00000E+00    0.00000E+00    0.00000E+00    0.00000E+00    0.00000E+00
    0.40250E+07    0.00000E+00    0.00000E+00    0.00000E+00    0.00000E+00    0.00000E+00    0.00000E+00
    0.40300E+07    0.00000E+00    0.00000E+00    0.00000E+00    0.00000E+00    0.00000E+00    0.00000E+00
    0.40350E+07    0.00000E+00    0.00000E+00    0.00000E+00    0.00000E+00    0.00000E+00    0.00000E+00
    0.40400E+07    0.00000E+00    0.00000E+00    0.00000E+00    0.00000E+00    0.00000E+00    0.00000E+00
    0.40450E+07    0.00000E+00    0.00000E+00    0.00000E+00    0.00000E+00    0.00000E+00    0.00000E+00
    0.40500E+07    0.00000E+00    0.00000E+00    0.00000E+00    0.00000E+00    0.00000E+00    0.00000E+00
    0.40550E+07    0.00000E+00    0.00000E+00    0.00000E+00    0.00000E+00    0.00000E+00    0.00000E+00
    0.40600E+07    0.00000E+00    0.00000E+00    0.00000E+00    0.00000E+00    0.00000E+00    0.00000E+00
    0.40650E+07    0.00000E+00    0.00000E+00    0.00000E+00    0.00000E+00    0.00000E+00    0.00000E+00
    0.40700E+07    0.00000E+00    0.00000E+00    0.00000E+00    0.00000E+00    0.00000E+00    0.00000E+00
    0.40750E+07    0.00000E+00    0.00000E+00    0.00000E+00    0.00000E+00    0.00000E+00    0.00000E+00
    0.40800E+07    0.00000E+00    0.00000E+00    0.00000E+00    0.00000E+00    0.00000E+00    0.00000E+00
    0.40850E+07    0.00000E+00    0.00000E+00    0.00000E+00    0.00000E+00    0.00000E+00    0.00000E+00
    0.40900E+07    0.00000E+00    0.00000E+00    0.00000E+00    0.00000E+00    0.00000E+00    0.00000E+00
    0.40950E+07    0.00000E+00    0.00000E+00    0.00000E+00    0.00000E+00    0.00000E+00    0.00000E+00
    0.41000E+07    0.00000E+00    0.00000E+00    0.00000E+00    0.00000E+00    0.00000E+00    0.00000E+00
    0.41050E+07    0.00000E+00    0.00000E+00    0.00000E+00    0.00000E+00    0.00000E+00    0.00000E+00
    0.41100E+07    0.00000E+00    0.00000E+00    0.00000E+00    0.00000E+00    0.00000E+00    0.00000E+00
    0.41150E+07    0.00000E+00    0.00000E+00    0.00000E+00    0.00000E+00    0.00000E+00    0.00000E+00
    0.41200E+07    0.00000E+00    0.00000E+00    0.00000E+00    0.00000E+00    0.00000E+00    0.00000E+00
    0.41250E+07    0.00000E+00    0.00000E+00    0.00000E+00    0.00000E+00    0.00000E+00    0.00000E+00
    0.41300E+07    0.00000E+00    0.00000E+00    0.00000E+00    0.00000E+00    0.00000E+00    0.00000E+00
    0.41350E+07    0.00000E+00    0.00000E+00    0.00000E+00    0.00000E+00    0.00000E+00    0.00000E+00
    0.41400E+07    0.00000E+00    0.00000E+00    0.00000E+00    0.00000E+00    0.00000E+00    0.00000E+00
    0.41450E+07    0.00000E+00    0.00000E+00    0.00000E+00    0.00000E+00    0.00000E+00    0.00000E+00
    0.41500E+07    0.00000E+00    0.00000E+00    0.00000E+00    0.00000E+00    0.00000E+00    0.00000E+00
    0.41550E+07    0.00000E+00    0.00000E+00    0.00000E+00    0.00000E+00    0.00000E+00    0.00000E+00
    0.41600E+07    0.00000E+00    0.00000E+00    0.00000E+00    0.00000E+00    0.00000E+00    0.00000E+00
    0.41650E+07    0.00000E+00    0.00000E+00    0.00000E+00    0.00000E+00    0.00000E+00    0.00000E+00
    0.41700E+07    0.00000E+00    0.00000E+00    0.00000E+00    0.00000E+00    0.00000E+00    0.00000E+00
    0.41750E+07    0.00000E+00    0.00000E+00    0.00000E+00    0.00000E+00    0.00000E+00    0.00000E+00
    0.41800E+07    0.00000E+00    0.00000E+00    0.00000E+00    0.00000E+00    0.00000E+00    0.00000E+00
    0.41850E+07    0.00000E+00    0.00000E+00    0.00000E+00    0.00000E+00    0.00000E+00    0.00000E+00
    0.41900E+07    0.00000E+00    0.00000E+00    0.00000E+00    0.00000E+00    0.00000E+00    0.00000E+00
    0.41950E+07    0.00000E+00    0.00000E+00    0.00000E+00    0.00000E+00    0.00000E+00    0.00000E+00
    0.42000E+07    0.00000E+00    0.00000E+00    0.00000E+00    0.00000E+00    0.00000E+00    0.00000E+00
    0.42050E+07    0.00000E+00    0.00000E+00    0.00000E+00    0.00000E+00    0.00000E+00    0.00000E+00
    0.42100E+07    0.00000E+00    0.00000E+00    0.00000E+00    0.00000E+00    0.00000E+00    0.00000E+00
    0.42150E+07    0.00000E+00    0.00000E+00    0.00000E+00    0.00000E+00    0.00000E+00    0.00000E+00
    0.42200E+07    0.00000E+00    0.00000E+00    0.00000E+00    0.00000E+00    0.00000E+00    0.00000E+00
    0.42250E+07    0.00000E+00    0.00000E+00    0.00000E+00    0.00000E+00    0.00000E+00    0.00000E+00
    0.42300E+07    0.00000E+00    0.00000E+00    0.00000E+00    0.00000E+00    0.00000E+00    0.00000E+00
    0.42350E+07    0.00000E+00    0.00000E+00    0.00000E+00    0.00000E+00    0.00000E+00    0.00000E+00
    0.42400E+07    0.00000E+00    0.00000E+00    0.00000E+00    0.00000E+00    0.00000E+00    0.00000E+00
    0.42450E+07    0.00000E+00    0.00000E+00    0.00000E+00    0.00000E+00    0.00000E+00    0.00000E+00
    0.42500E+07    0.00000E+00    0.00000E+00    0.00000E+00    0.00000E+00    0.00000E+00    0.00000E+00
    0.42550E+07    0.00000E+00    0.00000E+00    0.00000E+00    0.00000E+00    0.00000E+00    0.00000E+00
    0.42600E+07    0.00000E+00    0.00000E+00    0.00000E+00    0.00000E+00    0.00000E+00    0.00000E+00
    0.42650E+07    0.00000E+00    0.00000E+00    0.00000E+00    0.00000E+00    0.00000E+00    0.00000E+00
    0.42700E+07    0.00000E+00    0.00000E+00    0.00000E+00    0.00000E+00    0.00000E+00    0.00000E+00
    0.42750E+07    0.00000E+00    0.00000E+00    0.00000E+00    0.00000E+00    0.00000E+00    0.00000E+00
    0.42800E+07    0.00000E+00    0.00000E+00    0.00000E+00    0.00000E+00    0.00000E+00    0.00000E+00
    0.42850E+07    0.00000E+00    0.00000E+00    0.00000E+00    0.00000E+00    0.00000E+00    0.00000E+00
    0.42900E+07    0.00000E+00    0.00000E+00    0.00000E+00    0.00000E+00    0.00000E+00    0.00000E+00
    0.42950E+07    0.00000E+00    0.00000E+00    0.00000E+00    0.00000E+00    0.00000E+00    0.00000E+00
    0.43000E+07    0.00000E+00    0.00000E+00    0.00000E+00    0.00000E+00    0.00000E+00    0.00000E+00
    0.43050E+07    0.00000E+00    0.00000E+00    0.00000E+00    0.00000E+00    0.00000E+00    0.00000E+00
    0.43100E+07    0.00000E+00    0.00000E+00    0.00000E+00    0.00000E+00    0.00000E+00    0.00000E+00
    0.43150E+07    0.00000E+00    0.00000E+00    0.00000E+00    0.00000E+00    0.00000E+00    0.00000E+00
    0.43200E+07    0.00000E+00    0.00000E+00    0.00000E+00    0.00000E+00    0.00000E+00    0.00000E+00
    0.43250E+07    0.00000E+00    0.00000E+00    0.00000E+00    0.00000E+00    0.00000E+00    0.00000E+00
    0.43300E+07    0.00000E+00    0.00000E+00    0.00000E+00    0.00000E+00    0.00000E+00    0.00000E+00
    0.43350E+07    0.00000E+00    0.00000E+00    0.00000E+00    0.00000E+00    0.00000E+00    0.00000E+00
    0.43400E+07    0.00000E+00    0.00000E+00    0.00000E+00    0.00000E+00    0.00000E+00    0.00000E+00
    0.43450E+07    0.00000E+00    0.00000E+00    0.00000E+00    0.00000E+00    0.00000E+00    0.00000E+00
    0.43500E+07    0.00000E+00    0.00000E+00    0.00000E+00    0.00000E+00    0.00000E+00    0.00000E+00
    0.43550E+07    0.00000E+00    0.00000E+00    0.00000E+00    0.00000E+00    0.00000E+00    0.00000E+00
    0.43600E+07    0.00000E+00    0.00000E+00    0.00000E+00    0.00000E+00    0.00000E+00    0.00000E+00
    0.43650E+07    0.00000E+00    0.00000E+00    0.00000E+00    0.00000E+00    0.00000E+00    0.00000E+00
    0.43700E+07    0.00000E+00    0.00000E+00    0.00000E+00    0.00000E+00    0.00000E+00    0.00000E+00
    0.43750E+07    0.00000E+00    0.00000E+00    0.00000E+00    0.00000E+00    0.00000E+00    0.00000E+00
    0.43800E+07    0.00000E+00    0.00000E+00    0.00000E+00    0.00000E+00    0.00000E+00    0.00000E+00
    0.43850E+07    0.00000E+00    0.00000E+00    0.00000E+00    0.00000E+00    0.00000E+00    0.00000E+00
    0.43900E+07    0.00000E+00    0.00000E+00    0.00000E+00    0.00000E+00    0.00000E+00    0.00000E+00
    0.43950E+07    0.00000E+00    0.00000E+00    0.00000E+00    0.00000E+00    0.00000E+00    0.00000E+00
    0.44000E+07    0.00000E+00    0.00000E+00    0.00000E+00    0.00000E+00    0.00000E+00    0.00000E+00
    0.44050E+07    0.00000E+00    0.00000E+00    0.00000E+00    0.00000E+00    0.00000E+00    0.00000E+00
    0.44100E+07    0.00000E+00    0.00000E+00    0.00000E+00    0.00000E+00    0.00000E+00    0.00000E+00
    0.44150E+07    0.00000E+00    0.00000E+00    0.00000E+00    0.00000E+00    0.00000E+00    0.00000E+00
    0.44200E+07    0.00000E+00    0.00000E+00    0.00000E+00    0.00000E+00    0.00000E+00    0.00000E+00
    0.44250E+07    0.00000E+00    0.00000E+00    0.00000E+00    0.00000E+00    0.00000E+00    0.00000E+00
    0.44300E+07    0.00000E+00    0.00000E+00    0.00000E+00    0.00000E+00    0.00000E+00    0.00000E+00
    0.44350E+07    0.00000E+00    0.00000E+00    0.00000E+00    0.00000E+00    0.00000E+00    0.00000E+00
    0.44400E+07    0.00000E+00    0.00000E+00    0.00000E+00    0.00000E+00    0.00000E+00    0.00000E+00
    0.44450E+07    0.00000E+00    0.00000E+00    0.00000E+00    0.00000E+00    0.00000E+00    0.00000E+00
    0.44500E+07    0.00000E+00    0.00000E+00    0.00000E+00    0.00000E+00    0.00000E+00    0.00000E+00
    0.44550E+07    0.00000E+00    0.00000E+00    0.00000E+00    0.00000E+00    0.00000E+00    0.00000E+00
    0.44600E+07    0.00000E+00    0.00000E+00    0.00000E+00    0.00000E+00    0.00000E+00    0.00000E+00
    0.44650E+07    0.00000E+00    0.00000E+00    0.00000E+00    0.00000E+00    0.00000E+00    0.00000E+00
    0.44700E+07    0.00000E+00    0.00000E+00    0.00000E+00    0.00000E+00    0.00000E+00    0.00000E+00
    0.44750E+07    0.00000E+00    0.00000E+00    0.00000E+00    0.00000E+00    0.00000E+00    0.00000E+00
    0.44800E+07    0.00000E+00    0.00000E+00    0.00000E+00    0.00000E+00    0.00000E+00    0.00000E+00
    0.44850E+07    0.00000E+00    0.00000E+00    0.00000E+00    0.00000E+00    0.00000E+00    0.00000E+00
    0.44900E+07    0.00000E+00    0.00000E+00    0.00000E+00    0.00000E+00    0.00000E+00    0.00000E+00
    0.44950E+07    0.00000E+00    0.00000E+00    0.00000E+00    0.00000E+00    0.00000E+00    0.00000E+00
    0.45000E+07    0.00000E+00    0.00000E+00    0.00000E+00    0.00000E+00    0.00000E+00    0.00000E+00
    0.45050E+07    0.00000E+00    0.00000E+00    0.00000E+00    0.00000E+00    0.00000E+00    0.00000E+00
    0.45100E+07    0.00000E+00    0.00000E+00    0.00000E+00    0.00000E+00    0.00000E+00    0.00000E+00
    0.45150E+07    0.00000E+00    0.00000E+00    0.00000E+00    0.00000E+00    0.00000E+00    0.00000E+00
    0.45200E+07    0.00000E+00    0.00000E+00    0.00000E+00    0.00000E+00    0.00000E+00    0.00000E+00
    0.45250E+07    0.00000E+00    0.00000E+00    0.00000E+00    0.00000E+00    0.00000E+00    0.00000E+00
    0.45300E+07    0.00000E+00    0.00000E+00    0.00000E+00    0.00000E+00    0.00000E+00    0.00000E+00
    0.45350E+07    0.00000E+00    0.00000E+00    0.00000E+00    0.00000E+00    0.00000E+00    0.00000E+00
    0.45400E+07    0.00000E+00    0.00000E+00    0.00000E+00    0.00000E+00    0.00000E+00    0.00000E+00
    0.45450E+07    0.00000E+00    0.00000E+00    0.00000E+00    0.00000E+00    0.00000E+00    0.00000E+00
    0.45500E+07    0.00000E+00    0.00000E+00    0.00000E+00    0.00000E+00    0.00000E+00    0.00000E+00
    0.45550E+07    0.00000E+00    0.00000E+00    0.00000E+00    0.00000E+00    0.00000E+00    0.00000E+00
    0.45600E+07    0.00000E+00    0.00000E+00    0.00000E+00    0.00000E+00    0.00000E+00    0.00000E+00
    0.45650E+07    0.00000E+00    0.00000E+00    0.00000E+00    0.00000E+00    0.00000E+00    0.00000E+00
    0.45700E+07    0.00000E+00    0.00000E+00    0.00000E+00    0.00000E+00    0.00000E+00    0.00000E+00
    0.45750E+07    0.00000E+00    0.00000E+00    0.00000E+00    0.00000E+00    0.00000E+00    0.00000E+00
    0.45800E+07    0.00000E+00    0.00000E+00    0.00000E+00    0.00000E+00    0.00000E+00    0.00000E+00
    0.45850E+07    0.00000E+00    0.00000E+00    0.00000E+00    0.00000E+00    0.00000E+00    0.00000E+00
    0.45900E+07    0.00000E+00    0.00000E+00    0.00000E+00    0.00000E+00    0.00000E+00    0.00000E+00
    0.45950E+07    0.00000E+00    0.00000E+00    0.00000E+00    0.00000E+00    0.00000E+00    0.00000E+00
    0.46000E+07    0.00000E+00    0.00000E+00    0.00000E+00    0.00000E+00    0.00000E+00    0.00000E+00
    0.46050E+07    0.00000E+00    0.00000E+00    0.00000E+00    0.00000E+00    0.00000E+00    0.00000E+00
    0.46100E+07    0.00000E+00    0.00000E+00    0.00000E+00    0.00000E+00    0.00000E+00    0.00000E+00
    0.46150E+07    0.00000E+00    0.00000E+00    0.00000E+00    0.00000E+00    0.00000E+00    0.00000E+00
    0.46200E+07    0.00000E+00    0.00000E+00    0.00000E+00    0.00000E+00    0.00000E+00    0.00000E+00
    0.46250E+07    0.00000E+00    0.00000E+00    0.00000E+00    0.00000E+00    0.00000E+00    0.00000E+00
    0.46300E+07    0.00000E+00    0.00000E+00    0.00000E+00    0.00000E+00    0.00000E+00    0.00000E+00
    0.46350E+07    0.00000E+00    0.00000E+00    0.00000E+00    0.00000E+00    0.00000E+00    0.00000E+00
    0.46400E+07    0.00000E+00    0.00000E+00    0.00000E+00    0.00000E+00    0.00000E+00    0.00000E+00
    0.46450E+07    0.00000E+00    0.00000E+00    0.00000E+00    0.00000E+00    0.00000E+00    0.00000E+00
    0.46500E+07    0.00000E+00    0.00000E+00    0.00000E+00    0.00000E+00    0.00000E+00    0.00000E+00
    0.46550E+07    0.00000E+00    0.00000E+00    0.00000E+00    0.00000E+00    0.00000E+00    0.00000E+00
    0.46600E+07    0.00000E+00    0.00000E+00    0.00000E+00    0.00000E+00    0.00000E+00    0.00000E+00
    0.46650E+07    0.00000E+00    0.00000E+00    0.00000E+00    0.00000E+00    0.00000E+00    0.00000E+00
    0.46700E+07    0.00000E+00    0.00000E+00    0.00000E+00    0.00000E+00    0.00000E+00    0.00000E+00
    0.46750E+07    0.00000E+00    0.00000E+00    0.00000E+00    0.00000E+00    0.00000E+00    0.00000E+00
    0.46800E+07    0.00000E+00    0.00000E+00    0.00000E+00    0.00000E+00    0.00000E+00    0.00000E+00
    0.46850E+07    0.00000E+00    0.00000E+00    0.00000E+00    0.00000E+00    0.00000E+00    0.00000E+00
    0.46900E+07    0.00000E+00    0.00000E+00    0.00000E+00    0.00000E+00    0.00000E+00    0.00000E+00
    0.46950E+07    0.00000E+00    0.00000E+00    0.00000E+00    0.00000E+00    0.00000E+00    0.00000E+00
    0.47000E+07    0.00000E+00    0.00000E+00    0.00000E+00    0.00000E+00    0.00000E+00    0.00000E+00
    0.47050E+07    0.00000E+00    0.00000E+00    0.00000E+00    0.00000E+00    0.00000E+00    0.00000E+00
    0.47100E+07    0.00000E+00    0.00000E+00    0.00000E+00    0.00000E+00    0.00000E+00    0.00000E+00
    0.47150E+07    0.00000E+00    0.00000E+00    0.00000E+00    0.00000E+00    0.00000E+00    0.00000E+00
    0.47200E+07    0.00000E+00    0.00000E+00    0.00000E+00    0.00000E+00    0.00000E+00    0.00000E+00
    0.47250E+07    0.00000E+00    0.00000E+00    0.00000E+00    0.00000E+00    0.00000E+00    0.00000E+00
    0.47300E+07    0.00000E+00    0.00000E+00    0.00000E+00    0.00000E+00    0.00000E+00    0.00000E+00
    0.47350E+07    0.00000E+00    0.00000E+00    0.00000E+00    0.00000E+00    0.00000E+00    0.00000E+00
    0.47400E+07    0.00000E+00    0.00000E+00    0.00000E+00    0.00000E+00    0.00000E+00    0.00000E+00
    0.47450E+07    0.00000E+00    0.00000E+00    0.00000E+00    0.00000E+00    0.00000E+00    0.00000E+00
    0.47500E+07    0.00000E+00    0.00000E+00    0.00000E+00    0.00000E+00    0.00000E+00    0.00000E+00
    0.47550E+07    0.00000E+00    0.00000E+00    0.00000E+00    0.00000E+00    0.00000E+00    0.00000E+00
    0.47600E+07    0.00000E+00    0.00000E+00    0.00000E+00    0.00000E+00    0.00000E+00    0.00000E+00
    0.47650E+07    0.00000E+00    0.00000E+00    0.00000E+00    0.00000E+00    0.00000E+00    0.00000E+00
    0.47700E+07    0.00000E+00    0.00000E+00    0.00000E+00    0.00000E+00    0.00000E+00    0.00000E+00
    0.47750E+07    0.00000E+00    0.00000E+00    0.00000E+00    0.00000E+00    0.00000E+00    0.00000E+00
    0.47800E+07    0.00000E+00    0.00000E+00    0.00000E+00    0.00000E+00    0.00000E+00    0.00000E+00
    0.47850E+07    0.00000E+00    0.00000E+00    0.00000E+00    0.00000E+00    0.00000E+00    0.00000E+00
    0.47900E+07    0.00000E+00    0.00000E+00    0.00000E+00    0.00000E+00    0.00000E+00    0.00000E+00
    0.47950E+07    0.00000E+00    0.00000E+00    0.00000E+00    0.00000E+00    0.00000E+00    0.00000E+00
    0.48000E+07    0.00000E+00    0.00000E+00    0.00000E+00    0.00000E+00    0.00000E+00    0.00000E+00
    0.48050E+07    0.00000E+00    0.00000E+00    0.00000E+00    0.00000E+00    0.00000E+00    0.00000E+00
    0.48100E+07    0.00000E+00    0.00000E+00    0.00000E+00    0.00000E+00    0.00000E+00    0.00000E+00
    0.48150E+07    0.00000E+00    0.00000E+00    0.00000E+00    0.00000E+00    0.00000E+00    0.00000E+00
    0.48200E+07    0.00000E+00    0.00000E+00    0.00000E+00    0.00000E+00    0.00000E+00    0.00000E+00
    0.48250E+07    0.00000E+00    0.00000E+00    0.00000E+00    0.00000E+00    0.00000E+00    0.00000E+00
    0.48300E+07    0.00000E+00    0.00000E+00    0.00000E+00    0.00000E+00    0.00000E+00    0.00000E+00
    0.48350E+07    0.00000E+00    0.00000E+00    0.00000E+00    0.00000E+00    0.00000E+00    0.00000E+00
    0.48400E+07    0.00000E+00    0.00000E+00    0.00000E+00    0.00000E+00    0.00000E+00    0.00000E+00
    0.48450E+07    0.00000E+00    0.00000E+00    0.00000E+00    0.00000E+00    0.00000E+00    0.00000E+00
    0.48500E+07    0.00000E+00    0.00000E+00    0.00000E+00    0.00000E+00    0.00000E+00    0.00000E+00
    0.48550E+07    0.00000E+00    0.00000E+00    0.00000E+00    0.00000E+00    0.00000E+00    0.00000E+00
    0.48600E+07    0.00000E+00    0.00000E+00    0.00000E+00    0.00000E+00    0.00000E+00    0.00000E+00
    0.48650E+07    0.00000E+00    0.00000E+00    0.00000E+00    0.00000E+00    0.00000E+00    0.00000E+00
    0.48700E+07    0.00000E+00    0.00000E+00    0.00000E+00    0.00000E+00    0.00000E+00    0.00000E+00
    0.48750E+07    0.00000E+00    0.00000E+00    0.00000E+00    0.00000E+00    0.00000E+00    0.00000E+00
    0.48800E+07    0.00000E+00    0.00000E+00    0.00000E+00    0.00000E+00    0.00000E+00    0.00000E+00
    0.48850E+07    0.00000E+00    0.00000E+00    0.00000E+00    0.00000E+00    0.00000E+00    0.00000E+00
    0.48900E+07    0.00000E+00    0.00000E+00    0.00000E+00    0.00000E+00    0.00000E+00    0.00000E+00
    0.48950E+07    0.00000E+00    0.00000E+00    0.00000E+00    0.00000E+00    0.00000E+00    0.00000E+00
    0.49000E+07    0.00000E+00    0.00000E+00    0.00000E+00    0.00000E+00    0.00000E+00    0.00000E+00
    0.49050E+07    0.00000E+00    0.00000E+00    0.00000E+00    0.00000E+00    0.00000E+00    0.00000E+00
    0.49100E+07    0.00000E+00    0.00000E+00    0.00000E+00    0.00000E+00    0.00000E+00    0.00000E+00
    0.49150E+07    0.00000E+00    0.00000E+00    0.00000E+00    0.00000E+00    0.00000E+00    0.00000E+00
    0.49200E+07    0.00000E+00    0.00000E+00    0.00000E+00    0.00000E+00    0.00000E+00    0.00000E+00
    0.49250E+07    0.00000E+00    0.00000E+00    0.00000E+00    0.00000E+00    0.00000E+00    0.00000E+00
    0.49300E+07    0.00000E+00    0.00000E+00    0.00000E+00    0.00000E+00    0.00000E+00    0.00000E+00
    0.49350E+07    0.00000E+00    0.00000E+00    0.00000E+00    0.00000E+00    0.00000E+00    0.00000E+00
    0.49400E+07    0.00000E+00    0.00000E+00    0.00000E+00    0.00000E+00    0.00000E+00    0.00000E+00
    0.49450E+07    0.00000E+00    0.00000E+00    0.00000E+00    0.00000E+00    0.00000E+00    0.00000E+00
    0.49500E+07    0.00000E+00    0.00000E+00    0.00000E+00    0.00000E+00    0.00000E+00    0.00000E+00
    0.49550E+07    0.00000E+00    0.00000E+00    0.00000E+00    0.00000E+00    0.00000E+00    0.00000E+00
    0.49600E+07    0.00000E+00    0.00000E+00    0.00000E+00    0.00000E+00    0.00000E+00    0.00000E+00
    0.49650E+07    0.00000E+00    0.00000E+00    0.00000E+00    0.00000E+00    0.00000E+00    0.00000E+00
    0.49700E+07    0.00000E+00    0.00000E+00    0.00000E+00    0.00000E+00    0.00000E+00    0.00000E+00
    0.49750E+07    0.00000E+00    0.00000E+00    0.00000E+00    0.00000E+00    0.00000E+00    0.00000E+00
    0.49800E+07    0.00000E+00    0.00000E+00    0.00000E+00    0.00000E+00    0.00000E+00    0.00000E+00
    0.49850E+07    0.00000E+00    0.00000E+00    0.00000E+00    0.00000E+00    0.00000E+00    0.00000E+00
    0.49900E+07    0.00000E+00    0.00000E+00    0.00000E+00    0.00000E+00    0.00000E+00    0.00000E+00
    0.49950E+07    0.00000E+00    0.00000E+00    0.00000E+00    0.00000E+00    0.00000E+00    0.00000E+00
    0.50000E+07    0.00000E+00    0.00000E+00    0.00000E+00    0.00000E+00    0.00000E+00    0.00000E+00
    0.50050E+07    0.00000E+00    0.00000E+00    0.00000E+00    0.00000E+00    0.00000E+00    0.00000E+00
    0.50100E+07    0.00000E+00    0.00000E+00    0.00000E+00    0.00000E+00    0.00000E+00    0.00000E+00
    0.50150E+07    0.00000E+00    0.00000E+00    0.00000E+00    0.00000E+00    0.00000E+00    0.00000E+00
    0.50200E+07    0.00000E+00    0.00000E+00    0.00000E+00    0.00000E+00    0.00000E+00    0.00000E+00
    0.50250E+07    0.00000E+00    0.00000E+00    0.00000E+00    0.00000E+00    0.00000E+00    0.00000E+00
    0.50300E+07    0.00000E+00    0.00000E+00    0.00000E+00    0.00000E+00    0.00000E+00    0.00000E+00
    0.50350E+07    0.00000E+00    0.00000E+00    0.00000E+00    0.00000E+00    0.00000E+00    0.00000E+00
    0.50400E+07    0.00000E+00    0.00000E+00    0.00000E+00    0.00000E+00    0.00000E+00    0.00000E+00
    0.50450E+07    0.00000E+00    0.00000E+00    0.00000E+00    0.00000E+00    0.00000E+00    0.00000E+00
    0.50500E+07    0.00000E+00    0.00000E+00    0.00000E+00    0.00000E+00    0.00000E+00    0.00000E+00
    0.50550E+07    0.00000E+00    0.00000E+00    0.00000E+00    0.00000E+00    0.00000E+00    0.00000E+00
    0.50600E+07    0.00000E+00    0.00000E+00    0.00000E+00    0.00000E+00    0.00000E+00    0.00000E+00
    0.50650E+07    0.00000E+00    0.00000E+00    0.00000E+00    0.00000E+00    0.00000E+00    0.00000E+00
    0.50700E+07    0.00000E+00    0.00000E+00    0.00000E+00    0.00000E+00    0.00000E+00    0.00000E+00
    0.50750E+07    0.00000E+00    0.00000E+00    0.00000E+00    0.00000E+00    0.00000E+00    0.00000E+00
    0.50800E+07    0.00000E+00    0.00000E+00    0.00000E+00    0.00000E+00    0.00000E+00    0.00000E+00
    0.50850E+07    0.00000E+00    0.00000E+00    0.00000E+00    0.00000E+00    0.00000E+00    0.00000E+00
    0.50900E+07    0.00000E+00    0.00000E+00    0.00000E+00    0.00000E+00    0.00000E+00    0.00000E+00
    0.50950E+07    0.00000E+00    0.00000E+00    0.00000E+00    0.00000E+00    0.00000E+00    0.00000E+00
    0.51000E+07    0.00000E+00    0.00000E+00    0.00000E+00    0.00000E+00    0.00000E+00    0.00000E+00
    0.51050E+07    0.00000E+00    0.00000E+00    0.00000E+00    0.00000E+00    0.00000E+00    0.00000E+00
    0.51100E+07    0.00000E+00    0.00000E+00    0.00000E+00    0.00000E+00    0.00000E+00    0.00000E+00
    0.51150E+07    0.00000E+00    0.00000E+00    0.00000E+00    0.00000E+00    0.00000E+00    0.00000E+00
    0.51200E+07    0.00000E+00    0.00000E+00    0.00000E+00    0.00000E+00    0.00000E+00    0.00000E+00
    0.51250E+07    0.00000E+00    0.00000E+00    0.00000E+00    0.00000E+00    0.00000E+00    0.00000E+00
    0.51300E+07    0.00000E+00    0.00000E+00    0.00000E+00    0.00000E+00    0.00000E+00    0.00000E+00
    0.51350E+07    0.00000E+00    0.00000E+00    0.00000E+00    0.00000E+00    0.00000E+00    0.00000E+00
    0.51400E+07    0.00000E+00    0.00000E+00    0.00000E+00    0.00000E+00    0.00000E+00    0.00000E+00
    0.51450E+07    0.00000E+00    0.00000E+00    0.00000E+00    0.00000E+00    0.00000E+00    0.00000E+00
    0.51500E+07    0.00000E+00    0.00000E+00    0.00000E+00    0.00000E+00    0.00000E+00    0.00000E+00
    0.51550E+07    0.00000E+00    0.00000E+00    0.00000E+00    0.00000E+00    0.00000E+00    0.00000E+00
    0.51600E+07    0.00000E+00    0.00000E+00    0.00000E+00    0.00000E+00    0.00000E+00    0.00000E+00
    0.51650E+07    0.00000E+00    0.00000E+00    0.00000E+00    0.00000E+00    0.00000E+00    0.00000E+00
    0.51700E+07    0.00000E+00    0.00000E+00    0.00000E+00    0.00000E+00    0.00000E+00    0.00000E+00
    0.51750E+07    0.00000E+00    0.00000E+00    0.00000E+00    0.00000E+00    0.00000E+00    0.00000E+00
    0.51800E+07    0.00000E+00    0.00000E+00    0.00000E+00    0.00000E+00    0.00000E+00    0.00000E+00
    0.51850E+07    0.00000E+00    0.00000E+00    0.00000E+00    0.00000E+00    0.00000E+00    0.00000E+00
    0.51900E+07    0.00000E+00    0.00000E+00    0.00000E+00    0.00000E+00    0.00000E+00    0.00000E+00
    0.51950E+07    0.00000E+00    0.00000E+00    0.00000E+00    0.00000E+00    0.00000E+00    0.00000E+00
    0.52000E+07    0.00000E+00    0.00000E+00    0.00000E+00    0.00000E+00    0.00000E+00    0.00000E+00
    0.52050E+07    0.00000E+00    0.00000E+00    0.00000E+00    0.00000E+00    0.00000E+00    0.00000E+00
    0.52100E+07    0.00000E+00    0.00000E+00    0.00000E+00    0.00000E+00    0.00000E+00    0.00000E+00
    0.52150E+07    0.00000E+00    0.00000E+00    0.00000E+00    0.00000E+00    0.00000E+00    0.00000E+00
    0.52200E+07    0.00000E+00    0.00000E+00    0.00000E+00    0.00000E+00    0.00000E+00    0.00000E+00
    0.52250E+07    0.00000E+00    0.00000E+00    0.00000E+00    0.00000E+00    0.00000E+00    0.00000E+00
    0.52300E+07    0.00000E+00    0.00000E+00    0.00000E+00    0.00000E+00    0.00000E+00    0.00000E+00
    0.52350E+07    0.00000E+00    0.00000E+00    0.00000E+00    0.00000E+00    0.00000E+00    0.00000E+00
    0.52400E+07    0.00000E+00    0.00000E+00    0.00000E+00    0.00000E+00    0.00000E+00    0.00000E+00
    0.52450E+07    0.00000E+00    0.00000E+00    0.00000E+00    0.00000E+00    0.00000E+00    0.00000E+00
    0.52500E+07    0.00000E+00    0.00000E+00    0.00000E+00    0.00000E+00    0.00000E+00    0.00000E+00
    0.52550E+07    0.00000E+00    0.00000E+00    0.00000E+00    0.00000E+00    0.00000E+00    0.00000E+00
    0.52600E+07    0.00000E+00    0.00000E+00    0.00000E+00    0.00000E+00    0.00000E+00    0.00000E+00
    0.52650E+07    0.00000E+00    0.00000E+00    0.00000E+00    0.00000E+00    0.00000E+00    0.00000E+00
    0.52700E+07    0.00000E+00    0.00000E+00    0.00000E+00    0.00000E+00    0.00000E+00    0.00000E+00
    0.52750E+07    0.00000E+00    0.00000E+00    0.00000E+00    0.00000E+00    0.00000E+00    0.00000E+00
    0.52800E+07    0.00000E+00    0.00000E+00    0.00000E+00    0.00000E+00    0.00000E+00    0.00000E+00
    0.52850E+07    0.00000E+00    0.00000E+00    0.00000E+00    0.00000E+00    0.00000E+00    0.00000E+00
    0.52900E+07    0.00000E+00    0.00000E+00    0.00000E+00    0.00000E+00    0.00000E+00    0.00000E+00
    0.52950E+07    0.00000E+00    0.00000E+00    0.00000E+00    0.00000E+00    0.00000E+00    0.00000E+00
    0.53000E+07    0.00000E+00    0.00000E+00    0.00000E+00    0.00000E+00    0.00000E+00    0.00000E+00
    0.53050E+07    0.00000E+00    0.00000E+00    0.00000E+00    0.00000E+00    0.00000E+00    0.00000E+00
    0.53100E+07    0.00000E+00    0.00000E+00    0.00000E+00    0.00000E+00    0.00000E+00    0.00000E+00
    0.53150E+07    0.00000E+00    0.00000E+00    0.00000E+00    0.00000E+00    0.00000E+00    0.00000E+00
    0.53200E+07    0.00000E+00    0.00000E+00    0.00000E+00    0.00000E+00    0.00000E+00    0.00000E+00
    0.53250E+07    0.00000E+00    0.00000E+00    0.00000E+00    0.00000E+00    0.00000E+00    0.00000E+00
    0.53300E+07    0.00000E+00    0.00000E+00    0.00000E+00    0.00000E+00    0.00000E+00    0.00000E+00
    0.53350E+07    0.00000E+00    0.00000E+00    0.00000E+00    0.00000E+00    0.00000E+00    0.00000E+00
    0.53400E+07    0.12294E-33    0.20349E-33    0.17172E-33    0.00000E+00    0.00000E+00    0.00000E+00
    0.53450E+07    0.20499E-33    0.33890E-33    0.28593E-33    0.00000E+00    0.00000E+00    0.00000E+00
    0.53500E+07    0.34128E-33    0.56421E-33    0.47565E-33    0.00000E+00    0.00000E+00    0.00000E+00
    0.53550E+07    0.56742E-33    0.93877E-33    0.79050E-33    0.00000E+00    0.00000E+00    0.00000E+00
    0.53600E+07    0.94232E-33    0.15609E-32    0.13125E-32    0.00000E+00    0.00000E+00    0.00000E+00
    0.53650E+07    0.15632E-32    0.25931E-32    0.21772E-32    0.00000E+00    0.00000E+00    0.00000E+00
    0.53700E+07    0.25906E-32    0.43042E-32    0.36080E-32    0.00000E+00    0.00000E+00    0.00000E+00
    0.53750E+07    0.42889E-32    0.71380E-32    0.59734E-32    0.00000E+00    0.00000E+00    0.00000E+00
    0.53800E+07    0.70934E-32    0.11827E-31    0.98802E-32    0.00000E+00    0.00000E+00    0.00000E+00
    0.53850E+07    0.11721E-31    0.19577E-31    0.16327E-31    0.00000E+00    0.00000E+00    0.00000E+00
    0.53900E+07    0.19347E-31    0.32377E-31    0.26953E-31    0.00000E+00    0.00000E+00    0.00000E+00
    0.53950E+07    0.31907E-31    0.53494E-31    0.44454E-31    0.00000E+00    0.00000E+00    0.00000E+00
    0.54000E+07    0.52568E-31    0.88303E-31    0.73248E-31    0.00000E+00    0.00000E+00    0.00000E+00
    0.54050E+07    0.86527E-31    0.14562E-30    0.12058E-30    0.00000E+00    0.00000E+00    0.00000E+00
    0.54100E+07    0.14229E-30    0.23993E-30    0.19830E-30    0.00000E+00    0.00000E+00    0.00000E+00
    0.54150E+07    0.23376E-30    0.39492E-30    0.32581E-30    0.00000E+00    0.00000E+00    0.00000E+00
    0.54200E+07    0.38366E-30    0.64944E-30    0.53481E-30    0.00000E+00    0.00000E+00    0.00000E+00
    0.54250E+07    0.62909E-30    0.10670E-29    0.87702E-30    0.00000E+00    0.00000E+00    0.00000E+00
    0.54300E+07    0.10305E-29    0.17513E-29    0.14368E-29    0.00000E+00    0.00000E+00    0.00000E+00
    0.54350E+07    0.16865E-29    0.28718E-29    0.23517E-29    0.00000E+00    0.00000E+00    0.00000E+00
    0.54400E+07    0.27575E-29    0.47048E-29    0.38455E-29    0.00000E+00    0.00000E+00    0.00000E+00
    0.54450E+07    0.45042E-29    0.77003E-29    0.62820E-29    0.00000E+00    0.00000E+00    0.00000E+00
    0.54500E+07    0.73503E-29    0.12591E-28    0.10252E-28    0.00000E+00    0.00000E+00    0.00000E+00
    0.54550E+07    0.11983E-28    0.20569E-28    0.16716E-28    0.00000E+00    0.00000E+00    0.00000E+00
    0.54600E+07    0.19518E-28    0.33570E-28    0.27230E-28    0.00000E+00    0.00000E+00    0.00000E+00
    0.54650E+07    0.31759E-28    0.54737E-28    0.44312E-28    0.00000E+00    0.00000E+00    0.00000E+00
    0.54700E+07    0.51629E-28    0.89164E-28    0.72042E-28    0.00000E+00    0.00000E+00    0.00000E+00
    0.54750E+07    0.83849E-28    0.14511E-27    0.11701E-27    0.00000E+00    0.00000E+00    0.00000E+00
    0.54800E+07    0.13604E-27    0.23593E-27    0.18987E-27    0.00000E+00    0.00000E+00    0.00000E+00
    0.54850E+07    0.22052E-27    0.38322E-27    0.30780E-27    0.00000E+00    0.00000E+00    0.00000E+00
    0.54900E+07    0.35711E-27    0.62189E-27    0.49849E-27    0.00000E+00    0.00000E+00    0.00000E+00
    0.54950E+07    0.57774E-27    0.10082E-26    0.80655E-27    0.00000E+00    0.00000E+00    0.00000E+00
    0.55000E+07    0.93378E-27    0.16330E-26    0.13037E-26    0.00000E+00    0.00000E+00    0.00000E+00
    0.55050E+07    0.15078E-26    0.26425E-26    0.21053E-26    0.00000E+00    0.00000E+00    0.00000E+00
    0.55100E+07    0.24323E-26    0.42719E-26    0.33965E-26    0.00000E+00    0.00000E+00    0.00000E+00
    0.55150E+07    0.39198E-26    0.68994E-26    0.54743E-26    0.00000E+00    0.00000E+00    0.00000E+00
    0.55200E+07    0.63111E-26    0.11132E-25    0.88146E-26    0.00000E+00    0.00000E+00    0.00000E+00
    0.55250E+07    0.10151E-25    0.17945E-25    0.14179E-25    0.00000E+00    0.00000E+00    0.00000E+00
    0.55300E+07    0.16312E-25    0.28900E-25    0.22787E-25    0.00000E+00    0.00000E+00    0.00000E+00
    0.55350E+07    0.26187E-25    0.46497E-25    0.36585E-25    0.00000E+00    0.00000E+00    0.00000E+00
    0.55400E+07    0.41999E-25    0.74739E-25    0.58681E-25    0.00000E+00    0.00000E+00    0.00000E+00
    0.55450E+07    0.67294E-25    0.12002E-24    0.94030E-25    0.00000E+00    0.00000E+00    0.00000E+00
    0.55500E+07    0.10772E-24    0.19254E-24    0.15053E-24    0.00000E+00    0.00000E+00    0.00000E+00
    0.55550E+07    0.17225E-24    0.30860E-24    0.24074E-24    0.00000E+00    0.00000E+00    0.00000E+00
    0.55600E+07    0.27519E-24    0.49414E-24    0.38463E-24    0.00000E+00    0.00000E+00    0.00000E+00
    0.55650E+07    0.43921E-24    0.79046E-24    0.61393E-24    0.00000E+00    0.00000E+00    0.00000E+00
    0.55700E+07    0.70032E-24    0.12633E-23    0.97899E-24    0.00000E+00    0.00000E+00    0.00000E+00
    0.55750E+07    0.11160E-23    0.20169E-23    0.15590E-23    0.00000E+00    0.00000E+00    0.00000E+00
    0.55800E+07    0.17761E-23    0.32172E-23    0.24801E-23    0.00000E+00    0.00000E+00    0.00000E+00
    0.55800E+07    0.17761E-23    0.32172E-23    0.24801E-23    0.00000E+00    0.00000E+00    0.00000E+00
    0.55850E+07    0.28299E-23    0.51215E-23    0.39415E-23    0.00000E+00    0.00000E+00    0.00000E+00
    0.55900E+07    0.44990E-23    0.81494E-23    0.62556E-23    0.00000E+00    0.00000E+00    0.00000E+00
    0.55950E+07    0.71391E-23    0.12957E-22    0.99150E-23    0.00000E+00    0.00000E+00    0.00000E+00
    0.56000E+07    0.11309E-22    0.20582E-22    0.15694E-22    0.00000E+00    0.00000E+00    0.00000E+00
    0.56050E+07    0.17888E-22    0.32657E-22    0.24807E-22    0.00000E+00    0.00000E+00    0.00000E+00
    0.56100E+07    0.28250E-22    0.51755E-22    0.39160E-22    0.00000E+00    0.00000E+00    0.00000E+00
    0.56150E+07    0.44551E-22    0.81920E-22    0.61732E-22    0.00000E+00    0.00000E+00    0.00000E+00
    0.56200E+07    0.70158E-22    0.12950E-21    0.97181E-22    0.00000E+00    0.00000E+00    0.00000E+00
    0.56250E+07    0.11033E-21    0.20445E-21    0.15278E-21    0.00000E+00    0.00000E+00    0.00000E+00
    0.56300E+07    0.17326E-21    0.32235E-21    0.23985E-21    0.00000E+00    0.00000E+00    0.00000E+00
    0.56350E+07    0.27170E-21    0.50758E-21    0.37602E-21    0.00000E+00    0.00000E+00    0.00000E+00
    0.56400E+07    0.42549E-21    0.79815E-21    0.58868E-21    0.00000E+00    0.00000E+00    0.00000E+00
    0.56450E+07    0.66538E-21    0.12534E-20    0.92033E-21    0.00000E+00    0.00000E+00    0.00000E+00
    0.56500E+07    0.10391E-20    0.19656E-20    0.14368E-20    0.00000E+00    0.00000E+00    0.00000E+00
    0.56550E+07    0.16204E-20    0.30783E-20    0.22400E-20    0.00000E+00    0.00000E+00    0.00000E+00
    0.56600E+07    0.25233E-20    0.48144E-20    0.34873E-20    0.00000E+00    0.00000E+00    0.00000E+00
    0.56650E+07    0.39238E-20    0.75192E-20    0.54213E-20    0.00000E+00    0.00000E+00    0.00000E+00
    0.56700E+07    0.60929E-20    0.11728E-19    0.84159E-20    0.00000E+00    0.00000E+00    0.00000E+00
    0.56750E+07    0.94476E-20    0.18266E-19    0.13046E-19    0.00000E+00    0.00000E+00    0.00000E+00
    0.56800E+07    0.14629E-19    0.28410E-19    0.20195E-19    0.00000E+00    0.00000E+00    0.00000E+00
    0.56850E+07    0.22618E-19    0.44126E-19    0.31216E-19    0.00000E+00    0.00000E+00    0.00000E+00
    0.56900E+07    0.34921E-19    0.68440E-19    0.48181E-19    0.00000E+00    0.00000E+00    0.00000E+00
    0.56950E+07    0.53837E-19    0.10600E-18    0.74260E-19    0.00000E+00    0.00000E+00    0.00000E+00
    0.57000E+07    0.82879E-19    0.16395E-18    0.11429E-18    0.00000E+00    0.00000E+00    0.00000E+00
    0.57050E+07    0.12740E-18    0.25322E-18    0.17563E-18    0.00000E+00    0.00000E+00    0.00000E+00
    0.57100E+07    0.19555E-18    0.39054E-18    0.26950E-18    0.00000E+00    0.00000E+00    0.00000E+00
    0.57149E+07    0.29799E-18    0.59795E-18    0.41056E-18    0.00000E+00    0.00000E+00    0.00000E+00
    0.57199E+07    0.45339E-18    0.91417E-18    0.62448E-18    0.00000E+00    0.00000E+00    0.00000E+00
    0.57199E+07    0.64293E-18    0.77946E-18    0.63293E-18    0.00000E+00    0.00000E+00    0.00000E+00
    0.57200E+07    0.64746E-18    0.79139E-18    0.63901E-18    0.00000E+00    0.00000E+00    0.00000E+00
    0.57250E+07    0.85082E-18    0.13286E-17    0.91169E-18    0.00000E+00    0.00000E+00    0.00000E+00
    0.57300E+07    0.11487E-17    0.21203E-17    0.13109E-17    0.00000E+00    0.00000E+00    0.00000E+00
    0.57350E+07    0.15812E-17    0.32771E-17    0.18906E-17    0.00000E+00    0.00000E+00    0.00000E+00
    0.57400E+07    0.22062E-17    0.49591E-17    0.27282E-17    0.00000E+00    0.00000E+00    0.00000E+00
    0.57450E+07    0.31068E-17    0.73974E-17    0.39348E-17    0.00000E+00    0.00000E+00    0.00000E+00
    0.57500E+07    0.44012E-17    0.10924E-16    0.56694E-17    0.00000E+00    0.00000E+00    0.00000E+00
    0.57550E+07    0.62583E-17    0.16016E-16    0.81580E-17    0.00000E+00    0.00000E+00    0.00000E+00
    0.57600E+07    0.89179E-17    0.23355E-16    0.11722E-16    0.00000E+00    0.00000E+00    0.00000E+00
    0.57650E+07    0.12721E-16    0.33916E-16    0.16819E-16    0.00000E+00    0.00000E+00    0.00000E+00
    0.57700E+07    0.18149E-16    0.49089E-16    0.24096E-16    0.00000E+00    0.00000E+00    0.00000E+00
    0.57750E+07    0.25885E-16    0.70857E-16    0.34468E-16    0.00000E+00    0.00000E+00    0.00000E+00
    0.57800E+07    0.36893E-16    0.10204E-15    0.49229E-16    0.00000E+00    0.00000E+00    0.00000E+00
    0.57850E+07    0.52533E-16    0.14663E-15    0.70203E-16    0.00000E+00    0.00000E+00    0.00000E+00
    0.57900E+07    0.74715E-16    0.21031E-15    0.99957E-16    0.00000E+00    0.00000E+00    0.00000E+00
    0.57950E+07    0.10613E-15    0.30111E-15    0.14210E-15    0.00000E+00    0.00000E+00    0.00000E+00
    0.58000E+07    0.15054E-15    0.43038E-15    0.20169E-15    0.00000E+00    0.00000E+00    0.00000E+00
    0.58050E+07    0.21324E-15    0.61414E-15    0.28582E-15    0.00000E+00    0.00000E+00    0.00000E+00
    0.58100E+07    0.30159E-15    0.87494E-15    0.40440E-15    0.00000E+00    0.00000E+00    0.00000E+00
    0.58150E+07    0.42590E-15    0.12445E-14    0.57127E-15    0.00000E+00    0.00000E+00    0.00000E+00
    0.58200E+07    0.60052E-15    0.17674E-14    0.80569E-15    0.00000E+00    0.00000E+00    0.00000E+00
    0.58250E+07    0.84541E-15    0.25061E-14    0.11345E-14    0.00000E+00    0.00000E+00    0.00000E+00
    0.58300E+07    0.11883E-14    0.35480E-14    0.15949E-14    0.00000E+00    0.00000E+00    0.00000E+00
    0.58350E+07    0.16675E-14    0.50152E-14    0.22385E-14    0.00000E+00    0.00000E+00    0.00000E+00
    0.58400E+07    0.23362E-14    0.70781E-14    0.31368E-14    0.00000E+00    0.00000E+00    0.00000E+00
    0.58450E+07    0.32678E-14    0.99738E-14    0.43883E-14    0.00000E+00    0.00000E+00    0.00000E+00
    0.58500E+07    0.45633E-14    0.14032E-13    0.61290E-14    0.00000E+00    0.00000E+00    0.00000E+00
    0.58550E+07    0.63621E-14    0.19711E-13    0.85460E-14    0.00000E+00    0.00000E+00    0.00000E+00
    0.58600E+07    0.88551E-14    0.27645E-13    0.11896E-13    0.00000E+00    0.00000E+00    0.00000E+00
    0.58636E+07    0.11188E-13    0.35120E-13    0.15032E-13    0.00000E+00    0.00000E+00    0.00000E+00
    0.58636E+07    0.11859E-13    0.34263E-13    0.14629E-13    0.00000E+00    0.00000E+00    0.00000E+00
    0.58668E+07    0.14347E-13    0.42834E-13    0.17902E-13    0.00000E+00    0.00000E+00    0.00000E+00
    0.58700E+07    0.17377E-13    0.53362E-13    0.21887E-13    0.00000E+00    0.00000E+00    0.00000E+00
    0.58750E+07    0.23425E-13    0.74601E-13    0.29840E-13    0.00000E+00    0.00000E+00    0.00000E+00
    0.58800E+07    0.31605E-13    0.10369E-12    0.40587E-13    0.00000E+00    0.00000E+00    0.00000E+00
    0.58850E+07    0.42635E-13    0.14344E-12    0.55074E-13    0.00000E+00    0.00000E+00    0.00000E+00
    0.58900E+07    0.57470E-13    0.19762E-12    0.74550E-13    0.00000E+00    0.00000E+00    0.00000E+00
    0.58950E+07    0.77372E-13    0.27128E-12    0.10066E-12    0.00000E+00    0.00000E+00    0.00000E+00
    0.59000E+07    0.10400E-12    0.37121E-12    0.13558E-12    0.00000E+00    0.00000E+00    0.00000E+00
    0.59050E+07    0.13952E-12    0.50643E-12    0.18214E-12    0.00000E+00    0.00000E+00    0.00000E+00
    0.59100E+07    0.18679E-12    0.68896E-12    0.24407E-12    0.00000E+00    0.00000E+00    0.00000E+00
    0.59150E+07    0.24952E-12    0.93476E-12    0.32620E-12    0.00000E+00    0.00000E+00    0.00000E+00
    0.59200E+07    0.33252E-12    0.12649E-11    0.43482E-12    0.00000E+00    0.00000E+00    0.00000E+00
    0.59250E+07    0.44205E-12    0.17073E-11    0.57805E-12    0.00000E+00    0.00000E+00    0.00000E+00
    0.59300E+07    0.58616E-12    0.22986E-11    0.76640E-12    0.00000E+00    0.00000E+00    0.00000E+00
    0.59350E+07    0.77523E-12    0.30867E-11    0.10133E-11    0.00000E+00    0.00000E+00    0.00000E+00
    0.59400E+07    0.10225E-11    0.41348E-11    0.13361E-11    0.00000E+00    0.00000E+00    0.00000E+00
    0.59450E+07    0.13451E-11    0.55246E-11    0.17567E-11    0.00000E+00    0.00000E+00    0.00000E+00
    0.59500E+07    0.17645E-11    0.73630E-11    0.23032E-11    0.00000E+00    0.00000E+00    0.00000E+00
    0.59529E+07    0.20609E-11    0.86797E-11    0.26891E-11    0.00000E+00    0.00000E+00    0.00000E+00
    0.59558E+07    0.24049E-11    0.10224E-10    0.31368E-11    0.00000E+00    0.00000E+00    0.00000E+00
    0.59558E+07    0.28199E-11    0.94687E-11    0.28817E-11    0.00000E+00    0.00000E+00    0.00000E+00
    0.59600E+07    0.32594E-11    0.12306E-10    0.34296E-11    0.00000E+00    0.00000E+00    0.00000E+00
    0.59650E+07    0.38839E-11    0.16476E-10    0.42019E-11    0.00000E+00    0.00000E+00    0.00000E+00
    0.59700E+07    0.46397E-11    0.21719E-10    0.51287E-11    0.00000E+00    0.00000E+00    0.00000E+00
    0.59750E+07    0.55477E-11    0.28270E-10    0.62321E-11    0.00000E+00    0.00000E+00    0.00000E+00
    0.59800E+07    0.66302E-11    0.36411E-10    0.75350E-11    0.00000E+00    0.00000E+00    0.00000E+00
    0.59850E+07    0.79115E-11    0.46472E-10    0.90612E-11    0.00000E+00    0.00000E+00    0.00000E+00
    0.59900E+07    0.94165E-11    0.58840E-10    0.10834E-10    0.00000E+00    0.00000E+00    0.00000E+00
    0.59950E+07    0.11171E-10    0.73966E-10    0.12876E-10    0.00000E+00    0.00000E+00    0.00000E+00
    0.60000E+07    0.13199E-10    0.92367E-10    0.15204E-10    0.00000E+00    0.00000E+00    0.00000E+00
    0.60050E+07    0.15525E-10    0.11463E-09    0.17834E-10    0.00000E+00    0.00000E+00    0.00000E+00
    0.60100E+07    0.18167E-10    0.14143E-09    0.20770E-10    0.00000E+00    0.00000E+00    0.00000E+00
    0.60150E+07    0.21141E-10    0.17350E-09    0.24010E-10    0.00000E+00    0.00000E+00    0.00000E+00
    0.60200E+07    0.24453E-10    0.21166E-09    0.27537E-10    0.00000E+00    0.00000E+00    0.00000E+00
    0.60250E+07    0.28101E-10    0.25681E-09    0.31316E-10    0.00000E+00    0.00000E+00    0.00000E+00
    0.60300E+07    0.32071E-10    0.30988E-09    0.35294E-10    0.00000E+00    0.00000E+00    0.00000E+00
    0.60350E+07    0.36332E-10    0.37190E-09    0.39393E-10    0.00000E+00    0.00000E+00    0.00000E+00
    0.60400E+07    0.40837E-10    0.44388E-09    0.43507E-10    0.00000E+00    0.00000E+00    0.00000E+00
    0.60450E+07    0.45517E-10    0.52686E-09    0.47499E-10    0.00000E+00    0.00000E+00    0.00000E+00
    0.60500E+07    0.50281E-10    0.62183E-09    0.51197E-10    0.00000E+00    0.00000E+00    0.00000E+00
    0.60550E+07    0.55015E-10    0.72972E-09    0.54394E-10    0.00000E+00    0.00000E+00    0.00000E+00
    0.60600E+07    0.59579E-10    0.85132E-09    0.56851E-10    0.00000E+00    0.00000E+00    0.00000E+00
    0.60650E+07    0.63809E-10    0.98723E-09    0.58291E-10    0.00000E+00    0.00000E+00    0.00000E+00
    0.60700E+07    0.67521E-10    0.11378E-08    0.58413E-10    0.00000E+00    0.00000E+00    0.00000E+00
    0.60750E+07    0.70517E-10    0.13030E-08    0.56893E-10    0.00000E+00    0.00000E+00    0.00000E+00
    0.60800E+07    0.72590E-10    0.14825E-08    0.53403E-10    0.00000E+00    0.00000E+00    0.00000E+00
    0.60850E+07    0.73532E-10    0.16753E-08    0.47618E-10    0.00000E+00    0.00000E+00    0.00000E+00
    0.60900E+07    0.73157E-10    0.18800E-08    0.39243E-10    0.00000E+00    0.00000E+00    0.00000E+00
    0.60950E+07    0.71307E-10    0.20943E-08    0.28033E-10    0.00000E+00    0.00000E+00    0.00000E+00
    0.61000E+07    0.67879E-10    0.23155E-08    0.13831E-10    0.00000E+00    0.00000E+00    0.00000E+00
    0.61050E+07    0.62840E-10    0.25399E-08   -0.34345E-11    0.00000E+00    0.00000E+00    0.00000E+00
    0.61100E+07    0.56254E-10    0.27631E-08   -0.23673E-10    0.00000E+00    0.00000E+00    0.00000E+00
    0.61150E+07    0.48301E-10    0.29801E-08   -0.46630E-10    0.00000E+00    0.00000E+00    0.00000E+00
    0.61200E+07    0.39298E-10    0.31849E-08   -0.71852E-10    0.00000E+00    0.00000E+00    0.00000E+00
    0.61250E+07    0.29717E-10    0.33712E-08   -0.98663E-10    0.00000E+00    0.00000E+00    0.00000E+00
    0.61300E+07    0.20190E-10    0.35323E-08   -0.12616E-09    0.00000E+00    0.00000E+00    0.00000E+00
    0.61350E+07    0.11511E-10    0.36612E-08   -0.15319E-09    0.00000E+00    0.00000E+00    0.00000E+00
    0.61400E+07    0.46230E-11    0.37511E-08   -0.17842E-09    0.00000E+00    0.00000E+00    0.00000E+00
    0.61450E+07    0.59062E-12    0.37957E-08   -0.20032E-09    0.00000E+00    0.00000E+00    0.00000E+00
    0.61500E+07    0.55678E-12    0.37895E-08   -0.21724E-09    0.00000E+00    0.00000E+00    0.00000E+00
    0.61550E+07    0.56820E-11    0.37283E-08   -0.22750E-09    0.00000E+00    0.00000E+00    0.00000E+00
    0.61600E+07    0.17067E-10    0.36097E-08   -0.22948E-09    0.00000E+00    0.00000E+00    0.00000E+00
    0.61650E+07    0.35658E-10    0.34331E-08   -0.22178E-09    0.00000E+00    0.00000E+00    0.00000E+00
    0.61700E+07    0.62148E-10    0.32007E-08   -0.20333E-09    0.00000E+00    0.00000E+00    0.00000E+00
    0.61750E+07    0.96861E-10    0.29171E-08   -0.17352E-09    0.00000E+00    0.00000E+00    0.00000E+00
    0.61800E+07    0.13965E-09    0.25901E-08   -0.13238E-09    0.00000E+00    0.00000E+00    0.00000E+00
    0.61850E+07    0.18982E-09    0.22300E-08   -0.80697E-10    0.00000E+00    0.00000E+00    0.00000E+00
    0.61900E+07    0.24603E-09    0.18500E-08   -0.20065E-10    0.00000E+00    0.00000E+00    0.00000E+00
    0.61950E+07    0.30630E-09    0.14654E-08    0.47020E-10    0.00000E+00    0.00000E+00    0.00000E+00
    0.62000E+07    0.36800E-09    0.10932E-08    0.11724E-09    0.00000E+00    0.00000E+00    0.00000E+00
    0.62049E+07    0.42727E-09    0.75490E-09    0.18570E-09    0.00000E+00    0.00000E+00    0.00000E+00
    0.62049E+07    0.43719E-09    0.76177E-09    0.20140E-09    0.00000E+00    0.00000E+00    0.00000E+00
    0.62075E+07    0.45948E-09    0.60381E-09    0.23120E-09    0.00000E+00    0.00000E+00    0.00000E+00
    0.62100E+07    0.47910E-09    0.46106E-09    0.25759E-09    0.00000E+00    0.00000E+00    0.00000E+00
    0.62150E+07    0.50936E-09    0.23018E-09    0.29891E-09    0.00000E+00    0.00000E+00    0.00000E+00
    0.62200E+07    0.52771E-09    0.75818E-10    0.32510E-09    0.00000E+00    0.00000E+00    0.00000E+00
    0.62250E+07    0.53400E-09    0.46529E-11    0.33600E-09    0.00000E+00    0.00000E+00    0.00000E+00
    0.62300E+07    0.52865E-09    0.19416E-10    0.33219E-09    0.00000E+00    0.00000E+00    0.00000E+00
    0.62350E+07    0.51262E-09    0.11907E-09    0.31492E-09    0.00000E+00    0.00000E+00    0.00000E+00
    0.62400E+07    0.48722E-09    0.29915E-09    0.28592E-09    0.00000E+00    0.00000E+00    0.00000E+00
    0.62450E+07    0.45407E-09    0.55223E-09    0.24731E-09    0.00000E+00    0.00000E+00    0.00000E+00
    0.62500E+07    0.41496E-09    0.86845E-09    0.20143E-09    0.00000E+00    0.00000E+00    0.00000E+00
    0.62550E+07    0.37173E-09    0.12362E-08    0.15069E-09    0.00000E+00    0.00000E+00    0.00000E+00
    0.62600E+07    0.32620E-09    0.16425E-08    0.97471E-10    0.00000E+00    0.00000E+00    0.00000E+00
    0.62650E+07    0.28005E-09    0.20741E-08    0.44003E-10    0.00000E+00    0.00000E+00    0.00000E+00
    0.62700E+07    0.23483E-09    0.25174E-08   -0.77071E-11    0.00000E+00    0.00000E+00    0.00000E+00
    0.62750E+07    0.19184E-09    0.29596E-08   -0.55944E-10    0.00000E+00    0.00000E+00    0.00000E+00
    0.62800E+07    0.15214E-09    0.33885E-08   -0.99307E-10    0.00000E+00    0.00000E+00    0.00000E+00
    0.62850E+07    0.11654E-09    0.37934E-08   -0.13677E-09    0.00000E+00    0.00000E+00    0.00000E+00
    0.62900E+07    0.85583E-10    0.41649E-08   -0.16762E-09    0.00000E+00    0.00000E+00    0.00000E+00
    0.62950E+07    0.59570E-10    0.44956E-08   -0.19148E-09    0.00000E+00    0.00000E+00    0.00000E+00
    0.63000E+07    0.38581E-10    0.47794E-08   -0.20831E-09    0.00000E+00    0.00000E+00    0.00000E+00
    0.63025E+07    0.30072E-10    0.49005E-08   -0.21404E-09    0.00000E+00    0.00000E+00    0.00000E+00
    0.63025E+07    0.24541E-10    0.52371E-08    0.19258E-09    0.00000E+00    0.00000E+00    0.00000E+00
    0.63062E+07    0.32461E-10    0.54051E-08    0.19988E-09    0.00000E+00    0.00000E+00    0.00000E+00
    0.63100E+07    0.41424E-10    0.55992E-08    0.20849E-09    0.00000E+00    0.00000E+00    0.00000E+00
    0.63150E+07    0.54910E-10    0.58989E-08    0.22192E-09    0.00000E+00    0.00000E+00    0.00000E+00
    0.63200E+07    0.70211E-10    0.62496E-08    0.23756E-09    0.00000E+00    0.00000E+00    0.00000E+00
    0.63250E+07    0.87329E-10    0.66547E-08    0.25541E-09    0.00000E+00    0.00000E+00    0.00000E+00
    0.63300E+07    0.10627E-09    0.71181E-08    0.27541E-09    0.00000E+00    0.00000E+00    0.00000E+00
    0.63350E+07    0.12705E-09    0.76443E-08    0.29751E-09    0.00000E+00    0.00000E+00    0.00000E+00
    0.63400E+07    0.14966E-09    0.82381E-08    0.32169E-09    0.00000E+00    0.00000E+00    0.00000E+00
    0.63450E+07    0.17413E-09    0.89049E-08    0.34788E-09    0.00000E+00    0.00000E+00    0.00000E+00
    0.63500E+07    0.20043E-09    0.96504E-08    0.37601E-09    0.00000E+00    0.00000E+00    0.00000E+00
    0.63545E+07    0.22568E-09    0.10394E-07    0.40290E-09    0.00000E+00    0.00000E+00    0.00000E+00
    0.63590E+07    0.25238E-09    0.11211E-07    0.43120E-09    0.00000E+00    0.00000E+00    0.00000E+00
    0.63590E+07    0.56088E-09    0.77444E-08   -0.28093E-08    0.00000E+00    0.00000E+00    0.00000E+00
    0.63600E+07    0.41677E-09    0.79617E-08   -0.29884E-08    0.00000E+00    0.00000E+00    0.00000E+00
    0.63629E+07    0.11482E-09    0.84186E-08   -0.33673E-08    0.00000E+00    0.00000E+00    0.00000E+00
    0.63658E+07    0.66329E-12    0.85954E-08   -0.35182E-08    0.00000E+00    0.00000E+00    0.00000E+00
    0.63658E+07    0.85936E-10    0.10637E-08   -0.83962E-08    0.00000E+00    0.00000E+00    0.00000E+00
    0.63660E+07    0.29109E-28    0.10671E-08   -0.84500E-08    0.00000E+00    0.00000E+00    0.00000E+00
    0.63660E+07    0.00000E+00    0.00000E+00    0.00000E+00    0.00000E+00    0.00000E+00    0.00000E+00
    0.63710E+07    0.00000E+00    0.00000E+00    0.00000E+00    0.00000E+00    0.00000E+00    0.00000E+00
