    0.34800E+07    0.79415E-43    0.27514E-25    0.13912E-25    0.00000E+00    0.00000E+00    0.00000E+00
    0.34850E+07    0.99040E-28    0.27709E-25    0.14070E-25    0.00000E+00    0.00000E+00    0.00000E+00
    0.34900E+07    0.39653E-27    0.28161E-25    0.14487E-25    0.00000E+00    0.00000E+00    0.00000E+00
    0.34950E+07    0.89574E-27    0.28878E-25    0.15169E-25    0.00000E+00    0.00000E+00    0.00000E+00
    0.35000E+07    0.16036E-26    0.29870E-25    0.16126E-25    0.00000E+00    0.00000E+00    0.00000E+00
    0.35050E+07    0.25308E-26    0.31154E-25    0.17373E-25    0.00000E+00    0.00000E+00    0.00000E+00
    0.35100E+07    0.36918E-26    0.32752E-25    0.18932E-25    0.00000E+00    0.00000E+00    0.00000E+00
    0.35150E+07    0.51052E-26    0.34690E-25    0.20826E-25    0.00000E+00    0.00000E+00    0.00000E+00
    0.35200E+07    0.67937E-26    0.37002E-25    0.23089E-25    0.00000E+00    0.00000E+00    0.00000E+00
    0.35250E+07    0.87850E-26    0.39725E-25    0.25756E-25    0.00000E+00    0.00000E+00    0.00000E+00
    0.35300E+07    0.11112E-25    0.42907E-25    0.28874E-25    0.00000E+00    0.00000E+00    0.00000E+00
    0.35350E+07    0.13812E-25    0.46601E-25    0.32494E-25    0.00000E+00    0.00000E+00    0.00000E+00
    0.35400E+07    0.16929E-25    0.50869E-25    0.36677E-25    0.00000E+00    0.00000E+00    0.00000E+00
    0.35450E+07    0.20516E-25    0.55783E-25    0.41491E-25    0.00000E+00    0.00000E+00    0.00000E+00
    0.35500E+07    0.24630E-25    0.61425E-25    0.47017E-25    0.00000E+00    0.00000E+00    0.00000E+00
    0.35550E+07    0.29339E-25    0.67890E-25    0.53346E-25    0.00000E+00    0.00000E+00    0.00000E+00
    0.35600E+07    0.34720E-25    0.75285E-25    0.60584E-25    0.00000E+00    0.00000E+00    0.00000E+00
    0.35650E+07    0.40860E-25    0.83734E-25    0.68848E-25    0.00000E+00    0.00000E+00    0.00000E+00
    0.35700E+07    0.47858E-25    0.93374E-25    0.78275E-25    0.00000E+00    0.00000E+00    0.00000E+00
    0.35750E+07    0.55829E-25    0.10437E-24    0.89018E-25    0.00000E+00    0.00000E+00    0.00000E+00
    0.35800E+07    0.64901E-25    0.11689E-24    0.10125E-24    0.00000E+00    0.00000E+00    0.00000E+00
    0.35850E+07    0.75219E-25    0.13115E-24    0.11518E-24    0.00000E+00    0.00000E+00    0.00000E+00
    0.35900E+07    0.86950E-25    0.14738E-24    0.13102E-24    0.00000E+00    0.00000E+00    0.00000E+00
    0.35950E+07    0.10028E-24    0.16585E-24    0.14903E-24    0.00000E+00    0.00000E+00    0.00000E+00
    0.36000E+07    0.11542E-24    0.18684E-24    0.16950E-24    0.00000E+00    0.00000E+00    0.00000E+00
    0.36050E+07    0.13261E-24    0.21071E-24    0.19276E-24    0.00000E+00    0.00000E+00    0.00000E+00
    0.36100E+07    0.15213E-24    0.23783E-24    0.21918E-24    0.00000E+00    0.00000E+00    0.00000E+00
    0.36150E+07    0.17428E-24    0.26864E-24    0.24917E-24    0.00000E+00    0.00000E+00    0.00000E+00
    0.36200E+07    0.19941E-24    0.30362E-24    0.28322E-24    0.00000E+00    0.00000E+00    0.00000E+00
    0.36250E+07    0.22791E-24    0.34334E-24    0.32186E-24    0.00000E+00    0.00000E+00    0.00000E+00
    0.36300E+07    0.26022E-24    0.38843E-24    0.36570E-24    0.00000E+00    0.00000E+00    0.00000E+00
    0.36300E+07    0.26023E-24    0.38843E-24    0.36570E-24    0.00000E+00    0.00000E+00    0.00000E+00
    0.36350E+07    0.29713E-24    0.43946E-24    0.41535E-24    0.00000E+00    0.00000E+00    0.00000E+00
    0.36400E+07    0.33896E-24    0.49737E-24    0.47165E-24    0.00000E+00    0.00000E+00    0.00000E+00
    0.36450E+07    0.38635E-24    0.56307E-24    0.53545E-24    0.00000E+00    0.00000E+00    0.00000E+00
    0.36500E+07    0.44005E-24    0.63759E-24    0.60774E-24    0.00000E+00    0.00000E+00    0.00000E+00
    0.36550E+07    0.50087E-24    0.72209E-24    0.68963E-24    0.00000E+00    0.00000E+00    0.00000E+00
    0.36600E+07    0.56973E-24    0.81787E-24    0.78238E-24    0.00000E+00    0.00000E+00    0.00000E+00
    0.36650E+07    0.64769E-24    0.92643E-24    0.88738E-24    0.00000E+00    0.00000E+00    0.00000E+00
    0.36700E+07    0.73592E-24    0.10494E-23    0.10062E-23    0.00000E+00    0.00000E+00    0.00000E+00
    0.36750E+07    0.83575E-24    0.11888E-23    0.11408E-23    0.00000E+00    0.00000E+00    0.00000E+00
    0.36800E+07    0.94868E-24    0.13466E-23    0.12929E-23    0.00000E+00    0.00000E+00    0.00000E+00
    0.36850E+07    0.10764E-23    0.15252E-23    0.14651E-23    0.00000E+00    0.00000E+00    0.00000E+00
    0.36900E+07    0.12208E-23    0.17275E-23    0.16597E-23    0.00000E+00    0.00000E+00    0.00000E+00
    0.36950E+07    0.13840E-23    0.19564E-23    0.18798E-23    0.00000E+00    0.00000E+00    0.00000E+00
    0.37000E+07    0.15685E-23    0.22153E-23    0.21285E-23    0.00000E+00    0.00000E+00    0.00000E+00
    0.37050E+07    0.17770E-23    0.25082E-23    0.24096E-23    0.00000E+00    0.00000E+00    0.00000E+00
    0.37100E+07    0.20124E-23    0.28395E-23    0.27271E-23    0.00000E+00    0.00000E+00    0.00000E+00
    0.37150E+07    0.22783E-23    0.32140E-23    0.30858E-23    0.00000E+00    0.00000E+00    0.00000E+00
    0.37200E+07    0.25785E-23    0.36374E-23    0.34908E-23    0.00000E+00    0.00000E+00    0.00000E+00
    0.37250E+07    0.29174E-23    0.41158E-23    0.39479E-23    0.00000E+00    0.00000E+00    0.00000E+00
    0.37300E+07    0.32998E-23    0.46563E-23    0.44640E-23    0.00000E+00    0.00000E+00    0.00000E+00
    0.37350E+07    0.37312E-23    0.52669E-23    0.50463E-23    0.00000E+00    0.00000E+00    0.00000E+00
    0.37400E+07    0.42179E-23    0.59564E-23    0.57031E-23    0.00000E+00    0.00000E+00    0.00000E+00
    0.37450E+07    0.47667E-23    0.67349E-23    0.64440E-23    0.00000E+00    0.00000E+00    0.00000E+00
    0.37500E+07    0.53855E-23    0.76136E-23    0.72794E-23    0.00000E+00    0.00000E+00    0.00000E+00
    0.37550E+07    0.60830E-23    0.86052E-23    0.82212E-23    0.00000E+00    0.00000E+00    0.00000E+00
    0.37600E+07    0.68689E-23    0.97240E-23    0.92826E-23    0.00000E+00    0.00000E+00    0.00000E+00
    0.37650E+07    0.77545E-23    0.10986E-22    0.10479E-22    0.00000E+00    0.00000E+00    0.00000E+00
    0.37700E+07    0.87519E-23    0.12409E-22    0.11826E-22    0.00000E+00    0.00000E+00    0.00000E+00
    0.37750E+07    0.98752E-23    0.14014E-22    0.13343E-22    0.00000E+00    0.00000E+00    0.00000E+00
    0.37800E+07    0.11140E-22    0.15822E-22    0.15052E-22    0.00000E+00    0.00000E+00    0.00000E+00
    0.37850E+07    0.12563E-22    0.17861E-22    0.16976E-22    0.00000E+00    0.00000E+00    0.00000E+00
    0.37900E+07    0.14165E-22    0.20157E-22    0.19141E-22    0.00000E+00    0.00000E+00    0.00000E+00
    0.37950E+07    0.15967E-22    0.22744E-22    0.21577E-22    0.00000E+00    0.00000E+00    0.00000E+00
    0.38000E+07    0.17995E-22    0.25658E-22    0.24317E-22    0.00000E+00    0.00000E+00    0.00000E+00
    0.38050E+07    0.20274E-22    0.28938E-22    0.27399E-22    0.00000E+00    0.00000E+00    0.00000E+00
    0.38100E+07    0.22837E-22    0.32630E-22    0.30865E-22    0.00000E+00    0.00000E+00    0.00000E+00
    0.38150E+07    0.25718E-22    0.36785E-22    0.34761E-22    0.00000E+00    0.00000E+00    0.00000E+00
    0.38200E+07    0.28956E-22    0.41461E-22    0.39140E-22    0.00000E+00    0.00000E+00    0.00000E+00
    0.38250E+07    0.32593E-22    0.46720E-22    0.44060E-22    0.00000E+00    0.00000E+00    0.00000E+00
    0.38300E+07    0.36679E-22    0.52635E-22    0.49588E-22    0.00000E+00    0.00000E+00    0.00000E+00
    0.38350E+07    0.41267E-22    0.59286E-22    0.55796E-22    0.00000E+00    0.00000E+00    0.00000E+00
    0.38400E+07    0.46419E-22    0.66762E-22    0.62767E-22    0.00000E+00    0.00000E+00    0.00000E+00
    0.38450E+07    0.52202E-22    0.75164E-22    0.70593E-22    0.00000E+00    0.00000E+00    0.00000E+00
    0.38500E+07    0.58691E-22    0.84606E-22    0.79377E-22    0.00000E+00    0.00000E+00    0.00000E+00
    0.38550E+07    0.65971E-22    0.95212E-22    0.89233E-22    0.00000E+00    0.00000E+00    0.00000E+00
    0.38600E+07    0.74139E-22    0.10712E-21    0.10029E-21    0.00000E+00    0.00000E+00    0.00000E+00
    0.38650E+07    0.83298E-22    0.12050E-21    0.11269E-21    0.00000E+00    0.00000E+00    0.00000E+00
    0.38700E+07    0.93567E-22    0.13552E-21    0.12660E-21    0.00000E+00    0.00000E+00    0.00000E+00
    0.38750E+07    0.10508E-21    0.15237E-21    0.14219E-21    0.00000E+00    0.00000E+00    0.00000E+00
    0.38800E+07    0.11798E-21    0.17128E-21    0.15967E-21    0.00000E+00    0.00000E+00    0.00000E+00
    0.38850E+07    0.13243E-21    0.19250E-21    0.17925E-21    0.00000E+00    0.00000E+00    0.00000E+00
    0.38900E+07    0.14863E-21    0.21630E-21    0.20119E-21    0.00000E+00    0.00000E+00    0.00000E+00
    0.38950E+07    0.16676E-21    0.24298E-21    0.22576E-21    0.00000E+00    0.00000E+00    0.00000E+00
    0.39000E+07    0.18707E-21    0.27290E-21    0.25328E-21    0.00000E+00    0.00000E+00    0.00000E+00
    0.39050E+07    0.20980E-21    0.30644E-21    0.28409E-21    0.00000E+00    0.00000E+00    0.00000E+00
    0.39100E+07    0.23524E-21    0.34402E-21    0.31858E-21    0.00000E+00    0.00000E+00    0.00000E+00
    0.39150E+07    0.26370E-21    0.38613E-21    0.35718E-21    0.00000E+00    0.00000E+00    0.00000E+00
    0.39200E+07    0.29555E-21    0.43330E-21    0.40036E-21    0.00000E+00    0.00000E+00    0.00000E+00
    0.39250E+07    0.33116E-21    0.48612E-21    0.44866E-21    0.00000E+00    0.00000E+00    0.00000E+00
    0.39300E+07    0.37099E-21    0.54526E-21    0.50267E-21    0.00000E+00    0.00000E+00    0.00000E+00
    0.39350E+07    0.41551E-21    0.61147E-21    0.56307E-21    0.00000E+00    0.00000E+00    0.00000E+00
    0.39400E+07    0.46527E-21    0.68556E-21    0.63058E-21    0.00000E+00    0.00000E+00    0.00000E+00
    0.39450E+07    0.52088E-21    0.76847E-21    0.70603E-21    0.00000E+00    0.00000E+00    0.00000E+00
    0.39500E+07    0.58300E-21    0.86122E-21    0.79033E-21    0.00000E+00    0.00000E+00    0.00000E+00
    0.39550E+07    0.65239E-21    0.96496E-21    0.88450E-21    0.00000E+00    0.00000E+00    0.00000E+00
    0.39600E+07    0.72988E-21    0.10810E-20    0.98968E-21    0.00000E+00    0.00000E+00    0.00000E+00
    0.39650E+07    0.81639E-21    0.12106E-20    0.11071E-20    0.00000E+00    0.00000E+00    0.00000E+00
    0.39700E+07    0.91295E-21    0.13556E-20    0.12382E-20    0.00000E+00    0.00000E+00    0.00000E+00
    0.39750E+07    0.10207E-20    0.15176E-20    0.13846E-20    0.00000E+00    0.00000E+00    0.00000E+00
    0.39800E+07    0.11409E-20    0.16985E-20    0.15478E-20    0.00000E+00    0.00000E+00    0.00000E+00
    0.39850E+07    0.12751E-20    0.19007E-20    0.17300E-20    0.00000E+00    0.00000E+00    0.00000E+00
    0.39900E+07    0.14246E-20    0.21264E-20    0.19332E-20    0.00000E+00    0.00000E+00    0.00000E+00
    0.39950E+07    0.15914E-20    0.23784E-20    0.21597E-20    0.00000E+00    0.00000E+00    0.00000E+00
    0.40000E+07    0.17773E-20    0.26598E-20    0.24123E-20    0.00000E+00    0.00000E+00    0.00000E+00
    0.40050E+07    0.19845E-20    0.29738E-20    0.26939E-20    0.00000E+00    0.00000E+00    0.00000E+00
    0.40100E+07    0.22154E-20    0.33242E-20    0.30077E-20    0.00000E+00    0.00000E+00    0.00000E+00
    0.40150E+07    0.24726E-20    0.37150E-20    0.33572E-20    0.00000E+00    0.00000E+00    0.00000E+00
    0.40200E+07    0.27590E-20    0.41510E-20    0.37466E-20    0.00000E+00    0.00000E+00    0.00000E+00
    0.40250E+07    0.30780E-20    0.46371E-20    0.41803E-20    0.00000E+00    0.00000E+00    0.00000E+00
    0.40300E+07    0.34331E-20    0.51790E-20    0.46632E-20    0.00000E+00    0.00000E+00    0.00000E+00
    0.40350E+07    0.38283E-20    0.57831E-20    0.52007E-20    0.00000E+00    0.00000E+00    0.00000E+00
    0.40400E+07    0.42682E-20    0.64563E-20    0.57989E-20    0.00000E+00    0.00000E+00    0.00000E+00
    0.40450E+07    0.47575E-20    0.72063E-20    0.64645E-20    0.00000E+00    0.00000E+00    0.00000E+00
    0.40500E+07    0.53018E-20    0.80417E-20    0.72050E-20    0.00000E+00    0.00000E+00    0.00000E+00
    0.40550E+07    0.59071E-20    0.89722E-20    0.80286E-20    0.00000E+00    0.00000E+00    0.00000E+00
    0.40600E+07    0.65801E-20    0.10008E-19    0.89445E-20    0.00000E+00    0.00000E+00    0.00000E+00
    0.40650E+07    0.73283E-20    0.11161E-19    0.99626E-20    0.00000E+00    0.00000E+00    0.00000E+00
    0.40700E+07    0.81597E-20    0.12445E-19    0.11094E-19    0.00000E+00    0.00000E+00    0.00000E+00
    0.40750E+07    0.90836E-20    0.13873E-19    0.12352E-19    0.00000E+00    0.00000E+00    0.00000E+00
    0.40800E+07    0.10110E-19    0.15462E-19    0.13749E-19    0.00000E+00    0.00000E+00    0.00000E+00
    0.40850E+07    0.11250E-19    0.17230E-19    0.15301E-19    0.00000E+00    0.00000E+00    0.00000E+00
    0.40900E+07    0.12515E-19    0.19195E-19    0.17025E-19    0.00000E+00    0.00000E+00    0.00000E+00
    0.40950E+07    0.13921E-19    0.21380E-19    0.18939E-19    0.00000E+00    0.00000E+00    0.00000E+00
    0.41000E+07    0.15480E-19    0.23810E-19    0.21063E-19    0.00000E+00    0.00000E+00    0.00000E+00
    0.41050E+07    0.17211E-19    0.26509E-19    0.23421E-19    0.00000E+00    0.00000E+00    0.00000E+00
    0.41100E+07    0.19131E-19    0.29509E-19    0.26037E-19    0.00000E+00    0.00000E+00    0.00000E+00
    0.41150E+07    0.21261E-19    0.32841E-19    0.28940E-19    0.00000E+00    0.00000E+00    0.00000E+00
    0.41200E+07    0.23623E-19    0.36542E-19    0.32159E-19    0.00000E+00    0.00000E+00    0.00000E+00
    0.41250E+07    0.26243E-19    0.40652E-19    0.35729E-19    0.00000E+00    0.00000E+00    0.00000E+00
    0.41300E+07    0.29146E-19    0.45215E-19    0.39686E-19    0.00000E+00    0.00000E+00    0.00000E+00
    0.41350E+07    0.32364E-19    0.50279E-19    0.44073E-19    0.00000E+00    0.00000E+00    0.00000E+00
    0.41400E+07    0.35929E-19    0.55900E-19    0.48934E-19    0.00000E+00    0.00000E+00    0.00000E+00
    0.41450E+07    0.39879E-19    0.62136E-19    0.54321E-19    0.00000E+00    0.00000E+00    0.00000E+00
    0.41500E+07    0.44254E-19    0.69053E-19    0.60287E-19    0.00000E+00    0.00000E+00    0.00000E+00
    0.41550E+07    0.49098E-19    0.76725E-19    0.66895E-19    0.00000E+00    0.00000E+00    0.00000E+00
    0.41600E+07    0.54462E-19    0.85232E-19    0.74211E-19    0.00000E+00    0.00000E+00    0.00000E+00
    0.41650E+07    0.60398E-19    0.94663E-19    0.82311E-19    0.00000E+00    0.00000E+00    0.00000E+00
    0.41700E+07    0.66968E-19    0.10512E-18    0.91275E-19    0.00000E+00    0.00000E+00    0.00000E+00
    0.41750E+07    0.74238E-19    0.11670E-18    0.10119E-18    0.00000E+00    0.00000E+00    0.00000E+00
    0.41800E+07    0.82279E-19    0.12953E-18    0.11217E-18    0.00000E+00    0.00000E+00    0.00000E+00
    0.41850E+07    0.91172E-19    0.14375E-18    0.12431E-18    0.00000E+00    0.00000E+00    0.00000E+00
    0.41900E+07    0.10101E-18    0.15950E-18    0.13773E-18    0.00000E+00    0.00000E+00    0.00000E+00
    0.41950E+07    0.11188E-18    0.17693E-18    0.15257E-18    0.00000E+00    0.00000E+00    0.00000E+00
    0.42000E+07    0.12389E-18    0.19623E-18    0.16898E-18    0.00000E+00    0.00000E+00    0.00000E+00
    0.42050E+07    0.13717E-18    0.21759E-18    0.18711E-18    0.00000E+00    0.00000E+00    0.00000E+00
    0.42100E+07    0.15184E-18    0.24123E-18    0.20715E-18    0.00000E+00    0.00000E+00    0.00000E+00
    0.42150E+07    0.16804E-18    0.26738E-18    0.22928E-18    0.00000E+00    0.00000E+00    0.00000E+00
    0.42200E+07    0.18594E-18    0.29631E-18    0.25372E-18    0.00000E+00    0.00000E+00    0.00000E+00
    0.42250E+07    0.20569E-18    0.32830E-18    0.28071E-18    0.00000E+00    0.00000E+00    0.00000E+00
    0.42300E+07    0.22750E-18    0.36367E-18    0.31051E-18    0.00000E+00    0.00000E+00    0.00000E+00
    0.42350E+07    0.25157E-18    0.40278E-18    0.34341E-18    0.00000E+00    0.00000E+00    0.00000E+00
    0.42400E+07    0.27813E-18    0.44600E-18    0.37971E-18    0.00000E+00    0.00000E+00    0.00000E+00
    0.42450E+07    0.30743E-18    0.49375E-18    0.41976E-18    0.00000E+00    0.00000E+00    0.00000E+00
    0.42500E+07    0.33975E-18    0.54652E-18    0.46394E-18    0.00000E+00    0.00000E+00    0.00000E+00
    0.42550E+07    0.37539E-18    0.60480E-18    0.51266E-18    0.00000E+00    0.00000E+00    0.00000E+00
    0.42600E+07    0.41468E-18    0.66917E-18    0.56639E-18    0.00000E+00    0.00000E+00    0.00000E+00
    0.42650E+07    0.45799E-18    0.74024E-18    0.62561E-18    0.00000E+00    0.00000E+00    0.00000E+00
    0.42700E+07    0.50572E-18    0.81869E-18    0.69089E-18    0.00000E+00    0.00000E+00    0.00000E+00
    0.42750E+07    0.55832E-18    0.90528E-18    0.76283E-18    0.00000E+00    0.00000E+00    0.00000E+00
    0.42800E+07    0.61625E-18    0.10008E-17    0.84208E-18    0.00000E+00    0.00000E+00    0.00000E+00
    0.42850E+07    0.68006E-18    0.11062E-17    0.92938E-18    0.00000E+00    0.00000E+00    0.00000E+00
    0.42900E+07    0.75033E-18    0.12225E-17    0.10255E-17    0.00000E+00    0.00000E+00    0.00000E+00
    0.42950E+07    0.82768E-18    0.13508E-17    0.11314E-17    0.00000E+00    0.00000E+00    0.00000E+00
    0.43000E+07    0.91283E-18    0.14921E-17    0.12479E-17    0.00000E+00    0.00000E+00    0.00000E+00
    0.43050E+07    0.10065E-17    0.16480E-17    0.13762E-17    0.00000E+00    0.00000E+00    0.00000E+00
    0.43100E+07    0.11096E-17    0.18198E-17    0.15173E-17    0.00000E+00    0.00000E+00    0.00000E+00
    0.43150E+07    0.12230E-17    0.20091E-17    0.16725E-17    0.00000E+00    0.00000E+00    0.00000E+00
    0.43200E+07    0.13478E-17    0.22177E-17    0.18433E-17    0.00000E+00    0.00000E+00    0.00000E+00
    0.43250E+07    0.14849E-17    0.24474E-17    0.20311E-17    0.00000E+00    0.00000E+00    0.00000E+00
    0.43300E+07    0.16357E-17    0.27004E-17    0.22376E-17    0.00000E+00    0.00000E+00    0.00000E+00
    0.43350E+07    0.18014E-17    0.29790E-17    0.24645E-17    0.00000E+00    0.00000E+00    0.00000E+00
    0.43400E+07    0.19835E-17    0.32857E-17    0.27140E-17    0.00000E+00    0.00000E+00    0.00000E+00
    0.43450E+07    0.21836E-17    0.36232E-17    0.29880E-17    0.00000E+00    0.00000E+00    0.00000E+00
    0.43500E+07    0.24033E-17    0.39947E-17    0.32891E-17    0.00000E+00    0.00000E+00    0.00000E+00
    0.43550E+07    0.26447E-17    0.44033E-17    0.36198E-17    0.00000E+00    0.00000E+00    0.00000E+00
    0.43600E+07    0.29097E-17    0.48528E-17    0.39830E-17    0.00000E+00    0.00000E+00    0.00000E+00
    0.43650E+07    0.32006E-17    0.53472E-17    0.43817E-17    0.00000E+00    0.00000E+00    0.00000E+00
    0.43700E+07    0.35199E-17    0.58908E-17    0.48193E-17    0.00000E+00    0.00000E+00    0.00000E+00
    0.43750E+07    0.38703E-17    0.64884E-17    0.52996E-17    0.00000E+00    0.00000E+00    0.00000E+00
    0.43800E+07    0.42547E-17    0.71453E-17    0.58266E-17    0.00000E+00    0.00000E+00    0.00000E+00
    0.43850E+07    0.46764E-17    0.78671E-17    0.64047E-17    0.00000E+00    0.00000E+00    0.00000E+00
    0.43900E+07    0.51388E-17    0.86602E-17    0.70388E-17    0.00000E+00    0.00000E+00    0.00000E+00
    0.43950E+07    0.56458E-17    0.95313E-17    0.77340E-17    0.00000E+00    0.00000E+00    0.00000E+00
    0.44000E+07    0.62015E-17    0.10488E-16    0.84963E-17    0.00000E+00    0.00000E+00    0.00000E+00
    0.44050E+07    0.68107E-17    0.11539E-16    0.93318E-17    0.00000E+00    0.00000E+00    0.00000E+00
    0.44100E+07    0.74782E-17    0.12692E-16    0.10247E-16    0.00000E+00    0.00000E+00    0.00000E+00
    0.44150E+07    0.82094E-17    0.13958E-16    0.11251E-16    0.00000E+00    0.00000E+00    0.00000E+00
    0.44200E+07    0.90104E-17    0.15347E-16    0.12349E-16    0.00000E+00    0.00000E+00    0.00000E+00
    0.44250E+07    0.98875E-17    0.16872E-16    0.13553E-16    0.00000E+00    0.00000E+00    0.00000E+00
    0.44300E+07    0.10848E-16    0.18544E-16    0.14871E-16    0.00000E+00    0.00000E+00    0.00000E+00
    0.44350E+07    0.11899E-16    0.20378E-16    0.16314E-16    0.00000E+00    0.00000E+00    0.00000E+00
    0.44400E+07    0.13050E-16    0.22389E-16    0.17893E-16    0.00000E+00    0.00000E+00    0.00000E+00
    0.44450E+07    0.14309E-16    0.24594E-16    0.19621E-16    0.00000E+00    0.00000E+00    0.00000E+00
    0.44500E+07    0.15686E-16    0.27011E-16    0.21512E-16    0.00000E+00    0.00000E+00    0.00000E+00
    0.44550E+07    0.17193E-16    0.29660E-16    0.23580E-16    0.00000E+00    0.00000E+00    0.00000E+00
    0.44600E+07    0.18840E-16    0.32562E-16    0.25842E-16    0.00000E+00    0.00000E+00    0.00000E+00
    0.44650E+07    0.20641E-16    0.35742E-16    0.28316E-16    0.00000E+00    0.00000E+00    0.00000E+00
    0.44700E+07    0.22610E-16    0.39224E-16    0.31019E-16    0.00000E+00    0.00000E+00    0.00000E+00
    0.44750E+07    0.24762E-16    0.43037E-16    0.33975E-16    0.00000E+00    0.00000E+00    0.00000E+00
    0.44800E+07    0.27113E-16    0.47213E-16    0.37204E-16    0.00000E+00    0.00000E+00    0.00000E+00
    0.44850E+07    0.29682E-16    0.51783E-16    0.40733E-16    0.00000E+00    0.00000E+00    0.00000E+00
    0.44900E+07    0.32487E-16    0.56786E-16    0.44587E-16    0.00000E+00    0.00000E+00    0.00000E+00
    0.44950E+07    0.35551E-16    0.62259E-16    0.48796E-16    0.00000E+00    0.00000E+00    0.00000E+00
    0.45000E+07    0.38896E-16    0.68247E-16    0.53392E-16    0.00000E+00    0.00000E+00    0.00000E+00
    0.45050E+07    0.42547E-16    0.74797E-16    0.58410E-16    0.00000E+00    0.00000E+00    0.00000E+00
    0.45100E+07    0.46532E-16    0.81960E-16    0.63886E-16    0.00000E+00    0.00000E+00    0.00000E+00
    0.45150E+07    0.50880E-16    0.89792E-16    0.69862E-16    0.00000E+00    0.00000E+00    0.00000E+00
    0.45200E+07    0.55623E-16    0.98354E-16    0.76382E-16    0.00000E+00    0.00000E+00    0.00000E+00
    0.45250E+07    0.60797E-16    0.10771E-15    0.83493E-16    0.00000E+00    0.00000E+00    0.00000E+00
    0.45300E+07    0.66438E-16    0.11794E-15    0.91249E-16    0.00000E+00    0.00000E+00    0.00000E+00
    0.45350E+07    0.72589E-16    0.12911E-15    0.99705E-16    0.00000E+00    0.00000E+00    0.00000E+00
    0.45400E+07    0.79293E-16    0.14131E-15    0.10892E-15    0.00000E+00    0.00000E+00    0.00000E+00
    0.45450E+07    0.86600E-16    0.15464E-15    0.11897E-15    0.00000E+00    0.00000E+00    0.00000E+00
    0.45500E+07    0.94561E-16    0.16920E-15    0.12992E-15    0.00000E+00    0.00000E+00    0.00000E+00
    0.45550E+07    0.10323E-15    0.18508E-15    0.14185E-15    0.00000E+00    0.00000E+00    0.00000E+00
    0.45600E+07    0.11268E-15    0.20243E-15    0.15484E-15    0.00000E+00    0.00000E+00    0.00000E+00
    0.45650E+07    0.12297E-15    0.22135E-15    0.16899E-15    0.00000E+00    0.00000E+00    0.00000E+00
    0.45700E+07    0.13417E-15    0.24200E-15    0.18439E-15    0.00000E+00    0.00000E+00    0.00000E+00
    0.45750E+07    0.14636E-15    0.26453E-15    0.20116E-15    0.00000E+00    0.00000E+00    0.00000E+00
    0.45800E+07    0.15962E-15    0.28910E-15    0.21941E-15    0.00000E+00    0.00000E+00    0.00000E+00
    0.45850E+07    0.17406E-15    0.31589E-15    0.23927E-15    0.00000E+00    0.00000E+00    0.00000E+00
    0.45900E+07    0.18976E-15    0.34510E-15    0.26088E-15    0.00000E+00    0.00000E+00    0.00000E+00
    0.45950E+07    0.20684E-15    0.37694E-15    0.28438E-15    0.00000E+00    0.00000E+00    0.00000E+00
    0.46000E+07    0.22541E-15    0.41164E-15    0.30994E-15    0.00000E+00    0.00000E+00    0.00000E+00
    0.46050E+07    0.24560E-15    0.44944E-15    0.33773E-15    0.00000E+00    0.00000E+00    0.00000E+00
    0.46100E+07    0.26754E-15    0.49064E-15    0.36794E-15    0.00000E+00    0.00000E+00    0.00000E+00
    0.46150E+07    0.29139E-15    0.53550E-15    0.40076E-15    0.00000E+00    0.00000E+00    0.00000E+00
    0.46200E+07    0.31731E-15    0.58436E-15    0.43644E-15    0.00000E+00    0.00000E+00    0.00000E+00
    0.46250E+07    0.34546E-15    0.63756E-15    0.47519E-15    0.00000E+00    0.00000E+00    0.00000E+00
    0.46300E+07    0.37603E-15    0.69547E-15    0.51728E-15    0.00000E+00    0.00000E+00    0.00000E+00
    0.46350E+07    0.40924E-15    0.75850E-15    0.56299E-15    0.00000E+00    0.00000E+00    0.00000E+00
    0.46400E+07    0.44528E-15    0.82708E-15    0.61262E-15    0.00000E+00    0.00000E+00    0.00000E+00
    0.46450E+07    0.48440E-15    0.90170E-15    0.66649E-15    0.00000E+00    0.00000E+00    0.00000E+00
    0.46500E+07    0.52686E-15    0.98287E-15    0.72496E-15    0.00000E+00    0.00000E+00    0.00000E+00
    0.46550E+07    0.57292E-15    0.10712E-14    0.78840E-15    0.00000E+00    0.00000E+00    0.00000E+00
    0.46600E+07    0.62289E-15    0.11671E-14    0.85722E-15    0.00000E+00    0.00000E+00    0.00000E+00
    0.46650E+07    0.67709E-15    0.12715E-14    0.93187E-15    0.00000E+00    0.00000E+00    0.00000E+00
    0.46700E+07    0.73586E-15    0.13849E-14    0.10128E-14    0.00000E+00    0.00000E+00    0.00000E+00
    0.46750E+07    0.79958E-15    0.15082E-14    0.11006E-14    0.00000E+00    0.00000E+00    0.00000E+00
    0.46800E+07    0.86863E-15    0.16421E-14    0.11957E-14    0.00000E+00    0.00000E+00    0.00000E+00
    0.46850E+07    0.94347E-15    0.17876E-14    0.12988E-14    0.00000E+00    0.00000E+00    0.00000E+00
    0.46900E+07    0.10246E-14    0.19456E-14    0.14105E-14    0.00000E+00    0.00000E+00    0.00000E+00
    0.46950E+07    0.11124E-14    0.21172E-14    0.15315E-14    0.00000E+00    0.00000E+00    0.00000E+00
    0.47000E+07    0.12075E-14    0.23035E-14    0.16626E-14    0.00000E+00    0.00000E+00    0.00000E+00
    0.47050E+07    0.13105E-14    0.25057E-14    0.18045E-14    0.00000E+00    0.00000E+00    0.00000E+00
    0.47100E+07    0.14220E-14    0.27251E-14    0.19582E-14    0.00000E+00    0.00000E+00    0.00000E+00
    0.47150E+07    0.15427E-14    0.29633E-14    0.21245E-14    0.00000E+00    0.00000E+00    0.00000E+00
    0.47200E+07    0.16733E-14    0.32216E-14    0.23045E-14    0.00000E+00    0.00000E+00    0.00000E+00
    0.47250E+07    0.18147E-14    0.35018E-14    0.24992E-14    0.00000E+00    0.00000E+00    0.00000E+00
    0.47300E+07    0.19675E-14    0.38057E-14    0.27099E-14    0.00000E+00    0.00000E+00    0.00000E+00
    0.47350E+07    0.21328E-14    0.41352E-14    0.29377E-14    0.00000E+00    0.00000E+00    0.00000E+00
    0.47400E+07    0.23116E-14    0.44924E-14    0.31841E-14    0.00000E+00    0.00000E+00    0.00000E+00
    0.47450E+07    0.25048E-14    0.48795E-14    0.34504E-14    0.00000E+00    0.00000E+00    0.00000E+00
    0.47500E+07    0.27137E-14    0.52990E-14    0.37383E-14    0.00000E+00    0.00000E+00    0.00000E+00
    0.47550E+07    0.29394E-14    0.57535E-14    0.40494E-14    0.00000E+00    0.00000E+00    0.00000E+00
    0.47600E+07    0.31832E-14    0.62458E-14    0.43855E-14    0.00000E+00    0.00000E+00    0.00000E+00
    0.47650E+07    0.34466E-14    0.67790E-14    0.47486E-14    0.00000E+00    0.00000E+00    0.00000E+00
    0.47700E+07    0.37311E-14    0.73564E-14    0.51407E-14    0.00000E+00    0.00000E+00    0.00000E+00
    0.47750E+07    0.40382E-14    0.79814E-14    0.55641E-14    0.00000E+00    0.00000E+00    0.00000E+00
    0.47800E+07    0.43698E-14    0.86579E-14    0.60211E-14    0.00000E+00    0.00000E+00    0.00000E+00
    0.47850E+07    0.47276E-14    0.93901E-14    0.65145E-14    0.00000E+00    0.00000E+00    0.00000E+00
    0.47900E+07    0.51137E-14    0.10182E-13    0.70468E-14    0.00000E+00    0.00000E+00    0.00000E+00
    0.47950E+07    0.55303E-14    0.11039E-13    0.76211E-14    0.00000E+00    0.00000E+00    0.00000E+00
    0.48000E+07    0.59797E-14    0.11966E-13    0.82406E-14    0.00000E+00    0.00000E+00    0.00000E+00
    0.48050E+07    0.64643E-14    0.12968E-13    0.89087E-14    0.00000E+00    0.00000E+00    0.00000E+00
    0.48100E+07    0.69867E-14    0.14052E-13    0.96290E-14    0.00000E+00    0.00000E+00    0.00000E+00
    0.48150E+07    0.75499E-14    0.15223E-13    0.10405E-13    0.00000E+00    0.00000E+00    0.00000E+00
    0.48200E+07    0.81569E-14    0.16489E-13    0.11242E-13    0.00000E+00    0.00000E+00    0.00000E+00
    0.48250E+07    0.88110E-14    0.17857E-13    0.12144E-13    0.00000E+00    0.00000E+00    0.00000E+00
    0.48300E+07    0.95156E-14    0.19335E-13    0.13115E-13    0.00000E+00    0.00000E+00    0.00000E+00
    0.48350E+07    0.10274E-13    0.20931E-13    0.14162E-13    0.00000E+00    0.00000E+00    0.00000E+00
    0.48400E+07    0.11092E-13    0.22655E-13    0.15289E-13    0.00000E+00    0.00000E+00    0.00000E+00
    0.48450E+07    0.11972E-13    0.24516E-13    0.16502E-13    0.00000E+00    0.00000E+00    0.00000E+00
    0.48500E+07    0.12919E-13    0.26526E-13    0.17807E-13    0.00000E+00    0.00000E+00    0.00000E+00
    0.48550E+07    0.13938E-13    0.28694E-13    0.19213E-13    0.00000E+00    0.00000E+00    0.00000E+00
    0.48600E+07    0.15035E-13    0.31034E-13    0.20725E-13    0.00000E+00    0.00000E+00    0.00000E+00
    0.48650E+07    0.16214E-13    0.33559E-13    0.22351E-13    0.00000E+00    0.00000E+00    0.00000E+00
    0.48700E+07    0.17483E-13    0.36282E-13    0.24101E-13    0.00000E+00    0.00000E+00    0.00000E+00
    0.48750E+07    0.18848E-13    0.39220E-13    0.25982E-13    0.00000E+00    0.00000E+00    0.00000E+00
    0.48800E+07    0.20314E-13    0.42387E-13    0.28004E-13    0.00000E+00    0.00000E+00    0.00000E+00
    0.48850E+07    0.21891E-13    0.45801E-13    0.30177E-13    0.00000E+00    0.00000E+00    0.00000E+00
    0.48900E+07    0.23585E-13    0.49481E-13    0.32513E-13    0.00000E+00    0.00000E+00    0.00000E+00
    0.48950E+07    0.25405E-13    0.53447E-13    0.35022E-13    0.00000E+00    0.00000E+00    0.00000E+00
    0.49000E+07    0.27361E-13    0.57721E-13    0.37718E-13    0.00000E+00    0.00000E+00    0.00000E+00
    0.49050E+07    0.29461E-13    0.62324E-13    0.40612E-13    0.00000E+00    0.00000E+00    0.00000E+00
    0.49100E+07    0.31715E-13    0.67282E-13    0.43720E-13    0.00000E+00    0.00000E+00    0.00000E+00
    0.49150E+07    0.34136E-13    0.72621E-13    0.47057E-13    0.00000E+00    0.00000E+00    0.00000E+00
    0.49200E+07    0.36733E-13    0.78369E-13    0.50637E-13    0.00000E+00    0.00000E+00    0.00000E+00
    0.49250E+07    0.39521E-13    0.84556E-13    0.54479E-13    0.00000E+00    0.00000E+00    0.00000E+00
    0.49300E+07    0.42512E-13    0.91214E-13    0.58601E-13    0.00000E+00    0.00000E+00    0.00000E+00
    0.49350E+07    0.45719E-13    0.98379E-13    0.63021E-13    0.00000E+00    0.00000E+00    0.00000E+00
    0.49400E+07    0.49159E-13    0.10609E-12    0.67762E-13    0.00000E+00    0.00000E+00    0.00000E+00
    0.49450E+07    0.52847E-13    0.11438E-12    0.72844E-13    0.00000E+00    0.00000E+00    0.00000E+00
    0.49500E+07    0.56800E-13    0.12329E-12    0.78291E-13    0.00000E+00    0.00000E+00    0.00000E+00
    0.49550E+07    0.61036E-13    0.13288E-12    0.84129E-13    0.00000E+00    0.00000E+00    0.00000E+00
    0.49600E+07    0.65575E-13    0.14318E-12    0.90383E-13    0.00000E+00    0.00000E+00    0.00000E+00
    0.49650E+07    0.70438E-13    0.15426E-12    0.97082E-13    0.00000E+00    0.00000E+00    0.00000E+00
    0.49700E+07    0.75645E-13    0.16616E-12    0.10426E-12    0.00000E+00    0.00000E+00    0.00000E+00
    0.49750E+07    0.81222E-13    0.17894E-12    0.11194E-12    0.00000E+00    0.00000E+00    0.00000E+00
    0.49800E+07    0.87191E-13    0.19267E-12    0.12016E-12    0.00000E+00    0.00000E+00    0.00000E+00
    0.49850E+07    0.93580E-13    0.20742E-12    0.12896E-12    0.00000E+00    0.00000E+00    0.00000E+00
    0.49900E+07    0.10042E-12    0.22326E-12    0.13838E-12    0.00000E+00    0.00000E+00    0.00000E+00
    0.49950E+07    0.10773E-12    0.24026E-12    0.14845E-12    0.00000E+00    0.00000E+00    0.00000E+00
    0.50000E+07    0.11556E-12    0.25850E-12    0.15923E-12    0.00000E+00    0.00000E+00    0.00000E+00
    0.50050E+07    0.12392E-12    0.27808E-12    0.17075E-12    0.00000E+00    0.00000E+00    0.00000E+00
    0.50100E+07    0.13287E-12    0.29908E-12    0.18306E-12    0.00000E+00    0.00000E+00    0.00000E+00
    0.50150E+07    0.14243E-12    0.32162E-12    0.19623E-12    0.00000E+00    0.00000E+00    0.00000E+00
    0.50200E+07    0.15265E-12    0.34578E-12    0.21029E-12    0.00000E+00    0.00000E+00    0.00000E+00
    0.50250E+07    0.16357E-12    0.37169E-12    0.22532E-12    0.00000E+00    0.00000E+00    0.00000E+00
    0.50300E+07    0.17523E-12    0.39947E-12    0.24137E-12    0.00000E+00    0.00000E+00    0.00000E+00
    0.50350E+07    0.18768E-12    0.42924E-12    0.25851E-12    0.00000E+00    0.00000E+00    0.00000E+00
    0.50400E+07    0.20098E-12    0.46115E-12    0.27681E-12    0.00000E+00    0.00000E+00    0.00000E+00
    0.50450E+07    0.21518E-12    0.49533E-12    0.29635E-12    0.00000E+00    0.00000E+00    0.00000E+00
    0.50500E+07    0.23033E-12    0.53195E-12    0.31720E-12    0.00000E+00    0.00000E+00    0.00000E+00
    0.50550E+07    0.24650E-12    0.57116E-12    0.33944E-12    0.00000E+00    0.00000E+00    0.00000E+00
    0.50600E+07    0.26375E-12    0.61316E-12    0.36316E-12    0.00000E+00    0.00000E+00    0.00000E+00
    0.50650E+07    0.28215E-12    0.65812E-12    0.38846E-12    0.00000E+00    0.00000E+00    0.00000E+00
    0.50700E+07    0.30177E-12    0.70624E-12    0.41544E-12    0.00000E+00    0.00000E+00    0.00000E+00
    0.50750E+07    0.32268E-12    0.75773E-12    0.44419E-12    0.00000E+00    0.00000E+00    0.00000E+00
    0.50800E+07    0.34497E-12    0.81283E-12    0.47484E-12    0.00000E+00    0.00000E+00    0.00000E+00
    0.50850E+07    0.36873E-12    0.87177E-12    0.50749E-12    0.00000E+00    0.00000E+00    0.00000E+00
    0.50900E+07    0.39404E-12    0.93480E-12    0.54227E-12    0.00000E+00    0.00000E+00    0.00000E+00
    0.50950E+07    0.42100E-12    0.10022E-11    0.57931E-12    0.00000E+00    0.00000E+00    0.00000E+00
    0.51000E+07    0.44970E-12    0.10743E-11    0.61875E-12    0.00000E+00    0.00000E+00    0.00000E+00
    0.51050E+07    0.48027E-12    0.11513E-11    0.66073E-12    0.00000E+00    0.00000E+00    0.00000E+00
    0.51100E+07    0.51280E-12    0.12336E-11    0.70541E-12    0.00000E+00    0.00000E+00    0.00000E+00
    0.51150E+07    0.54742E-12    0.13215E-11    0.75294E-12    0.00000E+00    0.00000E+00    0.00000E+00
    0.51200E+07    0.58425E-12    0.14155E-11    0.80351E-12    0.00000E+00    0.00000E+00    0.00000E+00
    0.51250E+07    0.62343E-12    0.15158E-11    0.85730E-12    0.00000E+00    0.00000E+00    0.00000E+00
    0.51300E+07    0.66509E-12    0.16230E-11    0.91448E-12    0.00000E+00    0.00000E+00    0.00000E+00
    0.51350E+07    0.70939E-12    0.17373E-11    0.97526E-12    0.00000E+00    0.00000E+00    0.00000E+00
    0.51400E+07    0.75648E-12    0.18594E-11    0.10399E-11    0.00000E+00    0.00000E+00    0.00000E+00
    0.51450E+07    0.80652E-12    0.19897E-11    0.11085E-11    0.00000E+00    0.00000E+00    0.00000E+00
    0.51500E+07    0.85969E-12    0.21287E-11    0.11814E-11    0.00000E+00    0.00000E+00    0.00000E+00
    0.51550E+07    0.91616E-12    0.22770E-11    0.12588E-11    0.00000E+00    0.00000E+00    0.00000E+00
    0.51600E+07    0.97614E-12    0.24352E-11    0.13410E-11    0.00000E+00    0.00000E+00    0.00000E+00
    0.51650E+07    0.10398E-11    0.26038E-11    0.14283E-11    0.00000E+00    0.00000E+00    0.00000E+00
    0.51700E+07    0.11074E-11    0.27836E-11    0.15209E-11    0.00000E+00    0.00000E+00    0.00000E+00
    0.51750E+07    0.11791E-11    0.29752E-11    0.16192E-11    0.00000E+00    0.00000E+00    0.00000E+00
    0.51800E+07    0.12552E-11    0.31794E-11    0.17234E-11    0.00000E+00    0.00000E+00    0.00000E+00
    0.51850E+07    0.13360E-11    0.33970E-11    0.18339E-11    0.00000E+00    0.00000E+00    0.00000E+00
    0.51900E+07    0.14216E-11    0.36287E-11    0.19511E-11    0.00000E+00    0.00000E+00    0.00000E+00
    0.51950E+07    0.15123E-11    0.38755E-11    0.20753E-11    0.00000E+00    0.00000E+00    0.00000E+00
    0.52000E+07    0.16085E-11    0.41384E-11    0.22069E-11    0.00000E+00    0.00000E+00    0.00000E+00
    0.52050E+07    0.17105E-11    0.44181E-11    0.23463E-11    0.00000E+00    0.00000E+00    0.00000E+00
    0.52100E+07    0.18185E-11    0.47159E-11    0.24940E-11    0.00000E+00    0.00000E+00    0.00000E+00
    0.52150E+07    0.19329E-11    0.50327E-11    0.26504E-11    0.00000E+00    0.00000E+00    0.00000E+00
    0.52200E+07    0.20540E-11    0.53699E-11    0.28160E-11    0.00000E+00    0.00000E+00    0.00000E+00
    0.52250E+07    0.21823E-11    0.57284E-11    0.29912E-11    0.00000E+00    0.00000E+00    0.00000E+00
    0.52300E+07    0.23180E-11    0.61098E-11    0.31766E-11    0.00000E+00    0.00000E+00    0.00000E+00
    0.52350E+07    0.24617E-11    0.65152E-11    0.33727E-11    0.00000E+00    0.00000E+00    0.00000E+00
    0.52400E+07    0.26136E-11    0.69462E-11    0.35801E-11    0.00000E+00    0.00000E+00    0.00000E+00
    0.52450E+07    0.27743E-11    0.74043E-11    0.37993E-11    0.00000E+00    0.00000E+00    0.00000E+00
    0.52500E+07    0.29443E-11    0.78910E-11    0.40311E-11    0.00000E+00    0.00000E+00    0.00000E+00
    0.52550E+07    0.31239E-11    0.84081E-11    0.42761E-11    0.00000E+00    0.00000E+00    0.00000E+00
    0.52600E+07    0.33138E-11    0.89572E-11    0.45348E-11    0.00000E+00    0.00000E+00    0.00000E+00
    0.52650E+07    0.35144E-11    0.95404E-11    0.48082E-11    0.00000E+00    0.00000E+00    0.00000E+00
    0.52700E+07    0.37263E-11    0.10160E-10    0.50967E-11    0.00000E+00    0.00000E+00    0.00000E+00
    0.52750E+07    0.39501E-11    0.10817E-10    0.54014E-11    0.00000E+00    0.00000E+00    0.00000E+00
    0.52800E+07    0.41863E-11    0.11514E-10    0.57229E-11    0.00000E+00    0.00000E+00    0.00000E+00
    0.52850E+07    0.44357E-11    0.12254E-10    0.60621E-11    0.00000E+00    0.00000E+00    0.00000E+00
    0.52900E+07    0.46988E-11    0.13039E-10    0.64199E-11    0.00000E+00    0.00000E+00    0.00000E+00
    0.52950E+07    0.49764E-11    0.13872E-10    0.67973E-11    0.00000E+00    0.00000E+00    0.00000E+00
    0.53000E+07    0.52692E-11    0.14754E-10    0.71951E-11    0.00000E+00    0.00000E+00    0.00000E+00
    0.53050E+07    0.55780E-11    0.15690E-10    0.76143E-11    0.00000E+00    0.00000E+00    0.00000E+00
    0.53100E+07    0.59034E-11    0.16682E-10    0.80561E-11    0.00000E+00    0.00000E+00    0.00000E+00
    0.53150E+07    0.62464E-11    0.17733E-10    0.85214E-11    0.00000E+00    0.00000E+00    0.00000E+00
    0.53200E+07    0.66077E-11    0.18846E-10    0.90115E-11    0.00000E+00    0.00000E+00    0.00000E+00
    0.53250E+07    0.69883E-11    0.20026E-10    0.95273E-11    0.00000E+00    0.00000E+00    0.00000E+00
    0.53300E+07    0.73891E-11    0.21274E-10    0.10070E-10    0.00000E+00    0.00000E+00    0.00000E+00
    0.53350E+07    0.78111E-11    0.22596E-10    0.10642E-10    0.00000E+00    0.00000E+00    0.00000E+00
    0.53400E+07    0.82551E-11    0.23996E-10    0.11243E-10    0.00000E+00    0.00000E+00    0.00000E+00
    0.53450E+07    0.87224E-11    0.25477E-10    0.11875E-10    0.00000E+00    0.00000E+00    0.00000E+00
    0.53500E+07    0.92138E-11    0.27044E-10    0.12539E-10    0.00000E+00    0.00000E+00    0.00000E+00
    0.53550E+07    0.97307E-11    0.28701E-10    0.13237E-10    0.00000E+00    0.00000E+00    0.00000E+00
    0.53600E+07    0.10274E-10    0.30454E-10    0.13971E-10    0.00000E+00    0.00000E+00    0.00000E+00
    0.53650E+07    0.10845E-10    0.32308E-10    0.14742E-10    0.00000E+00    0.00000E+00    0.00000E+00
    0.53700E+07    0.11445E-10    0.34267E-10    0.15551E-10    0.00000E+00    0.00000E+00    0.00000E+00
    0.53750E+07    0.12076E-10    0.36337E-10    0.16401E-10    0.00000E+00    0.00000E+00    0.00000E+00
    0.53800E+07    0.12737E-10    0.38525E-10    0.17293E-10    0.00000E+00    0.00000E+00    0.00000E+00
    0.53850E+07    0.13432E-10    0.40836E-10    0.18228E-10    0.00000E+00    0.00000E+00    0.00000E+00
    0.53900E+07    0.14162E-10    0.43277E-10    0.19209E-10    0.00000E+00    0.00000E+00    0.00000E+00
    0.53950E+07    0.14927E-10    0.45855E-10    0.20238E-10    0.00000E+00    0.00000E+00    0.00000E+00
    0.54000E+07    0.15730E-10    0.48576E-10    0.21316E-10    0.00000E+00    0.00000E+00    0.00000E+00
    0.54050E+07    0.16571E-10    0.51447E-10    0.22446E-10    0.00000E+00    0.00000E+00    0.00000E+00
    0.54100E+07    0.17454E-10    0.54478E-10    0.23630E-10    0.00000E+00    0.00000E+00    0.00000E+00
    0.54150E+07    0.18379E-10    0.57674E-10    0.24870E-10    0.00000E+00    0.00000E+00    0.00000E+00
    0.54200E+07    0.19348E-10    0.61046E-10    0.26168E-10    0.00000E+00    0.00000E+00    0.00000E+00
    0.54250E+07    0.20362E-10    0.64601E-10    0.27526E-10    0.00000E+00    0.00000E+00    0.00000E+00
    0.54300E+07    0.21425E-10    0.68349E-10    0.28947E-10    0.00000E+00    0.00000E+00    0.00000E+00
    0.54350E+07    0.22537E-10    0.72299E-10    0.30433E-10    0.00000E+00    0.00000E+00    0.00000E+00
    0.54400E+07    0.23701E-10    0.76462E-10    0.31987E-10    0.00000E+00    0.00000E+00    0.00000E+00
    0.54450E+07    0.24919E-10    0.80847E-10    0.33612E-10    0.00000E+00    0.00000E+00    0.00000E+00
    0.54500E+07    0.26193E-10    0.85466E-10    0.35309E-10    0.00000E+00    0.00000E+00    0.00000E+00
    0.54550E+07    0.27524E-10    0.90329E-10    0.37081E-10    0.00000E+00    0.00000E+00    0.00000E+00
    0.54600E+07    0.28916E-10    0.95449E-10    0.38933E-10    0.00000E+00    0.00000E+00    0.00000E+00
    0.54650E+07    0.30370E-10    0.10084E-09    0.40865E-10    0.00000E+00    0.00000E+00    0.00000E+00
    0.54700E+07    0.31888E-10    0.10651E-09    0.42881E-10    0.00000E+00    0.00000E+00    0.00000E+00
    0.54750E+07    0.33474E-10    0.11247E-09    0.44984E-10    0.00000E+00    0.00000E+00    0.00000E+00
    0.54800E+07    0.35129E-10    0.11875E-09    0.47177E-10    0.00000E+00    0.00000E+00    0.00000E+00
    0.54850E+07    0.36856E-10    0.12534E-09    0.49462E-10    0.00000E+00    0.00000E+00    0.00000E+00
    0.54900E+07    0.38658E-10    0.13228E-09    0.51844E-10    0.00000E+00    0.00000E+00    0.00000E+00
    0.54950E+07    0.40537E-10    0.13957E-09    0.54325E-10    0.00000E+00    0.00000E+00    0.00000E+00
    0.55000E+07    0.42496E-10    0.14723E-09    0.56908E-10    0.00000E+00    0.00000E+00    0.00000E+00
    0.55050E+07    0.44537E-10    0.15527E-09    0.59597E-10    0.00000E+00    0.00000E+00    0.00000E+00
    0.55100E+07    0.46663E-10    0.16372E-09    0.62395E-10    0.00000E+00    0.00000E+00    0.00000E+00
    0.55150E+07    0.48878E-10    0.17259E-09    0.65304E-10    0.00000E+00    0.00000E+00    0.00000E+00
    0.55200E+07    0.51183E-10    0.18190E-09    0.68329E-10    0.00000E+00    0.00000E+00    0.00000E+00
    0.55250E+07    0.53583E-10    0.19167E-09    0.71473E-10    0.00000E+00    0.00000E+00    0.00000E+00
    0.55300E+07    0.56078E-10    0.20193E-09    0.74740E-10    0.00000E+00    0.00000E+00    0.00000E+00
    0.55350E+07    0.58674E-10    0.21268E-09    0.78132E-10    0.00000E+00    0.00000E+00    0.00000E+00
    0.55400E+07    0.61372E-10    0.22396E-09    0.81653E-10    0.00000E+00    0.00000E+00    0.00000E+00
    0.55450E+07    0.64177E-10    0.23578E-09    0.85307E-10    0.00000E+00    0.00000E+00    0.00000E+00
    0.55500E+07    0.67090E-10    0.24817E-09    0.89096E-10    0.00000E+00    0.00000E+00    0.00000E+00
    0.55550E+07    0.70115E-10    0.26116E-09    0.93026E-10    0.00000E+00    0.00000E+00    0.00000E+00
    0.55600E+07    0.73255E-10    0.27476E-09    0.97098E-10    0.00000E+00    0.00000E+00    0.00000E+00
    0.55650E+07    0.76513E-10    0.28901E-09    0.10132E-09    0.00000E+00    0.00000E+00    0.00000E+00
    0.55700E+07    0.79894E-10    0.30393E-09    0.10568E-09    0.00000E+00    0.00000E+00    0.00000E+00
    0.55750E+07    0.83435E-10    0.31952E-09    0.11012E-09    0.00000E+00    0.00000E+00    0.00000E+00
    0.55800E+07    0.87100E-10    0.33585E-09    0.11469E-09    0.00000E+00    0.00000E+00    0.00000E+00
    0.55800E+07    0.87100E-10    0.33585E-09    0.11469E-09    0.00000E+00    0.00000E+00    0.00000E+00
    0.55850E+07    0.91144E-10    0.35243E-09    0.11925E-09    0.00000E+00    0.00000E+00    0.00000E+00
    0.55900E+07    0.95314E-10    0.36978E-09    0.12392E-09    0.00000E+00    0.00000E+00    0.00000E+00
    0.55950E+07    0.99609E-10    0.38792E-09    0.12871E-09    0.00000E+00    0.00000E+00    0.00000E+00
    0.56000E+07    0.10403E-09    0.40690E-09    0.13360E-09    0.00000E+00    0.00000E+00    0.00000E+00
    0.56050E+07    0.10858E-09    0.42674E-09    0.13860E-09    0.00000E+00    0.00000E+00    0.00000E+00
    0.56100E+07    0.11325E-09    0.44747E-09    0.14371E-09    0.00000E+00    0.00000E+00    0.00000E+00
    0.56150E+07    0.11805E-09    0.46912E-09    0.14892E-09    0.00000E+00    0.00000E+00    0.00000E+00
    0.56200E+07    0.12297E-09    0.49173E-09    0.15422E-09    0.00000E+00    0.00000E+00    0.00000E+00
    0.56250E+07    0.12802E-09    0.51532E-09    0.15961E-09    0.00000E+00    0.00000E+00    0.00000E+00
    0.56300E+07    0.13319E-09    0.53992E-09    0.16510E-09    0.00000E+00    0.00000E+00    0.00000E+00
    0.56350E+07    0.13848E-09    0.56558E-09    0.17065E-09    0.00000E+00    0.00000E+00    0.00000E+00
    0.56400E+07    0.14389E-09    0.59232E-09    0.17628E-09    0.00000E+00    0.00000E+00    0.00000E+00
    0.56450E+07    0.14942E-09    0.62018E-09    0.18198E-09    0.00000E+00    0.00000E+00    0.00000E+00
    0.56500E+07    0.15506E-09    0.64919E-09    0.18773E-09    0.00000E+00    0.00000E+00    0.00000E+00
    0.56550E+07    0.16081E-09    0.67938E-09    0.19353E-09    0.00000E+00    0.00000E+00    0.00000E+00
    0.56600E+07    0.16666E-09    0.71079E-09    0.19936E-09    0.00000E+00    0.00000E+00    0.00000E+00
    0.56650E+07    0.17262E-09    0.74346E-09    0.20522E-09    0.00000E+00    0.00000E+00    0.00000E+00
    0.56700E+07    0.17868E-09    0.77741E-09    0.21110E-09    0.00000E+00    0.00000E+00    0.00000E+00
    0.56750E+07    0.18482E-09    0.81268E-09    0.21697E-09    0.00000E+00    0.00000E+00    0.00000E+00
    0.56800E+07    0.19105E-09    0.84931E-09    0.22284E-09    0.00000E+00    0.00000E+00    0.00000E+00
    0.56850E+07    0.19736E-09    0.88733E-09    0.22868E-09    0.00000E+00    0.00000E+00    0.00000E+00
    0.56900E+07    0.20375E-09    0.92677E-09    0.23447E-09    0.00000E+00    0.00000E+00    0.00000E+00
    0.56950E+07    0.21019E-09    0.96766E-09    0.24021E-09    0.00000E+00    0.00000E+00    0.00000E+00
    0.57000E+07    0.21669E-09    0.10100E-08    0.24587E-09    0.00000E+00    0.00000E+00    0.00000E+00
    0.57050E+07    0.22324E-09    0.10539E-08    0.25144E-09    0.00000E+00    0.00000E+00    0.00000E+00
    0.57100E+07    0.22983E-09    0.10994E-08    0.25689E-09    0.00000E+00    0.00000E+00    0.00000E+00
    0.57149E+07    0.23635E-09    0.11458E-08    0.26214E-09    0.00000E+00    0.00000E+00    0.00000E+00
    0.57199E+07    0.24288E-09    0.11937E-08    0.26723E-09    0.00000E+00    0.00000E+00    0.00000E+00
    0.57199E+07    0.34442E-09    0.10178E-08    0.18707E-09    0.00000E+00    0.00000E+00    0.00000E+00
    0.57200E+07    0.34433E-09    0.10193E-08    0.18687E-09    0.00000E+00    0.00000E+00    0.00000E+00
    0.57250E+07    0.34069E-09    0.10753E-08    0.17916E-09    0.00000E+00    0.00000E+00    0.00000E+00
    0.57300E+07    0.33676E-09    0.11324E-08    0.17088E-09    0.00000E+00    0.00000E+00    0.00000E+00
    0.57350E+07    0.33252E-09    0.11906E-08    0.16202E-09    0.00000E+00    0.00000E+00    0.00000E+00
    0.57400E+07    0.32797E-09    0.12497E-08    0.15257E-09    0.00000E+00    0.00000E+00    0.00000E+00
    0.57450E+07    0.32310E-09    0.13098E-08    0.14253E-09    0.00000E+00    0.00000E+00    0.00000E+00
    0.57500E+07    0.31792E-09    0.13707E-08    0.13187E-09    0.00000E+00    0.00000E+00    0.00000E+00
    0.57550E+07    0.31241E-09    0.14324E-08    0.12061E-09    0.00000E+00    0.00000E+00    0.00000E+00
    0.57600E+07    0.30659E-09    0.14948E-08    0.10873E-09    0.00000E+00    0.00000E+00    0.00000E+00
    0.57650E+07    0.30045E-09    0.15578E-08    0.96228E-10    0.00000E+00    0.00000E+00    0.00000E+00
    0.57700E+07    0.29399E-09    0.16213E-08    0.83108E-10    0.00000E+00    0.00000E+00    0.00000E+00
    0.57750E+07    0.28722E-09    0.16853E-08    0.69374E-10    0.00000E+00    0.00000E+00    0.00000E+00
    0.57800E+07    0.28014E-09    0.17497E-08    0.55025E-10    0.00000E+00    0.00000E+00    0.00000E+00
    0.57850E+07    0.27275E-09    0.18143E-08    0.40075E-10    0.00000E+00    0.00000E+00    0.00000E+00
    0.57900E+07    0.26507E-09    0.18791E-08    0.24521E-10    0.00000E+00    0.00000E+00    0.00000E+00
    0.57950E+07    0.25711E-09    0.19439E-08    0.83800E-11    0.00000E+00    0.00000E+00    0.00000E+00
    0.58000E+07    0.24887E-09    0.20087E-08   -0.83345E-11    0.00000E+00    0.00000E+00    0.00000E+00
    0.58050E+07    0.24038E-09    0.20734E-08   -0.25602E-10    0.00000E+00    0.00000E+00    0.00000E+00
    0.58100E+07    0.23163E-09    0.21378E-08   -0.43412E-10    0.00000E+00    0.00000E+00    0.00000E+00
    0.58150E+07    0.22266E-09    0.22019E-08   -0.61742E-10    0.00000E+00    0.00000E+00    0.00000E+00
    0.58200E+07    0.21347E-09    0.22654E-08   -0.80565E-10    0.00000E+00    0.00000E+00    0.00000E+00
    0.58250E+07    0.20409E-09    0.23284E-08   -0.99855E-10    0.00000E+00    0.00000E+00    0.00000E+00
    0.58300E+07    0.19453E-09    0.23906E-08   -0.11958E-09    0.00000E+00    0.00000E+00    0.00000E+00
    0.58350E+07    0.18483E-09    0.24520E-08   -0.13971E-09    0.00000E+00    0.00000E+00    0.00000E+00
    0.58400E+07    0.17501E-09    0.25125E-08   -0.16020E-09    0.00000E+00    0.00000E+00    0.00000E+00
    0.58450E+07    0.16510E-09    0.25718E-08   -0.18103E-09    0.00000E+00    0.00000E+00    0.00000E+00
    0.58500E+07    0.15512E-09    0.26299E-08   -0.20214E-09    0.00000E+00    0.00000E+00    0.00000E+00
    0.58550E+07    0.14510E-09    0.26867E-08   -0.22349E-09    0.00000E+00    0.00000E+00    0.00000E+00
    0.58600E+07    0.13509E-09    0.27420E-08   -0.24504E-09    0.00000E+00    0.00000E+00    0.00000E+00
    0.58636E+07    0.12799E-09    0.27803E-08   -0.26044E-09    0.00000E+00    0.00000E+00    0.00000E+00
    0.58636E+07    0.13567E-09    0.27124E-08   -0.31847E-09    0.00000E+00    0.00000E+00    0.00000E+00
    0.58668E+07    0.12793E-09    0.27448E-08   -0.33594E-09    0.00000E+00    0.00000E+00    0.00000E+00
    0.58700E+07    0.12023E-09    0.27762E-08   -0.35346E-09    0.00000E+00    0.00000E+00    0.00000E+00
    0.58750E+07    0.10842E-09    0.28230E-08   -0.38062E-09    0.00000E+00    0.00000E+00    0.00000E+00
    0.58800E+07    0.96825E-10    0.28673E-08   -0.40771E-09    0.00000E+00    0.00000E+00    0.00000E+00
    0.58850E+07    0.85511E-10    0.29089E-08   -0.43461E-09    0.00000E+00    0.00000E+00    0.00000E+00
    0.58900E+07    0.74552E-10    0.29478E-08   -0.46122E-09    0.00000E+00    0.00000E+00    0.00000E+00
    0.58950E+07    0.64021E-10    0.29837E-08   -0.48744E-09    0.00000E+00    0.00000E+00    0.00000E+00
    0.59000E+07    0.53997E-10    0.30165E-08   -0.51314E-09    0.00000E+00    0.00000E+00    0.00000E+00
    0.59050E+07    0.44560E-10    0.30460E-08   -0.53821E-09    0.00000E+00    0.00000E+00    0.00000E+00
    0.59100E+07    0.35794E-10    0.30721E-08   -0.56253E-09    0.00000E+00    0.00000E+00    0.00000E+00
    0.59150E+07    0.27781E-10    0.30947E-08   -0.58596E-09    0.00000E+00    0.00000E+00    0.00000E+00
    0.59200E+07    0.20609E-10    0.31136E-08   -0.60838E-09    0.00000E+00    0.00000E+00    0.00000E+00
    0.59250E+07    0.14366E-10    0.31288E-08   -0.62966E-09    0.00000E+00    0.00000E+00    0.00000E+00
    0.59300E+07    0.91402E-11    0.31400E-08   -0.64966E-09    0.00000E+00    0.00000E+00    0.00000E+00
    0.59350E+07    0.50215E-11    0.31472E-08   -0.66825E-09    0.00000E+00    0.00000E+00    0.00000E+00
    0.59400E+07    0.20995E-11    0.31503E-08   -0.68529E-09    0.00000E+00    0.00000E+00    0.00000E+00
    0.59450E+07    0.46379E-12    0.31492E-08   -0.70065E-09    0.00000E+00    0.00000E+00    0.00000E+00
    0.59500E+07    0.20308E-12    0.31438E-08   -0.71418E-09    0.00000E+00    0.00000E+00    0.00000E+00
    0.59529E+07    0.71228E-12    0.31387E-08   -0.72111E-09    0.00000E+00    0.00000E+00    0.00000E+00
    0.59558E+07    0.17251E-11    0.31322E-08   -0.72737E-09    0.00000E+00    0.00000E+00    0.00000E+00
    0.59558E+07    0.20228E-11    0.29008E-08   -0.88939E-09    0.00000E+00    0.00000E+00    0.00000E+00
    0.59600E+07    0.55150E-11    0.28895E-08   -0.89763E-09    0.00000E+00    0.00000E+00    0.00000E+00
    0.59650E+07    0.12096E-10    0.28711E-08   -0.90407E-09    0.00000E+00    0.00000E+00    0.00000E+00
    0.59700E+07    0.21463E-10    0.28472E-08   -0.90674E-09    0.00000E+00    0.00000E+00    0.00000E+00
    0.59750E+07    0.33740E-10    0.28178E-08   -0.90547E-09    0.00000E+00    0.00000E+00    0.00000E+00
    0.59800E+07    0.49044E-10    0.27829E-08   -0.90009E-09    0.00000E+00    0.00000E+00    0.00000E+00
    0.59850E+07    0.67481E-10    0.27426E-08   -0.89045E-09    0.00000E+00    0.00000E+00    0.00000E+00
    0.59900E+07    0.89143E-10    0.26969E-08   -0.87643E-09    0.00000E+00    0.00000E+00    0.00000E+00
    0.59950E+07    0.11411E-09    0.26458E-08   -0.85791E-09    0.00000E+00    0.00000E+00    0.00000E+00
    0.60000E+07    0.14244E-09    0.25897E-08   -0.83480E-09    0.00000E+00    0.00000E+00    0.00000E+00
    0.60050E+07    0.17420E-09    0.25284E-08   -0.80705E-09    0.00000E+00    0.00000E+00    0.00000E+00
    0.60100E+07    0.20940E-09    0.24624E-08   -0.77460E-09    0.00000E+00    0.00000E+00    0.00000E+00
    0.60150E+07    0.24805E-09    0.23917E-08   -0.73744E-09    0.00000E+00    0.00000E+00    0.00000E+00
    0.60200E+07    0.29015E-09    0.23165E-08   -0.69559E-09    0.00000E+00    0.00000E+00    0.00000E+00
    0.60250E+07    0.33567E-09    0.22372E-08   -0.64908E-09    0.00000E+00    0.00000E+00    0.00000E+00
    0.60300E+07    0.38455E-09    0.21541E-08   -0.59801E-09    0.00000E+00    0.00000E+00    0.00000E+00
    0.60350E+07    0.43670E-09    0.20673E-08   -0.54247E-09    0.00000E+00    0.00000E+00    0.00000E+00
    0.60400E+07    0.49203E-09    0.19774E-08   -0.48261E-09    0.00000E+00    0.00000E+00    0.00000E+00
    0.60450E+07    0.55040E-09    0.18846E-08   -0.41860E-09    0.00000E+00    0.00000E+00    0.00000E+00
    0.60500E+07    0.61165E-09    0.17894E-08   -0.35067E-09    0.00000E+00    0.00000E+00    0.00000E+00
    0.60550E+07    0.67560E-09    0.16921E-08   -0.27907E-09    0.00000E+00    0.00000E+00    0.00000E+00
    0.60600E+07    0.74205E-09    0.15932E-08   -0.20408E-09    0.00000E+00    0.00000E+00    0.00000E+00
    0.60650E+07    0.81073E-09    0.14932E-08   -0.12603E-09    0.00000E+00    0.00000E+00    0.00000E+00
    0.60700E+07    0.88138E-09    0.13925E-08   -0.45290E-10    0.00000E+00    0.00000E+00    0.00000E+00
    0.60750E+07    0.95372E-09    0.12916E-08    0.37753E-10    0.00000E+00    0.00000E+00    0.00000E+00
    0.60800E+07    0.10274E-08    0.11910E-08    0.12267E-09    0.00000E+00    0.00000E+00    0.00000E+00
    0.60850E+07    0.11021E-08    0.10912E-08    0.20898E-09    0.00000E+00    0.00000E+00    0.00000E+00
    0.60900E+07    0.11774E-08    0.99280E-09    0.29619E-09    0.00000E+00    0.00000E+00    0.00000E+00
    0.60950E+07    0.12530E-08    0.89627E-09    0.38377E-09    0.00000E+00    0.00000E+00    0.00000E+00
    0.61000E+07    0.13284E-08    0.80214E-09    0.47116E-09    0.00000E+00    0.00000E+00    0.00000E+00
    0.61050E+07    0.14031E-08    0.71093E-09    0.55779E-09    0.00000E+00    0.00000E+00    0.00000E+00
    0.61100E+07    0.14767E-08    0.62318E-09    0.64303E-09    0.00000E+00    0.00000E+00    0.00000E+00
    0.61150E+07    0.15488E-08    0.53939E-09    0.72628E-09    0.00000E+00    0.00000E+00    0.00000E+00
    0.61200E+07    0.16189E-08    0.46006E-09    0.80690E-09    0.00000E+00    0.00000E+00    0.00000E+00
    0.61250E+07    0.16863E-08    0.38567E-09    0.88423E-09    0.00000E+00    0.00000E+00    0.00000E+00
    0.61300E+07    0.17508E-08    0.31668E-09    0.95764E-09    0.00000E+00    0.00000E+00    0.00000E+00
    0.61350E+07    0.18117E-08    0.25353E-09    0.10265E-08    0.00000E+00    0.00000E+00    0.00000E+00
    0.61400E+07    0.18685E-08    0.19664E-09    0.10900E-08    0.00000E+00    0.00000E+00    0.00000E+00
    0.61450E+07    0.19208E-08    0.14637E-09    0.11478E-08    0.00000E+00    0.00000E+00    0.00000E+00
    0.61500E+07    0.19681E-08    0.10307E-09    0.11990E-08    0.00000E+00    0.00000E+00    0.00000E+00
    0.61550E+07    0.20098E-08    0.67046E-10    0.12432E-08    0.00000E+00    0.00000E+00    0.00000E+00
    0.61600E+07    0.20457E-08    0.38550E-10    0.12797E-08    0.00000E+00    0.00000E+00    0.00000E+00
    0.61650E+07    0.20751E-08    0.17797E-10    0.13081E-08    0.00000E+00    0.00000E+00    0.00000E+00
    0.61700E+07    0.20979E-08    0.49499E-11    0.13277E-08    0.00000E+00    0.00000E+00    0.00000E+00
    0.61750E+07    0.21135E-08    0.11951E-12    0.13383E-08    0.00000E+00    0.00000E+00    0.00000E+00
    0.61800E+07    0.21217E-08    0.33612E-11    0.13394E-08    0.00000E+00    0.00000E+00    0.00000E+00
    0.61850E+07    0.21222E-08    0.14673E-10    0.13307E-08    0.00000E+00    0.00000E+00    0.00000E+00
    0.61900E+07    0.21149E-08    0.33995E-10    0.13120E-08    0.00000E+00    0.00000E+00    0.00000E+00
    0.61950E+07    0.20995E-08    0.61206E-10    0.12830E-08    0.00000E+00    0.00000E+00    0.00000E+00
    0.62000E+07    0.20760E-08    0.96121E-10    0.12437E-08    0.00000E+00    0.00000E+00    0.00000E+00
    0.62049E+07    0.20447E-08    0.13795E-09    0.11947E-08    0.00000E+00    0.00000E+00    0.00000E+00
    0.62049E+07    0.20922E-08    0.13920E-09    0.12203E-08    0.00000E+00    0.00000E+00    0.00000E+00
    0.62075E+07    0.20609E-08    0.16437E-09    0.11869E-08    0.00000E+00    0.00000E+00    0.00000E+00
    0.62100E+07    0.20279E-08    0.19143E-09    0.11514E-08    0.00000E+00    0.00000E+00    0.00000E+00
    0.62150E+07    0.19582E-08    0.25027E-09    0.10751E-08    0.00000E+00    0.00000E+00    0.00000E+00
    0.62200E+07    0.18831E-08    0.31581E-09    0.99143E-09    0.00000E+00    0.00000E+00    0.00000E+00
    0.62250E+07    0.18032E-08    0.38752E-09    0.90107E-09    0.00000E+00    0.00000E+00    0.00000E+00
    0.62300E+07    0.17190E-08    0.46486E-09    0.80482E-09    0.00000E+00    0.00000E+00    0.00000E+00
    0.62350E+07    0.16314E-08    0.54723E-09    0.70346E-09    0.00000E+00    0.00000E+00    0.00000E+00
    0.62400E+07    0.15409E-08    0.63401E-09    0.59781E-09    0.00000E+00    0.00000E+00    0.00000E+00
    0.62450E+07    0.14483E-08    0.72454E-09    0.48869E-09    0.00000E+00    0.00000E+00    0.00000E+00
    0.62500E+07    0.13541E-08    0.81818E-09    0.37698E-09    0.00000E+00    0.00000E+00    0.00000E+00
    0.62550E+07    0.12592E-08    0.91423E-09    0.26351E-09    0.00000E+00    0.00000E+00    0.00000E+00
    0.62600E+07    0.11641E-08    0.10120E-08    0.14910E-09    0.00000E+00    0.00000E+00    0.00000E+00
    0.62650E+07    0.10696E-08    0.11108E-08    0.34607E-10    0.00000E+00    0.00000E+00    0.00000E+00
    0.62700E+07    0.97613E-09    0.12100E-08   -0.79175E-10    0.00000E+00    0.00000E+00    0.00000E+00
    0.62750E+07    0.88442E-09    0.13089E-08   -0.19145E-09    0.00000E+00    0.00000E+00    0.00000E+00
    0.62800E+07    0.79499E-09    0.14067E-08   -0.30146E-09    0.00000E+00    0.00000E+00    0.00000E+00
    0.62850E+07    0.70842E-09    0.15030E-08   -0.40848E-09    0.00000E+00    0.00000E+00    0.00000E+00
    0.62900E+07    0.62520E-09    0.15969E-08   -0.51181E-09    0.00000E+00    0.00000E+00    0.00000E+00
    0.62950E+07    0.54580E-09    0.16880E-08   -0.61079E-09    0.00000E+00    0.00000E+00    0.00000E+00
    0.63000E+07    0.47066E-09    0.17756E-08   -0.70484E-09    0.00000E+00    0.00000E+00    0.00000E+00
    0.63025E+07    0.43538E-09    0.18172E-08   -0.74912E-09    0.00000E+00    0.00000E+00    0.00000E+00
    0.63025E+07    0.35529E-09    0.19420E-08   -0.63615E-09    0.00000E+00    0.00000E+00    0.00000E+00
    0.63062E+07    0.31966E-09    0.19965E-08   -0.68861E-09    0.00000E+00    0.00000E+00    0.00000E+00
    0.63100E+07    0.28540E-09    0.20488E-08   -0.73935E-09    0.00000E+00    0.00000E+00    0.00000E+00
    0.63150E+07    0.24230E-09    0.21145E-08   -0.80369E-09    0.00000E+00    0.00000E+00    0.00000E+00
    0.63200E+07    0.20205E-09    0.21758E-08   -0.86437E-09    0.00000E+00    0.00000E+00    0.00000E+00
    0.63250E+07    0.16490E-09    0.22323E-08   -0.92102E-09    0.00000E+00    0.00000E+00    0.00000E+00
    0.63300E+07    0.13106E-09    0.22838E-08   -0.97333E-09    0.00000E+00    0.00000E+00    0.00000E+00
    0.63350E+07    0.10073E-09    0.23300E-08   -0.10210E-08    0.00000E+00    0.00000E+00    0.00000E+00
    0.63400E+07    0.74098E-10    0.23706E-08   -0.10637E-08    0.00000E+00    0.00000E+00    0.00000E+00
    0.63450E+07    0.51332E-10    0.24054E-08   -0.11013E-08    0.00000E+00    0.00000E+00    0.00000E+00
    0.63500E+07    0.32582E-10    0.24343E-08   -0.11334E-08    0.00000E+00    0.00000E+00    0.00000E+00
    0.63545E+07    0.19250E-10    0.24550E-08   -0.11575E-08    0.00000E+00    0.00000E+00    0.00000E+00
    0.63590E+07    0.93570E-11    0.24707E-08   -0.11768E-08    0.00000E+00    0.00000E+00    0.00000E+00
    0.63590E+07    0.20795E-10    0.17068E-08   -0.19214E-08    0.00000E+00    0.00000E+00    0.00000E+00
    0.63600E+07    0.15254E-10    0.17103E-08   -0.19297E-08    0.00000E+00    0.00000E+00    0.00000E+00
    0.63629E+07    0.40147E-11    0.17177E-08   -0.19481E-08    0.00000E+00    0.00000E+00    0.00000E+00
    0.63658E+07    0.95791E-14    0.17212E-08   -0.19577E-08    0.00000E+00    0.00000E+00    0.00000E+00
    0.63658E+07    0.12411E-11    0.21301E-09   -0.29393E-08    0.00000E+00    0.00000E+00    0.00000E+00
    0.63660E+07    0.00000E+00    0.21305E-09   -0.29404E-08    0.00000E+00    0.00000E+00    0.00000E+00
    0.63660E+07    0.00000E+00    0.00000E+00    0.00000E+00    0.00000E+00    0.00000E+00    0.00000E+00
    0.63710E+07    0.00000E+00    0.00000E+00    0.00000E+00    0.00000E+00    0.00000E+00    0.00000E+00
