    0.34800E+07    0.00000E+00    0.00000E+00    0.00000E+00    0.00000E+00    0.00000E+00    0.00000E+00
    0.34850E+07    0.00000E+00    0.00000E+00    0.00000E+00    0.00000E+00    0.00000E+00    0.00000E+00
    0.34900E+07    0.00000E+00    0.00000E+00    0.00000E+00    0.00000E+00    0.00000E+00    0.00000E+00
    0.34950E+07    0.00000E+00    0.00000E+00    0.00000E+00    0.00000E+00    0.00000E+00    0.00000E+00
    0.35000E+07    0.00000E+00    0.00000E+00    0.00000E+00    0.00000E+00    0.00000E+00    0.00000E+00
    0.35050E+07    0.00000E+00    0.00000E+00    0.00000E+00    0.00000E+00    0.00000E+00    0.00000E+00
    0.35100E+07    0.00000E+00    0.00000E+00    0.00000E+00    0.00000E+00    0.00000E+00    0.00000E+00
    0.35150E+07    0.00000E+00    0.00000E+00    0.00000E+00    0.00000E+00    0.00000E+00    0.00000E+00
    0.35200E+07    0.00000E+00    0.00000E+00    0.00000E+00    0.00000E+00    0.00000E+00    0.00000E+00
    0.35250E+07    0.00000E+00    0.00000E+00    0.00000E+00    0.00000E+00    0.00000E+00    0.00000E+00
    0.35300E+07    0.00000E+00    0.00000E+00    0.00000E+00    0.00000E+00    0.00000E+00    0.00000E+00
    0.35350E+07    0.00000E+00    0.00000E+00    0.00000E+00    0.00000E+00    0.00000E+00    0.00000E+00
    0.35400E+07    0.00000E+00    0.00000E+00    0.00000E+00    0.00000E+00    0.00000E+00    0.00000E+00
    0.35450E+07    0.00000E+00    0.00000E+00    0.00000E+00    0.00000E+00    0.00000E+00    0.00000E+00
    0.35500E+07    0.00000E+00    0.00000E+00    0.00000E+00    0.00000E+00    0.00000E+00    0.00000E+00
    0.35550E+07    0.00000E+00    0.00000E+00    0.00000E+00    0.00000E+00    0.00000E+00    0.00000E+00
    0.35600E+07    0.00000E+00    0.00000E+00    0.00000E+00    0.00000E+00    0.00000E+00    0.00000E+00
    0.35650E+07    0.00000E+00    0.00000E+00    0.00000E+00    0.00000E+00    0.00000E+00    0.00000E+00
    0.35700E+07    0.00000E+00    0.00000E+00    0.00000E+00    0.00000E+00    0.00000E+00    0.00000E+00
    0.35750E+07    0.00000E+00    0.00000E+00    0.00000E+00    0.00000E+00    0.00000E+00    0.00000E+00
    0.35800E+07    0.00000E+00    0.00000E+00    0.00000E+00    0.00000E+00    0.00000E+00    0.00000E+00
    0.35850E+07    0.00000E+00    0.00000E+00    0.00000E+00    0.00000E+00    0.00000E+00    0.00000E+00
    0.35900E+07    0.00000E+00    0.00000E+00    0.00000E+00    0.00000E+00    0.00000E+00    0.00000E+00
    0.35950E+07    0.00000E+00    0.00000E+00    0.00000E+00    0.00000E+00    0.00000E+00    0.00000E+00
    0.36000E+07    0.00000E+00    0.00000E+00    0.00000E+00    0.00000E+00    0.00000E+00    0.00000E+00
    0.36050E+07    0.00000E+00    0.00000E+00    0.00000E+00    0.00000E+00    0.00000E+00    0.00000E+00
    0.36100E+07    0.00000E+00    0.00000E+00    0.00000E+00    0.00000E+00    0.00000E+00    0.00000E+00
    0.36150E+07    0.00000E+00    0.00000E+00    0.00000E+00    0.00000E+00    0.00000E+00    0.00000E+00
    0.36200E+07    0.00000E+00    0.00000E+00    0.00000E+00    0.00000E+00    0.00000E+00    0.00000E+00
    0.36250E+07    0.00000E+00    0.00000E+00    0.00000E+00    0.00000E+00    0.00000E+00    0.00000E+00
    0.36300E+07    0.00000E+00    0.00000E+00    0.00000E+00    0.00000E+00    0.00000E+00    0.00000E+00
    0.36300E+07    0.00000E+00    0.00000E+00    0.00000E+00    0.00000E+00    0.00000E+00    0.00000E+00
    0.36350E+07    0.00000E+00    0.00000E+00    0.00000E+00    0.00000E+00    0.00000E+00    0.00000E+00
    0.36400E+07    0.00000E+00    0.00000E+00    0.00000E+00    0.00000E+00    0.00000E+00    0.00000E+00
    0.36450E+07    0.00000E+00    0.00000E+00    0.00000E+00    0.00000E+00    0.00000E+00    0.00000E+00
    0.36500E+07    0.00000E+00    0.00000E+00    0.00000E+00    0.00000E+00    0.00000E+00    0.00000E+00
    0.36550E+07    0.00000E+00    0.00000E+00    0.00000E+00    0.00000E+00    0.00000E+00    0.00000E+00
    0.36600E+07    0.00000E+00    0.00000E+00    0.00000E+00    0.00000E+00    0.00000E+00    0.00000E+00
    0.36650E+07    0.00000E+00    0.00000E+00    0.00000E+00    0.00000E+00    0.00000E+00    0.00000E+00
    0.36700E+07    0.00000E+00    0.00000E+00    0.00000E+00    0.00000E+00    0.00000E+00    0.00000E+00
    0.36750E+07    0.00000E+00    0.00000E+00    0.00000E+00    0.00000E+00    0.00000E+00    0.00000E+00
    0.36800E+07    0.00000E+00    0.00000E+00    0.00000E+00    0.00000E+00    0.00000E+00    0.00000E+00
    0.36850E+07    0.00000E+00    0.00000E+00    0.00000E+00    0.00000E+00    0.00000E+00    0.00000E+00
    0.36900E+07    0.00000E+00    0.00000E+00    0.00000E+00    0.00000E+00    0.00000E+00    0.00000E+00
    0.36950E+07    0.00000E+00    0.00000E+00    0.00000E+00    0.00000E+00    0.00000E+00    0.00000E+00
    0.37000E+07    0.00000E+00    0.00000E+00    0.00000E+00    0.00000E+00    0.00000E+00    0.00000E+00
    0.37050E+07    0.00000E+00    0.00000E+00    0.00000E+00    0.00000E+00    0.00000E+00    0.00000E+00
    0.37100E+07    0.00000E+00    0.00000E+00    0.00000E+00    0.00000E+00    0.00000E+00    0.00000E+00
    0.37150E+07    0.00000E+00    0.00000E+00    0.00000E+00    0.00000E+00    0.00000E+00    0.00000E+00
    0.37200E+07    0.00000E+00    0.00000E+00    0.00000E+00    0.00000E+00    0.00000E+00    0.00000E+00
    0.37250E+07    0.00000E+00    0.00000E+00    0.00000E+00    0.00000E+00    0.00000E+00    0.00000E+00
    0.37300E+07    0.00000E+00    0.00000E+00    0.00000E+00    0.00000E+00    0.00000E+00    0.00000E+00
    0.37350E+07    0.00000E+00    0.00000E+00    0.00000E+00    0.00000E+00    0.00000E+00    0.00000E+00
    0.37400E+07    0.00000E+00    0.00000E+00    0.00000E+00    0.00000E+00    0.00000E+00    0.00000E+00
    0.37450E+07    0.00000E+00    0.00000E+00    0.00000E+00    0.00000E+00    0.00000E+00    0.00000E+00
    0.37500E+07    0.00000E+00    0.00000E+00    0.00000E+00    0.00000E+00    0.00000E+00    0.00000E+00
    0.37550E+07    0.00000E+00    0.00000E+00    0.00000E+00    0.00000E+00    0.00000E+00    0.00000E+00
    0.37600E+07    0.00000E+00    0.00000E+00    0.00000E+00    0.00000E+00    0.00000E+00    0.00000E+00
    0.37650E+07    0.00000E+00    0.00000E+00    0.00000E+00    0.00000E+00    0.00000E+00    0.00000E+00
    0.37700E+07    0.00000E+00    0.00000E+00    0.00000E+00    0.00000E+00    0.00000E+00    0.00000E+00
    0.37750E+07    0.00000E+00    0.00000E+00    0.00000E+00    0.00000E+00    0.00000E+00    0.00000E+00
    0.37800E+07    0.00000E+00    0.00000E+00    0.00000E+00    0.00000E+00    0.00000E+00    0.00000E+00
    0.37850E+07    0.00000E+00    0.00000E+00    0.00000E+00    0.00000E+00    0.00000E+00    0.00000E+00
    0.37900E+07    0.00000E+00    0.00000E+00    0.00000E+00    0.00000E+00    0.00000E+00    0.00000E+00
    0.37950E+07    0.00000E+00    0.00000E+00    0.00000E+00    0.00000E+00    0.00000E+00    0.00000E+00
    0.38000E+07    0.00000E+00    0.00000E+00    0.00000E+00    0.00000E+00    0.00000E+00    0.00000E+00
    0.38050E+07    0.00000E+00    0.00000E+00    0.00000E+00    0.00000E+00    0.00000E+00    0.00000E+00
    0.38100E+07    0.00000E+00    0.00000E+00    0.00000E+00    0.00000E+00    0.00000E+00    0.00000E+00
    0.38150E+07    0.00000E+00    0.00000E+00    0.00000E+00    0.00000E+00    0.00000E+00    0.00000E+00
    0.38200E+07    0.00000E+00    0.00000E+00    0.00000E+00    0.00000E+00    0.00000E+00    0.00000E+00
    0.38250E+07    0.00000E+00    0.00000E+00    0.00000E+00    0.00000E+00    0.00000E+00    0.00000E+00
    0.38300E+07    0.00000E+00    0.00000E+00    0.00000E+00    0.00000E+00    0.00000E+00    0.00000E+00
    0.38350E+07    0.00000E+00    0.00000E+00    0.00000E+00    0.00000E+00    0.00000E+00    0.00000E+00
    0.38400E+07    0.00000E+00    0.00000E+00    0.00000E+00    0.00000E+00    0.00000E+00    0.00000E+00
    0.38450E+07    0.00000E+00    0.00000E+00    0.00000E+00    0.00000E+00    0.00000E+00    0.00000E+00
    0.38500E+07    0.00000E+00    0.00000E+00    0.00000E+00    0.00000E+00    0.00000E+00    0.00000E+00
    0.38550E+07    0.00000E+00    0.00000E+00    0.00000E+00    0.00000E+00    0.00000E+00    0.00000E+00
    0.38600E+07    0.00000E+00    0.00000E+00    0.00000E+00    0.00000E+00    0.00000E+00    0.00000E+00
    0.38650E+07    0.00000E+00    0.00000E+00    0.00000E+00    0.00000E+00    0.00000E+00    0.00000E+00
    0.38700E+07    0.00000E+00    0.00000E+00    0.00000E+00    0.00000E+00    0.00000E+00    0.00000E+00
    0.38750E+07    0.00000E+00    0.00000E+00    0.00000E+00    0.00000E+00    0.00000E+00    0.00000E+00
    0.38800E+07    0.00000E+00    0.00000E+00    0.00000E+00    0.00000E+00    0.00000E+00    0.00000E+00
    0.38850E+07    0.00000E+00    0.00000E+00    0.00000E+00    0.00000E+00    0.00000E+00    0.00000E+00
    0.38900E+07    0.00000E+00    0.00000E+00    0.00000E+00    0.00000E+00    0.00000E+00    0.00000E+00
    0.38950E+07    0.00000E+00    0.00000E+00    0.00000E+00    0.00000E+00    0.00000E+00    0.00000E+00
    0.39000E+07    0.00000E+00    0.00000E+00    0.00000E+00    0.00000E+00    0.00000E+00    0.00000E+00
    0.39050E+07    0.00000E+00    0.00000E+00    0.00000E+00    0.00000E+00    0.00000E+00    0.00000E+00
    0.39100E+07    0.00000E+00    0.00000E+00    0.00000E+00    0.00000E+00    0.00000E+00    0.00000E+00
    0.39150E+07    0.00000E+00    0.00000E+00    0.00000E+00    0.00000E+00    0.00000E+00    0.00000E+00
    0.39200E+07    0.00000E+00    0.00000E+00    0.00000E+00    0.00000E+00    0.00000E+00    0.00000E+00
    0.39250E+07    0.00000E+00    0.00000E+00    0.00000E+00    0.00000E+00    0.00000E+00    0.00000E+00
    0.39300E+07    0.00000E+00    0.00000E+00    0.00000E+00    0.00000E+00    0.00000E+00    0.00000E+00
    0.39350E+07    0.00000E+00    0.00000E+00    0.00000E+00    0.00000E+00    0.00000E+00    0.00000E+00
    0.39400E+07    0.00000E+00    0.00000E+00    0.00000E+00    0.00000E+00    0.00000E+00    0.00000E+00
    0.39450E+07    0.00000E+00    0.00000E+00    0.00000E+00    0.00000E+00    0.00000E+00    0.00000E+00
    0.39500E+07    0.00000E+00    0.00000E+00    0.00000E+00    0.00000E+00    0.00000E+00    0.00000E+00
    0.39550E+07    0.00000E+00    0.00000E+00    0.00000E+00    0.00000E+00    0.00000E+00    0.00000E+00
    0.39600E+07    0.00000E+00    0.00000E+00    0.00000E+00    0.00000E+00    0.00000E+00    0.00000E+00
    0.39650E+07    0.00000E+00    0.00000E+00    0.00000E+00    0.00000E+00    0.00000E+00    0.00000E+00
    0.39700E+07    0.00000E+00    0.00000E+00    0.00000E+00    0.00000E+00    0.00000E+00    0.00000E+00
    0.39750E+07    0.00000E+00    0.00000E+00    0.00000E+00    0.00000E+00    0.00000E+00    0.00000E+00
    0.39800E+07    0.00000E+00    0.00000E+00    0.00000E+00    0.00000E+00    0.00000E+00    0.00000E+00
    0.39850E+07    0.00000E+00    0.00000E+00    0.00000E+00    0.00000E+00    0.00000E+00    0.00000E+00
    0.39900E+07    0.00000E+00    0.00000E+00    0.00000E+00    0.00000E+00    0.00000E+00    0.00000E+00
    0.39950E+07    0.00000E+00    0.00000E+00    0.00000E+00    0.00000E+00    0.00000E+00    0.00000E+00
    0.40000E+07    0.00000E+00    0.00000E+00    0.00000E+00    0.00000E+00    0.00000E+00    0.00000E+00
    0.40050E+07    0.00000E+00    0.00000E+00    0.00000E+00    0.00000E+00    0.00000E+00    0.00000E+00
    0.40100E+07    0.00000E+00    0.00000E+00    0.00000E+00    0.00000E+00    0.00000E+00    0.00000E+00
    0.40150E+07    0.00000E+00    0.00000E+00    0.00000E+00    0.00000E+00    0.00000E+00    0.00000E+00
    0.40200E+07    0.00000E+00    0.00000E+00    0.00000E+00    0.00000E+00    0.00000E+00    0.00000E+00
    0.40250E+07    0.00000E+00    0.00000E+00    0.00000E+00    0.00000E+00    0.00000E+00    0.00000E+00
    0.40300E+07    0.00000E+00    0.00000E+00    0.00000E+00    0.00000E+00    0.00000E+00    0.00000E+00
    0.40350E+07    0.00000E+00    0.00000E+00    0.00000E+00    0.00000E+00    0.00000E+00    0.00000E+00
    0.40400E+07    0.00000E+00    0.00000E+00    0.00000E+00    0.00000E+00    0.00000E+00    0.00000E+00
    0.40450E+07    0.00000E+00    0.00000E+00    0.00000E+00    0.00000E+00    0.00000E+00    0.00000E+00
    0.40500E+07    0.00000E+00    0.00000E+00    0.00000E+00    0.00000E+00    0.00000E+00    0.00000E+00
    0.40550E+07    0.00000E+00    0.00000E+00    0.00000E+00    0.00000E+00    0.00000E+00    0.00000E+00
    0.40600E+07    0.00000E+00    0.00000E+00    0.00000E+00    0.00000E+00    0.00000E+00    0.00000E+00
    0.40650E+07    0.00000E+00    0.00000E+00    0.00000E+00    0.00000E+00    0.00000E+00    0.00000E+00
    0.40700E+07    0.00000E+00    0.00000E+00    0.00000E+00    0.00000E+00    0.00000E+00    0.00000E+00
    0.40750E+07    0.00000E+00    0.00000E+00    0.00000E+00    0.00000E+00    0.00000E+00    0.00000E+00
    0.40800E+07    0.00000E+00    0.00000E+00    0.00000E+00    0.00000E+00    0.00000E+00    0.00000E+00
    0.40850E+07    0.00000E+00    0.00000E+00    0.00000E+00    0.00000E+00    0.00000E+00    0.00000E+00
    0.40900E+07    0.00000E+00    0.00000E+00    0.00000E+00    0.00000E+00    0.00000E+00    0.00000E+00
    0.40950E+07    0.00000E+00    0.00000E+00    0.00000E+00    0.00000E+00    0.00000E+00    0.00000E+00
    0.41000E+07    0.00000E+00    0.00000E+00    0.00000E+00    0.00000E+00    0.00000E+00    0.00000E+00
    0.41050E+07    0.00000E+00    0.00000E+00    0.00000E+00    0.00000E+00    0.00000E+00    0.00000E+00
    0.41100E+07    0.00000E+00    0.00000E+00    0.00000E+00    0.00000E+00    0.00000E+00    0.00000E+00
    0.41150E+07    0.00000E+00    0.00000E+00    0.00000E+00    0.00000E+00    0.00000E+00    0.00000E+00
    0.41200E+07    0.00000E+00    0.00000E+00    0.00000E+00    0.00000E+00    0.00000E+00    0.00000E+00
    0.41250E+07    0.00000E+00    0.00000E+00    0.00000E+00    0.00000E+00    0.00000E+00    0.00000E+00
    0.41300E+07    0.00000E+00    0.00000E+00    0.00000E+00    0.00000E+00    0.00000E+00    0.00000E+00
    0.41350E+07    0.00000E+00    0.00000E+00    0.00000E+00    0.00000E+00    0.00000E+00    0.00000E+00
    0.41400E+07    0.00000E+00    0.00000E+00    0.00000E+00    0.00000E+00    0.00000E+00    0.00000E+00
    0.41450E+07    0.00000E+00    0.00000E+00    0.00000E+00    0.00000E+00    0.00000E+00    0.00000E+00
    0.41500E+07    0.00000E+00    0.00000E+00    0.00000E+00    0.00000E+00    0.00000E+00    0.00000E+00
    0.41550E+07    0.00000E+00    0.00000E+00    0.00000E+00    0.00000E+00    0.00000E+00    0.00000E+00
    0.41600E+07    0.00000E+00    0.00000E+00    0.00000E+00    0.00000E+00    0.00000E+00    0.00000E+00
    0.41650E+07    0.00000E+00    0.00000E+00    0.00000E+00    0.00000E+00    0.00000E+00    0.00000E+00
    0.41700E+07    0.00000E+00    0.00000E+00    0.00000E+00    0.00000E+00    0.00000E+00    0.00000E+00
    0.41750E+07    0.00000E+00    0.00000E+00    0.00000E+00    0.00000E+00    0.00000E+00    0.00000E+00
    0.41800E+07    0.00000E+00    0.00000E+00    0.00000E+00    0.00000E+00    0.00000E+00    0.00000E+00
    0.41850E+07    0.00000E+00    0.00000E+00    0.00000E+00    0.00000E+00    0.00000E+00    0.00000E+00
    0.41900E+07    0.00000E+00    0.00000E+00    0.00000E+00    0.00000E+00    0.00000E+00    0.00000E+00
    0.41950E+07    0.00000E+00    0.00000E+00    0.00000E+00    0.00000E+00    0.00000E+00    0.00000E+00
    0.42000E+07    0.00000E+00    0.00000E+00    0.00000E+00    0.00000E+00    0.00000E+00    0.00000E+00
    0.42050E+07    0.00000E+00    0.00000E+00    0.00000E+00    0.00000E+00    0.00000E+00    0.00000E+00
    0.42100E+07    0.00000E+00    0.00000E+00    0.00000E+00    0.00000E+00    0.00000E+00    0.00000E+00
    0.42150E+07    0.00000E+00    0.00000E+00    0.00000E+00    0.00000E+00    0.00000E+00    0.00000E+00
    0.42200E+07    0.00000E+00    0.00000E+00    0.00000E+00    0.00000E+00    0.00000E+00    0.00000E+00
    0.42250E+07    0.00000E+00    0.00000E+00    0.00000E+00    0.00000E+00    0.00000E+00    0.00000E+00
    0.42300E+07    0.00000E+00    0.00000E+00    0.00000E+00    0.00000E+00    0.00000E+00    0.00000E+00
    0.42350E+07    0.00000E+00    0.00000E+00    0.00000E+00    0.00000E+00    0.00000E+00    0.00000E+00
    0.42400E+07    0.00000E+00    0.00000E+00    0.00000E+00    0.00000E+00    0.00000E+00    0.00000E+00
    0.42450E+07    0.00000E+00    0.00000E+00    0.00000E+00    0.00000E+00    0.00000E+00    0.00000E+00
    0.42500E+07    0.00000E+00    0.00000E+00    0.00000E+00    0.00000E+00    0.00000E+00    0.00000E+00
    0.42550E+07    0.00000E+00    0.00000E+00    0.00000E+00    0.00000E+00    0.00000E+00    0.00000E+00
    0.42600E+07    0.00000E+00    0.00000E+00    0.00000E+00    0.00000E+00    0.00000E+00    0.00000E+00
    0.42650E+07    0.00000E+00    0.00000E+00    0.00000E+00    0.00000E+00    0.00000E+00    0.00000E+00
    0.42700E+07    0.00000E+00    0.00000E+00    0.00000E+00    0.00000E+00    0.00000E+00    0.00000E+00
    0.42750E+07    0.00000E+00    0.00000E+00    0.00000E+00    0.00000E+00    0.00000E+00    0.00000E+00
    0.42800E+07    0.00000E+00    0.00000E+00    0.00000E+00    0.00000E+00    0.00000E+00    0.00000E+00
    0.42850E+07    0.00000E+00    0.00000E+00    0.00000E+00    0.00000E+00    0.00000E+00    0.00000E+00
    0.42900E+07    0.00000E+00    0.00000E+00    0.00000E+00    0.00000E+00    0.00000E+00    0.00000E+00
    0.42950E+07    0.00000E+00    0.00000E+00    0.00000E+00    0.00000E+00    0.00000E+00    0.00000E+00
    0.43000E+07    0.00000E+00    0.00000E+00    0.00000E+00    0.00000E+00    0.00000E+00    0.00000E+00
    0.43050E+07    0.00000E+00    0.00000E+00    0.00000E+00    0.00000E+00    0.00000E+00    0.00000E+00
    0.43100E+07    0.00000E+00    0.00000E+00    0.00000E+00    0.00000E+00    0.00000E+00    0.00000E+00
    0.43150E+07    0.00000E+00    0.00000E+00    0.00000E+00    0.00000E+00    0.00000E+00    0.00000E+00
    0.43200E+07    0.00000E+00    0.00000E+00    0.00000E+00    0.00000E+00    0.00000E+00    0.00000E+00
    0.43250E+07    0.00000E+00    0.00000E+00    0.00000E+00    0.00000E+00    0.00000E+00    0.00000E+00
    0.43300E+07    0.00000E+00    0.00000E+00    0.00000E+00    0.00000E+00    0.00000E+00    0.00000E+00
    0.43350E+07    0.00000E+00    0.00000E+00    0.00000E+00    0.00000E+00    0.00000E+00    0.00000E+00
    0.43400E+07    0.00000E+00    0.00000E+00    0.00000E+00    0.00000E+00    0.00000E+00    0.00000E+00
    0.43450E+07    0.00000E+00    0.00000E+00    0.00000E+00    0.00000E+00    0.00000E+00    0.00000E+00
    0.43500E+07    0.00000E+00    0.00000E+00    0.00000E+00    0.00000E+00    0.00000E+00    0.00000E+00
    0.43550E+07    0.00000E+00    0.00000E+00    0.00000E+00    0.00000E+00    0.00000E+00    0.00000E+00
    0.43600E+07    0.00000E+00    0.00000E+00    0.00000E+00    0.00000E+00    0.00000E+00    0.00000E+00
    0.43650E+07    0.00000E+00    0.00000E+00    0.00000E+00    0.00000E+00    0.00000E+00    0.00000E+00
    0.43700E+07    0.00000E+00    0.00000E+00    0.00000E+00    0.00000E+00    0.00000E+00    0.00000E+00
    0.43750E+07    0.00000E+00    0.00000E+00    0.00000E+00    0.00000E+00    0.00000E+00    0.00000E+00
    0.43800E+07    0.00000E+00    0.00000E+00    0.00000E+00    0.00000E+00    0.00000E+00    0.00000E+00
    0.43850E+07    0.00000E+00    0.00000E+00    0.00000E+00    0.00000E+00    0.00000E+00    0.00000E+00
    0.43900E+07    0.00000E+00    0.00000E+00    0.00000E+00    0.00000E+00    0.00000E+00    0.00000E+00
    0.43950E+07    0.00000E+00    0.00000E+00    0.00000E+00    0.00000E+00    0.00000E+00    0.00000E+00
    0.44000E+07    0.00000E+00    0.00000E+00    0.00000E+00    0.00000E+00    0.00000E+00    0.00000E+00
    0.44050E+07    0.00000E+00    0.00000E+00    0.00000E+00    0.00000E+00    0.00000E+00    0.00000E+00
    0.44100E+07    0.00000E+00    0.00000E+00    0.00000E+00    0.00000E+00    0.00000E+00    0.00000E+00
    0.44150E+07    0.00000E+00    0.00000E+00    0.00000E+00    0.00000E+00    0.00000E+00    0.00000E+00
    0.44200E+07    0.00000E+00    0.00000E+00    0.00000E+00    0.00000E+00    0.00000E+00    0.00000E+00
    0.44250E+07    0.00000E+00    0.00000E+00    0.00000E+00    0.00000E+00    0.00000E+00    0.00000E+00
    0.44300E+07    0.00000E+00    0.00000E+00    0.00000E+00    0.00000E+00    0.00000E+00    0.00000E+00
    0.44350E+07    0.00000E+00    0.00000E+00    0.00000E+00    0.00000E+00    0.00000E+00    0.00000E+00
    0.44400E+07    0.00000E+00    0.00000E+00    0.00000E+00    0.00000E+00    0.00000E+00    0.00000E+00
    0.44450E+07    0.00000E+00    0.00000E+00    0.00000E+00    0.00000E+00    0.00000E+00    0.00000E+00
    0.44500E+07    0.00000E+00    0.00000E+00    0.00000E+00    0.00000E+00    0.00000E+00    0.00000E+00
    0.44550E+07    0.00000E+00    0.00000E+00    0.00000E+00    0.00000E+00    0.00000E+00    0.00000E+00
    0.44600E+07    0.00000E+00    0.00000E+00    0.00000E+00    0.00000E+00    0.00000E+00    0.00000E+00
    0.44650E+07    0.00000E+00    0.00000E+00    0.00000E+00    0.00000E+00    0.00000E+00    0.00000E+00
    0.44700E+07    0.00000E+00    0.00000E+00    0.00000E+00    0.00000E+00    0.00000E+00    0.00000E+00
    0.44750E+07    0.00000E+00    0.00000E+00    0.00000E+00    0.00000E+00    0.00000E+00    0.00000E+00
    0.44800E+07    0.00000E+00    0.00000E+00    0.00000E+00    0.00000E+00    0.00000E+00    0.00000E+00
    0.44850E+07    0.00000E+00    0.00000E+00    0.00000E+00    0.00000E+00    0.00000E+00    0.00000E+00
    0.44900E+07    0.00000E+00    0.00000E+00    0.00000E+00    0.00000E+00    0.00000E+00    0.00000E+00
    0.44950E+07    0.00000E+00    0.00000E+00    0.00000E+00    0.00000E+00    0.00000E+00    0.00000E+00
    0.45000E+07    0.00000E+00    0.00000E+00    0.00000E+00    0.00000E+00    0.00000E+00    0.00000E+00
    0.45050E+07    0.00000E+00    0.00000E+00    0.00000E+00    0.00000E+00    0.00000E+00    0.00000E+00
    0.45100E+07    0.00000E+00    0.00000E+00    0.00000E+00    0.00000E+00    0.00000E+00    0.00000E+00
    0.45150E+07    0.00000E+00    0.00000E+00    0.00000E+00    0.00000E+00    0.00000E+00    0.00000E+00
    0.45200E+07    0.00000E+00    0.00000E+00    0.00000E+00    0.00000E+00    0.00000E+00    0.00000E+00
    0.45250E+07    0.00000E+00    0.00000E+00    0.00000E+00    0.00000E+00    0.00000E+00    0.00000E+00
    0.45300E+07    0.00000E+00    0.00000E+00    0.00000E+00    0.00000E+00    0.00000E+00    0.00000E+00
    0.45350E+07    0.00000E+00    0.00000E+00    0.00000E+00    0.00000E+00    0.00000E+00    0.00000E+00
    0.45400E+07    0.00000E+00    0.00000E+00    0.00000E+00    0.00000E+00    0.00000E+00    0.00000E+00
    0.45450E+07    0.00000E+00    0.00000E+00    0.00000E+00    0.00000E+00    0.00000E+00    0.00000E+00
    0.45500E+07    0.00000E+00    0.00000E+00    0.00000E+00    0.00000E+00    0.00000E+00    0.00000E+00
    0.45550E+07    0.00000E+00    0.00000E+00    0.00000E+00    0.00000E+00    0.00000E+00    0.00000E+00
    0.45600E+07    0.00000E+00    0.00000E+00    0.00000E+00    0.00000E+00    0.00000E+00    0.00000E+00
    0.45650E+07    0.00000E+00    0.00000E+00    0.00000E+00    0.00000E+00    0.00000E+00    0.00000E+00
    0.45700E+07    0.00000E+00    0.00000E+00    0.00000E+00    0.00000E+00    0.00000E+00    0.00000E+00
    0.45750E+07    0.00000E+00    0.00000E+00    0.00000E+00    0.00000E+00    0.00000E+00    0.00000E+00
    0.45800E+07    0.00000E+00    0.00000E+00    0.00000E+00    0.00000E+00    0.00000E+00    0.00000E+00
    0.45850E+07    0.00000E+00    0.00000E+00    0.00000E+00    0.00000E+00    0.00000E+00    0.00000E+00
    0.45900E+07    0.00000E+00    0.00000E+00    0.00000E+00    0.00000E+00    0.00000E+00    0.00000E+00
    0.45950E+07    0.00000E+00    0.00000E+00    0.00000E+00    0.00000E+00    0.00000E+00    0.00000E+00
    0.46000E+07    0.00000E+00    0.00000E+00    0.00000E+00    0.00000E+00    0.00000E+00    0.00000E+00
    0.46050E+07    0.00000E+00    0.00000E+00    0.00000E+00    0.00000E+00    0.00000E+00    0.00000E+00
    0.46100E+07    0.00000E+00    0.00000E+00    0.00000E+00    0.00000E+00    0.00000E+00    0.00000E+00
    0.46150E+07    0.00000E+00    0.00000E+00    0.00000E+00    0.00000E+00    0.00000E+00    0.00000E+00
    0.46200E+07    0.00000E+00    0.00000E+00    0.00000E+00    0.00000E+00    0.00000E+00    0.00000E+00
    0.46250E+07    0.00000E+00    0.00000E+00    0.00000E+00    0.00000E+00    0.00000E+00    0.00000E+00
    0.46300E+07    0.00000E+00    0.00000E+00    0.00000E+00    0.00000E+00    0.00000E+00    0.00000E+00
    0.46350E+07    0.00000E+00    0.00000E+00    0.00000E+00    0.00000E+00    0.00000E+00    0.00000E+00
    0.46400E+07    0.00000E+00    0.00000E+00    0.00000E+00    0.00000E+00    0.00000E+00    0.00000E+00
    0.46450E+07    0.00000E+00    0.00000E+00    0.00000E+00    0.00000E+00    0.00000E+00    0.00000E+00
    0.46500E+07    0.00000E+00    0.00000E+00    0.00000E+00    0.00000E+00    0.00000E+00    0.00000E+00
    0.46550E+07    0.00000E+00    0.00000E+00    0.00000E+00    0.00000E+00    0.00000E+00    0.00000E+00
    0.46600E+07    0.00000E+00    0.00000E+00    0.00000E+00    0.00000E+00    0.00000E+00    0.00000E+00
    0.46650E+07    0.00000E+00    0.00000E+00    0.00000E+00    0.00000E+00    0.00000E+00    0.00000E+00
    0.46700E+07    0.00000E+00    0.00000E+00    0.00000E+00    0.00000E+00    0.00000E+00    0.00000E+00
    0.46750E+07    0.00000E+00    0.00000E+00    0.00000E+00    0.00000E+00    0.00000E+00    0.00000E+00
    0.46800E+07    0.00000E+00    0.00000E+00    0.00000E+00    0.00000E+00    0.00000E+00    0.00000E+00
    0.46850E+07    0.00000E+00    0.00000E+00    0.00000E+00    0.00000E+00    0.00000E+00    0.00000E+00
    0.46900E+07    0.00000E+00    0.00000E+00    0.00000E+00    0.00000E+00    0.00000E+00    0.00000E+00
    0.46950E+07    0.00000E+00    0.00000E+00    0.00000E+00    0.00000E+00    0.00000E+00    0.00000E+00
    0.47000E+07    0.00000E+00    0.00000E+00    0.00000E+00    0.00000E+00    0.00000E+00    0.00000E+00
    0.47050E+07    0.00000E+00    0.00000E+00    0.00000E+00    0.00000E+00    0.00000E+00    0.00000E+00
    0.47100E+07    0.00000E+00    0.00000E+00    0.00000E+00    0.00000E+00    0.00000E+00    0.00000E+00
    0.47150E+07    0.00000E+00    0.00000E+00    0.00000E+00    0.00000E+00    0.00000E+00    0.00000E+00
    0.47200E+07    0.00000E+00    0.00000E+00    0.00000E+00    0.00000E+00    0.00000E+00    0.00000E+00
    0.47250E+07    0.00000E+00    0.00000E+00    0.00000E+00    0.00000E+00    0.00000E+00    0.00000E+00
    0.47300E+07    0.00000E+00    0.00000E+00    0.00000E+00    0.00000E+00    0.00000E+00    0.00000E+00
    0.47350E+07    0.00000E+00    0.00000E+00    0.00000E+00    0.00000E+00    0.00000E+00    0.00000E+00
    0.47400E+07    0.00000E+00    0.00000E+00    0.00000E+00    0.00000E+00    0.00000E+00    0.00000E+00
    0.47450E+07    0.00000E+00    0.00000E+00    0.00000E+00    0.00000E+00    0.00000E+00    0.00000E+00
    0.47500E+07    0.00000E+00    0.00000E+00    0.00000E+00    0.00000E+00    0.00000E+00    0.00000E+00
    0.47550E+07    0.00000E+00    0.00000E+00    0.00000E+00    0.00000E+00    0.00000E+00    0.00000E+00
    0.47600E+07    0.00000E+00    0.00000E+00    0.00000E+00    0.00000E+00    0.00000E+00    0.00000E+00
    0.47650E+07    0.00000E+00    0.00000E+00    0.00000E+00    0.00000E+00    0.00000E+00    0.00000E+00
    0.47700E+07    0.00000E+00    0.00000E+00    0.00000E+00    0.00000E+00    0.00000E+00    0.00000E+00
    0.47750E+07    0.00000E+00    0.00000E+00    0.00000E+00    0.00000E+00    0.00000E+00    0.00000E+00
    0.47800E+07    0.00000E+00    0.00000E+00    0.00000E+00    0.00000E+00    0.00000E+00    0.00000E+00
    0.47850E+07    0.00000E+00    0.00000E+00    0.00000E+00    0.00000E+00    0.00000E+00    0.00000E+00
    0.47900E+07    0.00000E+00    0.00000E+00    0.00000E+00    0.00000E+00    0.00000E+00    0.00000E+00
    0.47950E+07    0.00000E+00    0.00000E+00    0.00000E+00    0.00000E+00    0.00000E+00    0.00000E+00
    0.48000E+07    0.00000E+00    0.00000E+00    0.00000E+00    0.00000E+00    0.00000E+00    0.00000E+00
    0.48050E+07    0.00000E+00    0.00000E+00    0.00000E+00    0.00000E+00    0.00000E+00    0.00000E+00
    0.48100E+07    0.00000E+00    0.00000E+00    0.00000E+00    0.00000E+00    0.00000E+00    0.00000E+00
    0.48150E+07    0.00000E+00    0.00000E+00    0.00000E+00    0.00000E+00    0.00000E+00    0.00000E+00
    0.48200E+07    0.00000E+00    0.00000E+00    0.00000E+00    0.00000E+00    0.00000E+00    0.00000E+00
    0.48250E+07    0.00000E+00    0.00000E+00    0.00000E+00    0.00000E+00    0.00000E+00    0.00000E+00
    0.48300E+07    0.00000E+00    0.00000E+00    0.00000E+00    0.00000E+00    0.00000E+00    0.00000E+00
    0.48350E+07    0.00000E+00    0.00000E+00    0.00000E+00    0.00000E+00    0.00000E+00    0.00000E+00
    0.48400E+07    0.00000E+00    0.00000E+00    0.00000E+00    0.00000E+00    0.00000E+00    0.00000E+00
    0.48450E+07    0.00000E+00    0.00000E+00    0.00000E+00    0.00000E+00    0.00000E+00    0.00000E+00
    0.48500E+07    0.00000E+00    0.00000E+00    0.00000E+00    0.00000E+00    0.00000E+00    0.00000E+00
    0.48550E+07    0.00000E+00    0.00000E+00    0.00000E+00    0.00000E+00    0.00000E+00    0.00000E+00
    0.48600E+07    0.00000E+00    0.00000E+00    0.00000E+00    0.00000E+00    0.00000E+00    0.00000E+00
    0.48650E+07    0.00000E+00    0.00000E+00    0.00000E+00    0.00000E+00    0.00000E+00    0.00000E+00
    0.48700E+07    0.00000E+00    0.00000E+00    0.00000E+00    0.00000E+00    0.00000E+00    0.00000E+00
    0.48750E+07    0.00000E+00    0.00000E+00    0.00000E+00    0.00000E+00    0.00000E+00    0.00000E+00
    0.48800E+07    0.00000E+00    0.00000E+00    0.00000E+00    0.00000E+00    0.00000E+00    0.00000E+00
    0.48850E+07    0.00000E+00    0.00000E+00    0.00000E+00    0.00000E+00    0.00000E+00    0.00000E+00
    0.48900E+07    0.96971E-34    0.14664E-33    0.13413E-33    0.00000E+00    0.00000E+00    0.00000E+00
    0.48950E+07    0.23180E-33    0.35039E-33    0.32042E-33    0.00000E+00    0.00000E+00    0.00000E+00
    0.49000E+07    0.32211E-33    0.48650E-33    0.44483E-33    0.00000E+00    0.00000E+00    0.00000E+00
    0.49050E+07    0.44721E-33    0.67531E-33    0.61719E-33    0.00000E+00    0.00000E+00    0.00000E+00
    0.49100E+07    0.62041E-33    0.93708E-33    0.85585E-33    0.00000E+00    0.00000E+00    0.00000E+00
    0.49150E+07    0.86005E-33    0.12998E-32    0.11861E-32    0.00000E+00    0.00000E+00    0.00000E+00
    0.49200E+07    0.11915E-32    0.18021E-32    0.16429E-32    0.00000E+00    0.00000E+00    0.00000E+00
    0.49250E+07    0.16495E-32    0.24973E-32    0.22744E-32    0.00000E+00    0.00000E+00    0.00000E+00
    0.49300E+07    0.22823E-32    0.34590E-32    0.31468E-32    0.00000E+00    0.00000E+00    0.00000E+00
    0.49350E+07    0.31558E-32    0.47885E-32    0.43513E-32    0.00000E+00    0.00000E+00    0.00000E+00
    0.49400E+07    0.43610E-32    0.66256E-32    0.60135E-32    0.00000E+00    0.00000E+00    0.00000E+00
    0.49450E+07    0.60231E-32    0.91626E-32    0.83060E-32    0.00000E+00    0.00000E+00    0.00000E+00
    0.49500E+07    0.83138E-32    0.12664E-31    0.11466E-31    0.00000E+00    0.00000E+00    0.00000E+00
    0.49550E+07    0.11469E-31    0.17494E-31    0.15819E-31    0.00000E+00    0.00000E+00    0.00000E+00
    0.49600E+07    0.15813E-31    0.24153E-31    0.21813E-31    0.00000E+00    0.00000E+00    0.00000E+00
    0.49650E+07    0.21789E-31    0.33329E-31    0.30061E-31    0.00000E+00    0.00000E+00    0.00000E+00
    0.49700E+07    0.30008E-31    0.45964E-31    0.41404E-31    0.00000E+00    0.00000E+00    0.00000E+00
    0.49750E+07    0.41303E-31    0.63356E-31    0.56996E-31    0.00000E+00    0.00000E+00    0.00000E+00
    0.49800E+07    0.56817E-31    0.87279E-31    0.78415E-31    0.00000E+00    0.00000E+00    0.00000E+00
    0.49850E+07    0.78115E-31    0.12017E-30    0.10782E-30    0.00000E+00    0.00000E+00    0.00000E+00
    0.49900E+07    0.10734E-30    0.16536E-30    0.14818E-30    0.00000E+00    0.00000E+00    0.00000E+00
    0.49950E+07    0.14741E-30    0.22742E-30    0.20352E-30    0.00000E+00    0.00000E+00    0.00000E+00
    0.50000E+07    0.20232E-30    0.31261E-30    0.27937E-30    0.00000E+00    0.00000E+00    0.00000E+00
    0.50050E+07    0.27754E-30    0.42946E-30    0.38328E-30    0.00000E+00    0.00000E+00    0.00000E+00
    0.50100E+07    0.38050E-30    0.58966E-30    0.52555E-30    0.00000E+00    0.00000E+00    0.00000E+00
    0.50150E+07    0.52138E-30    0.80918E-30    0.72022E-30    0.00000E+00    0.00000E+00    0.00000E+00
    0.50200E+07    0.71401E-30    0.11098E-29    0.98644E-30    0.00000E+00    0.00000E+00    0.00000E+00
    0.50250E+07    0.97726E-30    0.15213E-29    0.13503E-29    0.00000E+00    0.00000E+00    0.00000E+00
    0.50300E+07    0.13368E-29    0.20841E-29    0.18474E-29    0.00000E+00    0.00000E+00    0.00000E+00
    0.50350E+07    0.18277E-29    0.28537E-29    0.25260E-29    0.00000E+00    0.00000E+00    0.00000E+00
    0.50400E+07    0.24974E-29    0.39053E-29    0.34520E-29    0.00000E+00    0.00000E+00    0.00000E+00
    0.50450E+07    0.34105E-29    0.53414E-29    0.47148E-29    0.00000E+00    0.00000E+00    0.00000E+00
    0.50500E+07    0.46549E-29    0.73016E-29    0.64360E-29    0.00000E+00    0.00000E+00    0.00000E+00
    0.50550E+07    0.63499E-29    0.99756E-29    0.87806E-29    0.00000E+00    0.00000E+00    0.00000E+00
    0.50600E+07    0.86572E-29    0.13622E-28    0.11973E-28    0.00000E+00    0.00000E+00    0.00000E+00
    0.50650E+07    0.11796E-28    0.18590E-28    0.16316E-28    0.00000E+00    0.00000E+00    0.00000E+00
    0.50700E+07    0.16065E-28    0.25356E-28    0.22223E-28    0.00000E+00    0.00000E+00    0.00000E+00
    0.50750E+07    0.21866E-28    0.34566E-28    0.30251E-28    0.00000E+00    0.00000E+00    0.00000E+00
    0.50800E+07    0.29744E-28    0.47095E-28    0.41156E-28    0.00000E+00    0.00000E+00    0.00000E+00
    0.50850E+07    0.40439E-28    0.64130E-28    0.55961E-28    0.00000E+00    0.00000E+00    0.00000E+00
    0.50900E+07    0.54949E-28    0.87280E-28    0.76050E-28    0.00000E+00    0.00000E+00    0.00000E+00
    0.50950E+07    0.74624E-28    0.11872E-27    0.10329E-27    0.00000E+00    0.00000E+00    0.00000E+00
    0.51000E+07    0.10129E-27    0.16140E-27    0.14022E-27    0.00000E+00    0.00000E+00    0.00000E+00
    0.51050E+07    0.13740E-27    0.21930E-27    0.19023E-27    0.00000E+00    0.00000E+00    0.00000E+00
    0.51100E+07    0.18629E-27    0.29780E-27    0.25795E-27    0.00000E+00    0.00000E+00    0.00000E+00
    0.51150E+07    0.25242E-27    0.40419E-27    0.34957E-27    0.00000E+00    0.00000E+00    0.00000E+00
    0.51200E+07    0.34185E-27    0.54828E-27    0.47347E-27    0.00000E+00    0.00000E+00    0.00000E+00
    0.51250E+07    0.46271E-27    0.74333E-27    0.64093E-27    0.00000E+00    0.00000E+00    0.00000E+00
    0.51300E+07    0.62594E-27    0.10072E-26    0.86714E-27    0.00000E+00    0.00000E+00    0.00000E+00
    0.51350E+07    0.84628E-27    0.13641E-26    0.11725E-26    0.00000E+00    0.00000E+00    0.00000E+00
    0.51400E+07    0.11436E-26    0.18463E-26    0.15846E-26    0.00000E+00    0.00000E+00    0.00000E+00
    0.51450E+07    0.15444E-26    0.24976E-26    0.21403E-26    0.00000E+00    0.00000E+00    0.00000E+00
    0.51500E+07    0.20846E-26    0.33769E-26    0.28892E-26    0.00000E+00    0.00000E+00    0.00000E+00
    0.51550E+07    0.28121E-26    0.45632E-26    0.38981E-26    0.00000E+00    0.00000E+00    0.00000E+00
    0.51600E+07    0.37915E-26    0.61628E-26    0.52563E-26    0.00000E+00    0.00000E+00    0.00000E+00
    0.51650E+07    0.51092E-26    0.83187E-26    0.70837E-26    0.00000E+00    0.00000E+00    0.00000E+00
    0.51700E+07    0.68808E-26    0.11223E-25    0.95413E-26    0.00000E+00    0.00000E+00    0.00000E+00
    0.51750E+07    0.92618E-26    0.15132E-25    0.12844E-25    0.00000E+00    0.00000E+00    0.00000E+00
    0.51800E+07    0.12460E-25    0.20392E-25    0.17281E-25    0.00000E+00    0.00000E+00    0.00000E+00
    0.51850E+07    0.16752E-25    0.27465E-25    0.23238E-25    0.00000E+00    0.00000E+00    0.00000E+00
    0.51900E+07    0.22511E-25    0.36971E-25    0.31230E-25    0.00000E+00    0.00000E+00    0.00000E+00
    0.51950E+07    0.30234E-25    0.49741E-25    0.41947E-25    0.00000E+00    0.00000E+00    0.00000E+00
    0.52000E+07    0.40582E-25    0.66884E-25    0.56311E-25    0.00000E+00    0.00000E+00    0.00000E+00
    0.52050E+07    0.54443E-25    0.89887E-25    0.75552E-25    0.00000E+00    0.00000E+00    0.00000E+00
    0.52100E+07    0.72997E-25    0.12073E-24    0.10131E-24    0.00000E+00    0.00000E+00    0.00000E+00
    0.52150E+07    0.97819E-25    0.16208E-24    0.13578E-24    0.00000E+00    0.00000E+00    0.00000E+00
    0.52200E+07    0.13101E-24    0.21747E-24    0.18187E-24    0.00000E+00    0.00000E+00    0.00000E+00
    0.52250E+07    0.17537E-24    0.29162E-24    0.24347E-24    0.00000E+00    0.00000E+00    0.00000E+00
    0.52300E+07    0.23461E-24    0.39084E-24    0.32575E-24    0.00000E+00    0.00000E+00    0.00000E+00
    0.52350E+07    0.31369E-24    0.52353E-24    0.43560E-24    0.00000E+00    0.00000E+00    0.00000E+00
    0.52400E+07    0.41919E-24    0.70089E-24    0.58217E-24    0.00000E+00    0.00000E+00    0.00000E+00
    0.52450E+07    0.55986E-24    0.93783E-24    0.77762E-24    0.00000E+00    0.00000E+00    0.00000E+00
    0.52500E+07    0.74732E-24    0.12542E-23    0.10381E-23    0.00000E+00    0.00000E+00    0.00000E+00
    0.52550E+07    0.99701E-24    0.16763E-23    0.13851E-23    0.00000E+00    0.00000E+00    0.00000E+00
    0.52600E+07    0.13294E-23    0.22393E-23    0.18470E-23    0.00000E+00    0.00000E+00    0.00000E+00
    0.52650E+07    0.17715E-23    0.29897E-23    0.24616E-23    0.00000E+00    0.00000E+00    0.00000E+00
    0.52700E+07    0.23595E-23    0.39894E-23    0.32789E-23    0.00000E+00    0.00000E+00    0.00000E+00
    0.52750E+07    0.31408E-23    0.53205E-23    0.43651E-23    0.00000E+00    0.00000E+00    0.00000E+00
    0.52800E+07    0.41784E-23    0.70918E-23    0.58078E-23    0.00000E+00    0.00000E+00    0.00000E+00
    0.52850E+07    0.55558E-23    0.94477E-23    0.77232E-23    0.00000E+00    0.00000E+00    0.00000E+00
    0.52900E+07    0.73832E-23    0.12579E-22    0.10264E-22    0.00000E+00    0.00000E+00    0.00000E+00
    0.52950E+07    0.98061E-23    0.16740E-22    0.13634E-22    0.00000E+00    0.00000E+00    0.00000E+00
    0.53000E+07    0.13017E-22    0.22264E-22    0.18100E-22    0.00000E+00    0.00000E+00    0.00000E+00
    0.53050E+07    0.17269E-22    0.29595E-22    0.24016E-22    0.00000E+00    0.00000E+00    0.00000E+00
    0.53100E+07    0.22898E-22    0.39318E-22    0.31847E-22    0.00000E+00    0.00000E+00    0.00000E+00
    0.53150E+07    0.30345E-22    0.52208E-22    0.42207E-22    0.00000E+00    0.00000E+00    0.00000E+00
    0.53200E+07    0.40190E-22    0.69284E-22    0.55907E-22    0.00000E+00    0.00000E+00    0.00000E+00
    0.53250E+07    0.53201E-22    0.91896E-22    0.74013E-22    0.00000E+00    0.00000E+00    0.00000E+00
    0.53300E+07    0.70384E-22    0.12182E-21    0.97927E-22    0.00000E+00    0.00000E+00    0.00000E+00
    0.53350E+07    0.93065E-22    0.16140E-21    0.12950E-21    0.00000E+00    0.00000E+00    0.00000E+00
    0.53400E+07    0.12298E-21    0.21373E-21    0.17115E-21    0.00000E+00    0.00000E+00    0.00000E+00
    0.53450E+07    0.16243E-21    0.28285E-21    0.22606E-21    0.00000E+00    0.00000E+00    0.00000E+00
    0.53500E+07    0.21442E-21    0.37414E-21    0.29844E-21    0.00000E+00    0.00000E+00    0.00000E+00
    0.53550E+07    0.28288E-21    0.49461E-21    0.39376E-21    0.00000E+00    0.00000E+00    0.00000E+00
    0.53600E+07    0.37298E-21    0.65352E-21    0.51923E-21    0.00000E+00    0.00000E+00    0.00000E+00
    0.53650E+07    0.49152E-21    0.86300E-21    0.68431E-21    0.00000E+00    0.00000E+00    0.00000E+00
    0.53700E+07    0.64737E-21    0.11390E-20    0.90136E-21    0.00000E+00    0.00000E+00    0.00000E+00
    0.53750E+07    0.85215E-21    0.15024E-20    0.11866E-20    0.00000E+00    0.00000E+00    0.00000E+00
    0.53800E+07    0.11211E-20    0.19808E-20    0.15612E-20    0.00000E+00    0.00000E+00    0.00000E+00
    0.53850E+07    0.14740E-20    0.26100E-20    0.20529E-20    0.00000E+00    0.00000E+00    0.00000E+00
    0.53900E+07    0.19370E-20    0.34371E-20    0.26980E-20    0.00000E+00    0.00000E+00    0.00000E+00
    0.53950E+07    0.25440E-20    0.45238E-20    0.35438E-20    0.00000E+00    0.00000E+00    0.00000E+00
    0.54000E+07    0.33394E-20    0.59509E-20    0.46520E-20    0.00000E+00    0.00000E+00    0.00000E+00
    0.54050E+07    0.43809E-20    0.78239E-20    0.61034E-20    0.00000E+00    0.00000E+00    0.00000E+00
    0.54100E+07    0.57440E-20    0.10281E-19    0.80032E-20    0.00000E+00    0.00000E+00    0.00000E+00
    0.54150E+07    0.75270E-20    0.13501E-19    0.10488E-19    0.00000E+00    0.00000E+00    0.00000E+00
    0.54200E+07    0.98579E-20    0.17721E-19    0.13737E-19    0.00000E+00    0.00000E+00    0.00000E+00
    0.54250E+07    0.12903E-19    0.23248E-19    0.17983E-19    0.00000E+00    0.00000E+00    0.00000E+00
    0.54300E+07    0.16880E-19    0.30480E-19    0.23526E-19    0.00000E+00    0.00000E+00    0.00000E+00
    0.54350E+07    0.22070E-19    0.39940E-19    0.30762E-19    0.00000E+00    0.00000E+00    0.00000E+00
    0.54400E+07    0.28838E-19    0.52308E-19    0.40200E-19    0.00000E+00    0.00000E+00    0.00000E+00
    0.54450E+07    0.37662E-19    0.68468E-19    0.52504E-19    0.00000E+00    0.00000E+00    0.00000E+00
    0.54500E+07    0.49157E-19    0.89569E-19    0.68535E-19    0.00000E+00    0.00000E+00    0.00000E+00
    0.54550E+07    0.64125E-19    0.11711E-18    0.89409E-19    0.00000E+00    0.00000E+00    0.00000E+00
    0.54600E+07    0.83602E-19    0.15303E-18    0.11658E-18    0.00000E+00    0.00000E+00    0.00000E+00
    0.54650E+07    0.10893E-18    0.19986E-18    0.15191E-18    0.00000E+00    0.00000E+00    0.00000E+00
    0.54700E+07    0.14186E-18    0.26088E-18    0.19784E-18    0.00000E+00    0.00000E+00    0.00000E+00
    0.54750E+07    0.18463E-18    0.34034E-18    0.25751E-18    0.00000E+00    0.00000E+00    0.00000E+00
    0.54800E+07    0.24017E-18    0.44375E-18    0.33499E-18    0.00000E+00    0.00000E+00    0.00000E+00
    0.54850E+07    0.31223E-18    0.57826E-18    0.43552E-18    0.00000E+00    0.00000E+00    0.00000E+00
    0.54900E+07    0.40567E-18    0.75312E-18    0.56591E-18    0.00000E+00    0.00000E+00    0.00000E+00
    0.54950E+07    0.52678E-18    0.98031E-18    0.73491E-18    0.00000E+00    0.00000E+00    0.00000E+00
    0.55000E+07    0.68366E-18    0.12753E-17    0.95383E-18    0.00000E+00    0.00000E+00    0.00000E+00
    0.55050E+07    0.88675E-18    0.16582E-17    0.12373E-17    0.00000E+00    0.00000E+00    0.00000E+00
    0.55100E+07    0.11495E-17    0.21548E-17    0.16040E-17    0.00000E+00    0.00000E+00    0.00000E+00
    0.55150E+07    0.14893E-17    0.27985E-17    0.20782E-17    0.00000E+00    0.00000E+00    0.00000E+00
    0.55200E+07    0.19284E-17    0.36326E-17    0.26911E-17    0.00000E+00    0.00000E+00    0.00000E+00
    0.55250E+07    0.24955E-17    0.47125E-17    0.34827E-17    0.00000E+00    0.00000E+00    0.00000E+00
    0.55300E+07    0.32274E-17    0.61101E-17    0.45046E-17    0.00000E+00    0.00000E+00    0.00000E+00
    0.55350E+07    0.41718E-17    0.79177E-17    0.58230E-17    0.00000E+00    0.00000E+00    0.00000E+00
    0.55400E+07    0.53893E-17    0.10254E-16    0.75228E-17    0.00000E+00    0.00000E+00    0.00000E+00
    0.55450E+07    0.69581E-17    0.13273E-16    0.97132E-17    0.00000E+00    0.00000E+00    0.00000E+00
    0.55500E+07    0.89784E-17    0.17171E-16    0.12534E-16    0.00000E+00    0.00000E+00    0.00000E+00
    0.55550E+07    0.11579E-16    0.22201E-16    0.16165E-16    0.00000E+00    0.00000E+00    0.00000E+00
    0.55600E+07    0.14923E-16    0.28687E-16    0.20835E-16    0.00000E+00    0.00000E+00    0.00000E+00
    0.55650E+07    0.19223E-16    0.37049E-16    0.26840E-16    0.00000E+00    0.00000E+00    0.00000E+00
    0.55700E+07    0.24747E-16    0.47820E-16    0.34554E-16    0.00000E+00    0.00000E+00    0.00000E+00
    0.55750E+07    0.31852E-16    0.61686E-16    0.44444E-16    0.00000E+00    0.00000E+00    0.00000E+00
    0.55800E+07    0.40967E-16    0.79531E-16    0.57127E-16    0.00000E+00    0.00000E+00    0.00000E+00
    0.55800E+07    0.40967E-16    0.79531E-16    0.57127E-16    0.00000E+00    0.00000E+00    0.00000E+00
    0.55850E+07    0.52785E-16    0.10236E-15    0.73386E-16    0.00000E+00    0.00000E+00    0.00000E+00
    0.55900E+07    0.67916E-16    0.13171E-15    0.94195E-16    0.00000E+00    0.00000E+00    0.00000E+00
    0.55950E+07    0.87272E-16    0.16942E-15    0.12080E-15    0.00000E+00    0.00000E+00    0.00000E+00
    0.56000E+07    0.11201E-15    0.21785E-15    0.15480E-15    0.00000E+00    0.00000E+00    0.00000E+00
    0.56050E+07    0.14360E-15    0.27998E-15    0.19821E-15    0.00000E+00    0.00000E+00    0.00000E+00
    0.56100E+07    0.18391E-15    0.35963E-15    0.25357E-15    0.00000E+00    0.00000E+00    0.00000E+00
    0.56150E+07    0.23530E-15    0.46164E-15    0.32412E-15    0.00000E+00    0.00000E+00    0.00000E+00
    0.56200E+07    0.30076E-15    0.59220E-15    0.41396E-15    0.00000E+00    0.00000E+00    0.00000E+00
    0.56250E+07    0.38407E-15    0.75915E-15    0.52825E-15    0.00000E+00    0.00000E+00    0.00000E+00
    0.56300E+07    0.49000E-15    0.97247E-15    0.67352E-15    0.00000E+00    0.00000E+00    0.00000E+00
    0.56350E+07    0.62458E-15    0.12448E-14    0.85800E-15    0.00000E+00    0.00000E+00    0.00000E+00
    0.56400E+07    0.79540E-15    0.15922E-14    0.10921E-14    0.00000E+00    0.00000E+00    0.00000E+00
    0.56450E+07    0.10120E-14    0.20350E-14    0.13888E-14    0.00000E+00    0.00000E+00    0.00000E+00
    0.56500E+07    0.12865E-14    0.25989E-14    0.17647E-14    0.00000E+00    0.00000E+00    0.00000E+00
    0.56550E+07    0.16340E-14    0.33164E-14    0.22403E-14    0.00000E+00    0.00000E+00    0.00000E+00
    0.56600E+07    0.20735E-14    0.42286E-14    0.28417E-14    0.00000E+00    0.00000E+00    0.00000E+00
    0.56650E+07    0.26289E-14    0.53874E-14    0.36013E-14    0.00000E+00    0.00000E+00    0.00000E+00
    0.56700E+07    0.33301E-14    0.68581E-14    0.45599E-14    0.00000E+00    0.00000E+00    0.00000E+00
    0.56750E+07    0.42146E-14    0.87232E-14    0.57686E-14    0.00000E+00    0.00000E+00    0.00000E+00
    0.56800E+07    0.53293E-14    0.11086E-13    0.72912E-14    0.00000E+00    0.00000E+00    0.00000E+00
    0.56850E+07    0.67327E-14    0.14078E-13    0.92075E-14    0.00000E+00    0.00000E+00    0.00000E+00
    0.56900E+07    0.84980E-14    0.17862E-13    0.11617E-13    0.00000E+00    0.00000E+00    0.00000E+00
    0.56950E+07    0.10717E-13    0.22644E-13    0.14644E-13    0.00000E+00    0.00000E+00    0.00000E+00
    0.57000E+07    0.13502E-13    0.28682E-13    0.18442E-13    0.00000E+00    0.00000E+00    0.00000E+00
    0.57050E+07    0.16996E-13    0.36299E-13    0.23205E-13    0.00000E+00    0.00000E+00    0.00000E+00
    0.57100E+07    0.21375E-13    0.45900E-13    0.29171E-13    0.00000E+00    0.00000E+00    0.00000E+00
    0.57149E+07    0.26774E-13    0.57807E-13    0.36523E-13    0.00000E+00    0.00000E+00    0.00000E+00
    0.57199E+07    0.33505E-13    0.72739E-13    0.45686E-13    0.00000E+00    0.00000E+00    0.00000E+00
    0.57199E+07    0.47513E-13    0.62021E-13    0.45688E-13    0.00000E+00    0.00000E+00    0.00000E+00
    0.57200E+07    0.47681E-13    0.62534E-13    0.45911E-13    0.00000E+00    0.00000E+00    0.00000E+00
    0.57250E+07    0.54502E-13    0.83438E-13    0.54986E-13    0.00000E+00    0.00000E+00    0.00000E+00
    0.57300E+07    0.62828E-13    0.10915E-12    0.66052E-13    0.00000E+00    0.00000E+00    0.00000E+00
    0.57350E+07    0.72941E-13    0.14062E-12    0.79484E-13    0.00000E+00    0.00000E+00    0.00000E+00
    0.57400E+07    0.85181E-13    0.17901E-12    0.95729E-13    0.00000E+00    0.00000E+00    0.00000E+00
    0.57450E+07    0.99953E-13    0.22571E-12    0.11533E-12    0.00000E+00    0.00000E+00    0.00000E+00
    0.57500E+07    0.11775E-12    0.28241E-12    0.13892E-12    0.00000E+00    0.00000E+00    0.00000E+00
    0.57550E+07    0.13914E-12    0.35112E-12    0.16727E-12    0.00000E+00    0.00000E+00    0.00000E+00
    0.57600E+07    0.16481E-12    0.43425E-12    0.20128E-12    0.00000E+00    0.00000E+00    0.00000E+00
    0.57650E+07    0.19558E-12    0.53472E-12    0.24202E-12    0.00000E+00    0.00000E+00    0.00000E+00
    0.57700E+07    0.23241E-12    0.65598E-12    0.29078E-12    0.00000E+00    0.00000E+00    0.00000E+00
    0.57750E+07    0.27644E-12    0.80217E-12    0.34905E-12    0.00000E+00    0.00000E+00    0.00000E+00
    0.57800E+07    0.32902E-12    0.97822E-12    0.41862E-12    0.00000E+00    0.00000E+00    0.00000E+00
    0.57850E+07    0.39173E-12    0.11900E-11    0.50156E-12    0.00000E+00    0.00000E+00    0.00000E+00
    0.57900E+07    0.46643E-12    0.14445E-11    0.60035E-12    0.00000E+00    0.00000E+00    0.00000E+00
    0.57950E+07    0.55533E-12    0.17500E-11    0.71787E-12    0.00000E+00    0.00000E+00    0.00000E+00
    0.58000E+07    0.66100E-12    0.21165E-11    0.85752E-12    0.00000E+00    0.00000E+00    0.00000E+00
    0.58050E+07    0.78646E-12    0.25555E-11    0.10233E-11    0.00000E+00    0.00000E+00    0.00000E+00
    0.58100E+07    0.93525E-12    0.30809E-11    0.12199E-11    0.00000E+00    0.00000E+00    0.00000E+00
    0.58150E+07    0.11115E-11    0.37092E-11    0.14527E-11    0.00000E+00    0.00000E+00    0.00000E+00
    0.58200E+07    0.13201E-11    0.44596E-11    0.17280E-11    0.00000E+00    0.00000E+00    0.00000E+00
    0.58250E+07    0.15666E-11    0.53551E-11    0.20535E-11    0.00000E+00    0.00000E+00    0.00000E+00
    0.58300E+07    0.18576E-11    0.64225E-11    0.24376E-11    0.00000E+00    0.00000E+00    0.00000E+00
    0.58350E+07    0.22008E-11    0.76937E-11    0.28903E-11    0.00000E+00    0.00000E+00    0.00000E+00
    0.58400E+07    0.26050E-11    0.92059E-11    0.34235E-11    0.00000E+00    0.00000E+00    0.00000E+00
    0.58450E+07    0.30806E-11    0.11003E-10    0.40506E-11    0.00000E+00    0.00000E+00    0.00000E+00
    0.58500E+07    0.36395E-11    0.13136E-10    0.47874E-11    0.00000E+00    0.00000E+00    0.00000E+00
    0.58550E+07    0.42955E-11    0.15667E-10    0.56518E-11    0.00000E+00    0.00000E+00    0.00000E+00
    0.58600E+07    0.50645E-11    0.18664E-10    0.66648E-11    0.00000E+00    0.00000E+00    0.00000E+00
    0.58636E+07    0.56895E-11    0.21122E-10    0.74878E-11    0.00000E+00    0.00000E+00    0.00000E+00
    0.58636E+07    0.60308E-11    0.20607E-10    0.72097E-11    0.00000E+00    0.00000E+00    0.00000E+00
    0.58668E+07    0.66158E-11    0.23125E-10    0.79506E-11    0.00000E+00    0.00000E+00    0.00000E+00
    0.58700E+07    0.72571E-11    0.25916E-10    0.87616E-11    0.00000E+00    0.00000E+00    0.00000E+00
    0.58750E+07    0.83743E-11    0.30850E-10    0.10172E-10    0.00000E+00    0.00000E+00    0.00000E+00
    0.58800E+07    0.96584E-11    0.36620E-10    0.11790E-10    0.00000E+00    0.00000E+00    0.00000E+00
    0.58850E+07    0.11131E-10    0.43360E-10    0.13642E-10    0.00000E+00    0.00000E+00    0.00000E+00
    0.58900E+07    0.12817E-10    0.51218E-10    0.15757E-10    0.00000E+00    0.00000E+00    0.00000E+00
    0.58950E+07    0.14742E-10    0.60365E-10    0.18167E-10    0.00000E+00    0.00000E+00    0.00000E+00
    0.59000E+07    0.16937E-10    0.70995E-10    0.20907E-10    0.00000E+00    0.00000E+00    0.00000E+00
    0.59050E+07    0.19432E-10    0.83329E-10    0.24016E-10    0.00000E+00    0.00000E+00    0.00000E+00
    0.59100E+07    0.22265E-10    0.97613E-10    0.27534E-10    0.00000E+00    0.00000E+00    0.00000E+00
    0.59150E+07    0.25471E-10    0.11413E-09    0.31506E-10    0.00000E+00    0.00000E+00    0.00000E+00
    0.59200E+07    0.29094E-10    0.13320E-09    0.35980E-10    0.00000E+00    0.00000E+00    0.00000E+00
    0.59250E+07    0.33177E-10    0.15517E-09    0.41007E-10    0.00000E+00    0.00000E+00    0.00000E+00
    0.59300E+07    0.37768E-10    0.18045E-09    0.46639E-10    0.00000E+00    0.00000E+00    0.00000E+00
    0.59350E+07    0.42917E-10    0.20947E-09    0.52934E-10    0.00000E+00    0.00000E+00    0.00000E+00
    0.59400E+07    0.48677E-10    0.24274E-09    0.59949E-10    0.00000E+00    0.00000E+00    0.00000E+00
    0.59450E+07    0.55106E-10    0.28081E-09    0.67745E-10    0.00000E+00    0.00000E+00    0.00000E+00
    0.59500E+07    0.62261E-10    0.32428E-09    0.76384E-10    0.00000E+00    0.00000E+00    0.00000E+00
    0.59529E+07    0.66742E-10    0.35208E-09    0.81774E-10    0.00000E+00    0.00000E+00    0.00000E+00
    0.59558E+07    0.71497E-10    0.38205E-09    0.87478E-10    0.00000E+00    0.00000E+00    0.00000E+00
    0.59558E+07    0.83835E-10    0.35384E-09    0.75850E-10    0.00000E+00    0.00000E+00    0.00000E+00
    0.59600E+07    0.88081E-10    0.40383E-09    0.79998E-10    0.00000E+00    0.00000E+00    0.00000E+00
    0.59650E+07    0.93237E-10    0.46885E-09    0.84818E-10    0.00000E+00    0.00000E+00    0.00000E+00
    0.59700E+07    0.98492E-10    0.54067E-09    0.89455E-10    0.00000E+00    0.00000E+00    0.00000E+00
    0.59750E+07    0.10378E-09    0.61966E-09    0.93793E-10    0.00000E+00    0.00000E+00    0.00000E+00
    0.59800E+07    0.10904E-09    0.70615E-09    0.97707E-10    0.00000E+00    0.00000E+00    0.00000E+00
    0.59850E+07    0.11419E-09    0.80045E-09    0.10105E-09    0.00000E+00    0.00000E+00    0.00000E+00
    0.59900E+07    0.11914E-09    0.90282E-09    0.10368E-09    0.00000E+00    0.00000E+00    0.00000E+00
    0.59950E+07    0.12378E-09    0.10135E-08    0.10542E-09    0.00000E+00    0.00000E+00    0.00000E+00
    0.60000E+07    0.12802E-09    0.11325E-08    0.10610E-09    0.00000E+00    0.00000E+00    0.00000E+00
    0.60050E+07    0.13175E-09    0.12600E-08    0.10552E-09    0.00000E+00    0.00000E+00    0.00000E+00
    0.60100E+07    0.13483E-09    0.13959E-08    0.10351E-09    0.00000E+00    0.00000E+00    0.00000E+00
    0.60150E+07    0.13716E-09    0.15399E-08    0.99863E-10    0.00000E+00    0.00000E+00    0.00000E+00
    0.60200E+07    0.13862E-09    0.16919E-08    0.94392E-10    0.00000E+00    0.00000E+00    0.00000E+00
    0.60250E+07    0.13909E-09    0.18513E-08    0.86915E-10    0.00000E+00    0.00000E+00    0.00000E+00
    0.60300E+07    0.13846E-09    0.20176E-08    0.77262E-10    0.00000E+00    0.00000E+00    0.00000E+00
    0.60350E+07    0.13664E-09    0.21899E-08    0.65284E-10    0.00000E+00    0.00000E+00    0.00000E+00
    0.60400E+07    0.13355E-09    0.23672E-08    0.50857E-10    0.00000E+00    0.00000E+00    0.00000E+00
    0.60450E+07    0.12914E-09    0.25485E-08    0.33905E-10    0.00000E+00    0.00000E+00    0.00000E+00
    0.60500E+07    0.12338E-09    0.27323E-08    0.14369E-10    0.00000E+00    0.00000E+00    0.00000E+00
    0.60550E+07    0.11627E-09    0.29170E-08   -0.77355E-11    0.00000E+00    0.00000E+00    0.00000E+00
    0.60600E+07    0.10788E-09    0.31009E-08   -0.32335E-10    0.00000E+00    0.00000E+00    0.00000E+00
    0.60650E+07    0.98287E-10    0.32820E-08   -0.59291E-10    0.00000E+00    0.00000E+00    0.00000E+00
    0.60700E+07    0.87656E-10    0.34581E-08   -0.88385E-10    0.00000E+00    0.00000E+00    0.00000E+00
    0.60750E+07    0.76189E-10    0.36269E-08   -0.11932E-09    0.00000E+00    0.00000E+00    0.00000E+00
    0.60800E+07    0.64160E-10    0.37859E-08   -0.15169E-09    0.00000E+00    0.00000E+00    0.00000E+00
    0.60850E+07    0.51900E-10    0.39325E-08   -0.18502E-09    0.00000E+00    0.00000E+00    0.00000E+00
    0.60900E+07    0.39813E-10    0.40640E-08   -0.21874E-09    0.00000E+00    0.00000E+00    0.00000E+00
    0.60950E+07    0.28363E-10    0.41777E-08   -0.25216E-09    0.00000E+00    0.00000E+00    0.00000E+00
    0.61000E+07    0.18077E-10    0.42711E-08   -0.28452E-09    0.00000E+00    0.00000E+00    0.00000E+00
    0.61050E+07    0.95392E-11    0.43414E-08   -0.31500E-09    0.00000E+00    0.00000E+00    0.00000E+00
    0.61100E+07    0.33768E-11    0.43864E-08   -0.34269E-09    0.00000E+00    0.00000E+00    0.00000E+00
    0.61150E+07    0.25280E-12    0.44037E-08   -0.36664E-09    0.00000E+00    0.00000E+00    0.00000E+00
    0.61200E+07    0.84855E-12    0.43915E-08   -0.38585E-09    0.00000E+00    0.00000E+00    0.00000E+00
    0.61250E+07    0.58444E-11    0.43483E-08   -0.39936E-09    0.00000E+00    0.00000E+00    0.00000E+00
    0.61300E+07    0.15898E-10    0.42731E-08   -0.40620E-09    0.00000E+00    0.00000E+00    0.00000E+00
    0.61350E+07    0.31617E-10    0.41653E-08   -0.40548E-09    0.00000E+00    0.00000E+00    0.00000E+00
    0.61400E+07    0.53534E-10    0.40251E-08   -0.39644E-09    0.00000E+00    0.00000E+00    0.00000E+00
    0.61450E+07    0.82077E-10    0.38532E-08   -0.37842E-09    0.00000E+00    0.00000E+00    0.00000E+00
    0.61500E+07    0.11753E-09    0.36510E-08   -0.35096E-09    0.00000E+00    0.00000E+00    0.00000E+00
    0.61550E+07    0.16003E-09    0.34209E-08   -0.31381E-09    0.00000E+00    0.00000E+00    0.00000E+00
    0.61600E+07    0.20948E-09    0.31659E-08   -0.26701E-09    0.00000E+00    0.00000E+00    0.00000E+00
    0.61650E+07    0.26560E-09    0.28897E-08   -0.21087E-09    0.00000E+00    0.00000E+00    0.00000E+00
    0.61700E+07    0.32784E-09    0.25968E-08   -0.14605E-09    0.00000E+00    0.00000E+00    0.00000E+00
    0.61750E+07    0.39539E-09    0.22926E-08   -0.73535E-10    0.00000E+00    0.00000E+00    0.00000E+00
    0.61800E+07    0.46718E-09    0.19827E-08    0.53108E-11    0.00000E+00    0.00000E+00    0.00000E+00
    0.61850E+07    0.54187E-09    0.16736E-08    0.88783E-10    0.00000E+00    0.00000E+00    0.00000E+00
    0.61900E+07    0.61785E-09    0.13720E-08    0.17483E-09    0.00000E+00    0.00000E+00    0.00000E+00
    0.61950E+07    0.69330E-09    0.10847E-08    0.26109E-09    0.00000E+00    0.00000E+00    0.00000E+00
    0.62000E+07    0.76618E-09    0.81859E-09    0.34494E-09    0.00000E+00    0.00000E+00    0.00000E+00
    0.62049E+07    0.83356E-09    0.58310E-09    0.42269E-09    0.00000E+00    0.00000E+00    0.00000E+00
    0.62049E+07    0.85291E-09    0.58840E-09    0.44063E-09    0.00000E+00    0.00000E+00    0.00000E+00
    0.62075E+07    0.87745E-09    0.47927E-09    0.47418E-09    0.00000E+00    0.00000E+00    0.00000E+00
    0.62100E+07    0.89920E-09    0.38002E-09    0.50423E-09    0.00000E+00    0.00000E+00    0.00000E+00
    0.62150E+07    0.93360E-09    0.21528E-09    0.55290E-09    0.00000E+00    0.00000E+00    0.00000E+00
    0.62200E+07    0.95626E-09    0.95419E-10    0.58683E-09    0.00000E+00    0.00000E+00    0.00000E+00
    0.62250E+07    0.96706E-09    0.23168E-10    0.60581E-09    0.00000E+00    0.00000E+00    0.00000E+00
    0.62300E+07    0.96618E-09    0.26859E-13    0.61003E-09    0.00000E+00    0.00000E+00    0.00000E+00
    0.62350E+07    0.95409E-09    0.26292E-10    0.60004E-09    0.00000E+00    0.00000E+00    0.00000E+00
    0.62400E+07    0.93150E-09    0.10111E-09    0.57673E-09    0.00000E+00    0.00000E+00    0.00000E+00
    0.62450E+07    0.89933E-09    0.22255E-09    0.54123E-09    0.00000E+00    0.00000E+00    0.00000E+00
    0.62500E+07    0.85870E-09    0.38773E-09    0.49495E-09    0.00000E+00    0.00000E+00    0.00000E+00
    0.62550E+07    0.81081E-09    0.59287E-09    0.43942E-09    0.00000E+00    0.00000E+00    0.00000E+00
    0.62600E+07    0.75699E-09    0.83349E-09    0.37631E-09    0.00000E+00    0.00000E+00    0.00000E+00
    0.62650E+07    0.69859E-09    0.11045E-08    0.30738E-09    0.00000E+00    0.00000E+00    0.00000E+00
    0.62700E+07    0.63697E-09    0.14005E-08    0.23439E-09    0.00000E+00    0.00000E+00    0.00000E+00
    0.62750E+07    0.57347E-09    0.17155E-08    0.15907E-09    0.00000E+00    0.00000E+00    0.00000E+00
    0.62800E+07    0.50939E-09    0.20435E-08    0.83106E-10    0.00000E+00    0.00000E+00    0.00000E+00
    0.62850E+07    0.44593E-09    0.23787E-08    0.80718E-11    0.00000E+00    0.00000E+00    0.00000E+00
    0.62900E+07    0.38418E-09    0.27150E-08   -0.64569E-10    0.00000E+00    0.00000E+00    0.00000E+00
    0.62950E+07    0.32514E-09    0.30467E-08   -0.13352E-09    0.00000E+00    0.00000E+00    0.00000E+00
    0.63000E+07    0.26966E-09    0.33685E-08   -0.19767E-09    0.00000E+00    0.00000E+00    0.00000E+00
    0.63025E+07    0.24389E-09    0.35216E-08   -0.22715E-09    0.00000E+00    0.00000E+00    0.00000E+00
    0.63025E+07    0.19903E-09    0.37635E-08    0.45239E-10    0.00000E+00    0.00000E+00    0.00000E+00
    0.63062E+07    0.19130E-09    0.39736E-08    0.31594E-10    0.00000E+00    0.00000E+00    0.00000E+00
    0.63100E+07    0.18329E-09    0.41849E-08    0.17356E-10    0.00000E+00    0.00000E+00    0.00000E+00
    0.63150E+07    0.17229E-09    0.44661E-08   -0.23688E-11    0.00000E+00    0.00000E+00    0.00000E+00
    0.63200E+07    0.16089E-09    0.47470E-08   -0.23012E-10    0.00000E+00    0.00000E+00    0.00000E+00
    0.63250E+07    0.14915E-09    0.50260E-08   -0.44462E-10    0.00000E+00    0.00000E+00    0.00000E+00
    0.63300E+07    0.13716E-09    0.53017E-08   -0.66629E-10    0.00000E+00    0.00000E+00    0.00000E+00
    0.63350E+07    0.12500E-09    0.55724E-08   -0.89415E-10    0.00000E+00    0.00000E+00    0.00000E+00
    0.63400E+07    0.11275E-09    0.58365E-08   -0.11266E-09    0.00000E+00    0.00000E+00    0.00000E+00
    0.63450E+07    0.10051E-09    0.60923E-08   -0.13623E-09    0.00000E+00    0.00000E+00    0.00000E+00
    0.63500E+07    0.88403E-10    0.63382E-08   -0.15997E-09    0.00000E+00    0.00000E+00    0.00000E+00
    0.63545E+07    0.77704E-10    0.65497E-08   -0.18134E-09    0.00000E+00    0.00000E+00    0.00000E+00
    0.63590E+07    0.67288E-10    0.67504E-08   -0.20258E-09    0.00000E+00    0.00000E+00    0.00000E+00
    0.63590E+07    0.14954E-09    0.46633E-08   -0.22093E-08    0.00000E+00    0.00000E+00    0.00000E+00
    0.63600E+07    0.11037E-09    0.47128E-08   -0.22595E-08    0.00000E+00    0.00000E+00    0.00000E+00
    0.63629E+07    0.29836E-10    0.48158E-08   -0.23650E-08    0.00000E+00    0.00000E+00    0.00000E+00
    0.63658E+07    0.14045E-12    0.48562E-08   -0.24087E-08    0.00000E+00    0.00000E+00    0.00000E+00
    0.63658E+07    0.18197E-10    0.60096E-09   -0.51738E-08    0.00000E+00    0.00000E+00    0.00000E+00
    0.63660E+07    0.15984E-27    0.60165E-09   -0.51856E-08    0.00000E+00    0.00000E+00    0.00000E+00
    0.63660E+07    0.00000E+00    0.00000E+00    0.00000E+00    0.00000E+00    0.00000E+00    0.00000E+00
    0.63710E+07    0.00000E+00    0.00000E+00    0.00000E+00    0.00000E+00    0.00000E+00    0.00000E+00
