    0.34800E+07    0.47029E-36    0.71640E-19    0.34032E-19    0.00000E+00    0.00000E+00    0.00000E+00
    0.34850E+07    0.11218E-21    0.71968E-19    0.34240E-19    0.00000E+00    0.00000E+00    0.00000E+00
    0.34900E+07    0.44791E-21    0.72606E-19    0.34741E-19    0.00000E+00    0.00000E+00    0.00000E+00
    0.34950E+07    0.10074E-20    0.73556E-19    0.35535E-19    0.00000E+00    0.00000E+00    0.00000E+00
    0.35000E+07    0.17929E-20    0.74824E-19    0.36627E-19    0.00000E+00    0.00000E+00    0.00000E+00
    0.35050E+07    0.28082E-20    0.76419E-19    0.38023E-19    0.00000E+00    0.00000E+00    0.00000E+00
    0.35100E+07    0.40592E-20    0.78353E-19    0.39733E-19    0.00000E+00    0.00000E+00    0.00000E+00
    0.35150E+07    0.55538E-20    0.80639E-19    0.41767E-19    0.00000E+00    0.00000E+00    0.00000E+00
    0.35200E+07    0.73015E-20    0.83293E-19    0.44141E-19    0.00000E+00    0.00000E+00    0.00000E+00
    0.35250E+07    0.93140E-20    0.86336E-19    0.46871E-19    0.00000E+00    0.00000E+00    0.00000E+00
    0.35300E+07    0.11605E-19    0.89790E-19    0.49976E-19    0.00000E+00    0.00000E+00    0.00000E+00
    0.35350E+07    0.14190E-19    0.93681E-19    0.53478E-19    0.00000E+00    0.00000E+00    0.00000E+00
    0.35400E+07    0.17087E-19    0.98037E-19    0.57404E-19    0.00000E+00    0.00000E+00    0.00000E+00
    0.35450E+07    0.20317E-19    0.10289E-18    0.61780E-19    0.00000E+00    0.00000E+00    0.00000E+00
    0.35500E+07    0.23902E-19    0.10828E-18    0.66640E-19    0.00000E+00    0.00000E+00    0.00000E+00
    0.35550E+07    0.27867E-19    0.11424E-18    0.72017E-19    0.00000E+00    0.00000E+00    0.00000E+00
    0.35600E+07    0.32240E-19    0.12082E-18    0.77952E-19    0.00000E+00    0.00000E+00    0.00000E+00
    0.35650E+07    0.37052E-19    0.12807E-18    0.84487E-19    0.00000E+00    0.00000E+00    0.00000E+00
    0.35700E+07    0.42338E-19    0.13604E-18    0.91669E-19    0.00000E+00    0.00000E+00    0.00000E+00
    0.35750E+07    0.48133E-19    0.14479E-18    0.99550E-19    0.00000E+00    0.00000E+00    0.00000E+00
    0.35800E+07    0.54479E-19    0.15439E-18    0.10819E-18    0.00000E+00    0.00000E+00    0.00000E+00
    0.35850E+07    0.61422E-19    0.16489E-18    0.11764E-18    0.00000E+00    0.00000E+00    0.00000E+00
    0.35900E+07    0.69008E-19    0.17639E-18    0.12798E-18    0.00000E+00    0.00000E+00    0.00000E+00
    0.35950E+07    0.77292E-19    0.18896E-18    0.13928E-18    0.00000E+00    0.00000E+00    0.00000E+00
    0.36000E+07    0.86330E-19    0.20270E-18    0.15161E-18    0.00000E+00    0.00000E+00    0.00000E+00
    0.36050E+07    0.96187E-19    0.21770E-18    0.16507E-18    0.00000E+00    0.00000E+00    0.00000E+00
    0.36100E+07    0.10693E-18    0.23407E-18    0.17976E-18    0.00000E+00    0.00000E+00    0.00000E+00
    0.36150E+07    0.11863E-18    0.25194E-18    0.19576E-18    0.00000E+00    0.00000E+00    0.00000E+00
    0.36200E+07    0.13138E-18    0.27141E-18    0.21321E-18    0.00000E+00    0.00000E+00    0.00000E+00
    0.36250E+07    0.14525E-18    0.29265E-18    0.23221E-18    0.00000E+00    0.00000E+00    0.00000E+00
    0.36300E+07    0.16035E-18    0.31579E-18    0.25290E-18    0.00000E+00    0.00000E+00    0.00000E+00
    0.36300E+07    0.16035E-18    0.31579E-18    0.25289E-18    0.00000E+00    0.00000E+00    0.00000E+00
    0.36350E+07    0.17693E-18    0.34089E-18    0.27534E-18    0.00000E+00    0.00000E+00    0.00000E+00
    0.36400E+07    0.19497E-18    0.36824E-18    0.29977E-18    0.00000E+00    0.00000E+00    0.00000E+00
    0.36450E+07    0.21459E-18    0.39803E-18    0.32634E-18    0.00000E+00    0.00000E+00    0.00000E+00
    0.36500E+07    0.23591E-18    0.43046E-18    0.35523E-18    0.00000E+00    0.00000E+00    0.00000E+00
    0.36550E+07    0.25908E-18    0.46577E-18    0.38663E-18    0.00000E+00    0.00000E+00    0.00000E+00
    0.36600E+07    0.28426E-18    0.50419E-18    0.42076E-18    0.00000E+00    0.00000E+00    0.00000E+00
    0.36650E+07    0.31161E-18    0.54599E-18    0.45785E-18    0.00000E+00    0.00000E+00    0.00000E+00
    0.36700E+07    0.34132E-18    0.59147E-18    0.49813E-18    0.00000E+00    0.00000E+00    0.00000E+00
    0.36750E+07    0.37357E-18    0.64092E-18    0.54189E-18    0.00000E+00    0.00000E+00    0.00000E+00
    0.36800E+07    0.40859E-18    0.69469E-18    0.58939E-18    0.00000E+00    0.00000E+00    0.00000E+00
    0.36850E+07    0.44659E-18    0.75315E-18    0.64097E-18    0.00000E+00    0.00000E+00    0.00000E+00
    0.36900E+07    0.48784E-18    0.81668E-18    0.69695E-18    0.00000E+00    0.00000E+00    0.00000E+00
    0.36950E+07    0.53258E-18    0.88572E-18    0.75770E-18    0.00000E+00    0.00000E+00    0.00000E+00
    0.37000E+07    0.58112E-18    0.96073E-18    0.82360E-18    0.00000E+00    0.00000E+00    0.00000E+00
    0.37050E+07    0.63377E-18    0.10422E-17    0.89510E-18    0.00000E+00    0.00000E+00    0.00000E+00
    0.37100E+07    0.69085E-18    0.11307E-17    0.97264E-18    0.00000E+00    0.00000E+00    0.00000E+00
    0.37150E+07    0.75274E-18    0.12268E-17    0.10567E-17    0.00000E+00    0.00000E+00    0.00000E+00
    0.37200E+07    0.81983E-18    0.13311E-17    0.11479E-17    0.00000E+00    0.00000E+00    0.00000E+00
    0.37250E+07    0.89254E-18    0.14444E-17    0.12467E-17    0.00000E+00    0.00000E+00    0.00000E+00
    0.37300E+07    0.97132E-18    0.15673E-17    0.13537E-17    0.00000E+00    0.00000E+00    0.00000E+00
    0.37350E+07    0.10567E-17    0.17006E-17    0.14698E-17    0.00000E+00    0.00000E+00    0.00000E+00
    0.37400E+07    0.11491E-17    0.18453E-17    0.15955E-17    0.00000E+00    0.00000E+00    0.00000E+00
    0.37450E+07    0.12492E-17    0.20022E-17    0.17316E-17    0.00000E+00    0.00000E+00    0.00000E+00
    0.37500E+07    0.13577E-17    0.21724E-17    0.18790E-17    0.00000E+00    0.00000E+00    0.00000E+00
    0.37550E+07    0.14750E-17    0.23569E-17    0.20387E-17    0.00000E+00    0.00000E+00    0.00000E+00
    0.37600E+07    0.16021E-17    0.25570E-17    0.22115E-17    0.00000E+00    0.00000E+00    0.00000E+00
    0.37650E+07    0.17396E-17    0.27739E-17    0.23986E-17    0.00000E+00    0.00000E+00    0.00000E+00
    0.37700E+07    0.18883E-17    0.30089E-17    0.26010E-17    0.00000E+00    0.00000E+00    0.00000E+00
    0.37750E+07    0.20493E-17    0.32636E-17    0.28200E-17    0.00000E+00    0.00000E+00    0.00000E+00
    0.37800E+07    0.22234E-17    0.35395E-17    0.30570E-17    0.00000E+00    0.00000E+00    0.00000E+00
    0.37850E+07    0.24117E-17    0.38384E-17    0.33133E-17    0.00000E+00    0.00000E+00    0.00000E+00
    0.37900E+07    0.26153E-17    0.41621E-17    0.35905E-17    0.00000E+00    0.00000E+00    0.00000E+00
    0.37950E+07    0.28354E-17    0.45126E-17    0.38901E-17    0.00000E+00    0.00000E+00    0.00000E+00
    0.38000E+07    0.30733E-17    0.48921E-17    0.42141E-17    0.00000E+00    0.00000E+00    0.00000E+00
    0.38050E+07    0.33304E-17    0.53029E-17    0.45643E-17    0.00000E+00    0.00000E+00    0.00000E+00
    0.38100E+07    0.36083E-17    0.57475E-17    0.49427E-17    0.00000E+00    0.00000E+00    0.00000E+00
    0.38150E+07    0.39084E-17    0.62287E-17    0.53516E-17    0.00000E+00    0.00000E+00    0.00000E+00
    0.38200E+07    0.42326E-17    0.67492E-17    0.57933E-17    0.00000E+00    0.00000E+00    0.00000E+00
    0.38250E+07    0.45828E-17    0.73123E-17    0.62704E-17    0.00000E+00    0.00000E+00    0.00000E+00
    0.38300E+07    0.49609E-17    0.79214E-17    0.67856E-17    0.00000E+00    0.00000E+00    0.00000E+00
    0.38350E+07    0.53691E-17    0.85800E-17    0.73419E-17    0.00000E+00    0.00000E+00    0.00000E+00
    0.38400E+07    0.58098E-17    0.92921E-17    0.79425E-17    0.00000E+00    0.00000E+00    0.00000E+00
    0.38450E+07    0.62853E-17    0.10062E-16    0.85907E-17    0.00000E+00    0.00000E+00    0.00000E+00
    0.38500E+07    0.67985E-17    0.10894E-16    0.92903E-17    0.00000E+00    0.00000E+00    0.00000E+00
    0.38550E+07    0.73521E-17    0.11793E-16    0.10045E-16    0.00000E+00    0.00000E+00    0.00000E+00
    0.38600E+07    0.79493E-17    0.12765E-16    0.10859E-16    0.00000E+00    0.00000E+00    0.00000E+00
    0.38650E+07    0.85934E-17    0.13815E-16    0.11738E-16    0.00000E+00    0.00000E+00    0.00000E+00
    0.38700E+07    0.92880E-17    0.14948E-16    0.12685E-16    0.00000E+00    0.00000E+00    0.00000E+00
    0.38750E+07    0.10037E-16    0.16173E-16    0.13706E-16    0.00000E+00    0.00000E+00    0.00000E+00
    0.38800E+07    0.10844E-16    0.17495E-16    0.14808E-16    0.00000E+00    0.00000E+00    0.00000E+00
    0.38850E+07    0.11714E-16    0.18922E-16    0.15995E-16    0.00000E+00    0.00000E+00    0.00000E+00
    0.38900E+07    0.12651E-16    0.20463E-16    0.17274E-16    0.00000E+00    0.00000E+00    0.00000E+00
    0.38950E+07    0.13662E-16    0.22126E-16    0.18652E-16    0.00000E+00    0.00000E+00    0.00000E+00
    0.39000E+07    0.14750E-16    0.23921E-16    0.20137E-16    0.00000E+00    0.00000E+00    0.00000E+00
    0.39050E+07    0.15921E-16    0.25857E-16    0.21736E-16    0.00000E+00    0.00000E+00    0.00000E+00
    0.39100E+07    0.17183E-16    0.27945E-16    0.23459E-16    0.00000E+00    0.00000E+00    0.00000E+00
    0.39150E+07    0.18542E-16    0.30198E-16    0.25314E-16    0.00000E+00    0.00000E+00    0.00000E+00
    0.39200E+07    0.20005E-16    0.32627E-16    0.27311E-16    0.00000E+00    0.00000E+00    0.00000E+00
    0.39250E+07    0.21579E-16    0.35246E-16    0.29460E-16    0.00000E+00    0.00000E+00    0.00000E+00
    0.39300E+07    0.23273E-16    0.38070E-16    0.31774E-16    0.00000E+00    0.00000E+00    0.00000E+00
    0.39350E+07    0.25096E-16    0.41113E-16    0.34263E-16    0.00000E+00    0.00000E+00    0.00000E+00
    0.39400E+07    0.27057E-16    0.44393E-16    0.36942E-16    0.00000E+00    0.00000E+00    0.00000E+00
    0.39450E+07    0.29167E-16    0.47927E-16    0.39823E-16    0.00000E+00    0.00000E+00    0.00000E+00
    0.39500E+07    0.31435E-16    0.51735E-16    0.42922E-16    0.00000E+00    0.00000E+00    0.00000E+00
    0.39550E+07    0.33874E-16    0.55836E-16    0.46254E-16    0.00000E+00    0.00000E+00    0.00000E+00
    0.39600E+07    0.36496E-16    0.60253E-16    0.49837E-16    0.00000E+00    0.00000E+00    0.00000E+00
    0.39650E+07    0.39314E-16    0.65010E-16    0.53688E-16    0.00000E+00    0.00000E+00    0.00000E+00
    0.39700E+07    0.42343E-16    0.70131E-16    0.57827E-16    0.00000E+00    0.00000E+00    0.00000E+00
    0.39750E+07    0.45598E-16    0.75643E-16    0.62276E-16    0.00000E+00    0.00000E+00    0.00000E+00
    0.39800E+07    0.49094E-16    0.81577E-16    0.67055E-16    0.00000E+00    0.00000E+00    0.00000E+00
    0.39850E+07    0.52850E-16    0.87962E-16    0.72189E-16    0.00000E+00    0.00000E+00    0.00000E+00
    0.39900E+07    0.56884E-16    0.94832E-16    0.77704E-16    0.00000E+00    0.00000E+00    0.00000E+00
    0.39950E+07    0.61215E-16    0.10222E-15    0.83626E-16    0.00000E+00    0.00000E+00    0.00000E+00
    0.40000E+07    0.65865E-16    0.11017E-15    0.89985E-16    0.00000E+00    0.00000E+00    0.00000E+00
    0.40050E+07    0.70857E-16    0.11872E-15    0.96811E-16    0.00000E+00    0.00000E+00    0.00000E+00
    0.40100E+07    0.76214E-16    0.12791E-15    0.10414E-15    0.00000E+00    0.00000E+00    0.00000E+00
    0.40150E+07    0.81963E-16    0.13780E-15    0.11200E-15    0.00000E+00    0.00000E+00    0.00000E+00
    0.40200E+07    0.88131E-16    0.14842E-15    0.12044E-15    0.00000E+00    0.00000E+00    0.00000E+00
    0.40250E+07    0.94747E-16    0.15984E-15    0.12949E-15    0.00000E+00    0.00000E+00    0.00000E+00
    0.40300E+07    0.10184E-15    0.17211E-15    0.13920E-15    0.00000E+00    0.00000E+00    0.00000E+00
    0.40350E+07    0.10945E-15    0.18529E-15    0.14961E-15    0.00000E+00    0.00000E+00    0.00000E+00
    0.40400E+07    0.11761E-15    0.19946E-15    0.16078E-15    0.00000E+00    0.00000E+00    0.00000E+00
    0.40450E+07    0.12636E-15    0.21467E-15    0.17275E-15    0.00000E+00    0.00000E+00    0.00000E+00
    0.40500E+07    0.13574E-15    0.23100E-15    0.18558E-15    0.00000E+00    0.00000E+00    0.00000E+00
    0.40550E+07    0.14579E-15    0.24855E-15    0.19934E-15    0.00000E+00    0.00000E+00    0.00000E+00
    0.40600E+07    0.15655E-15    0.26738E-15    0.21407E-15    0.00000E+00    0.00000E+00    0.00000E+00
    0.40650E+07    0.16809E-15    0.28759E-15    0.22987E-15    0.00000E+00    0.00000E+00    0.00000E+00
    0.40700E+07    0.18044E-15    0.30929E-15    0.24678E-15    0.00000E+00    0.00000E+00    0.00000E+00
    0.40750E+07    0.19367E-15    0.33257E-15    0.26490E-15    0.00000E+00    0.00000E+00    0.00000E+00
    0.40800E+07    0.20784E-15    0.35754E-15    0.28430E-15    0.00000E+00    0.00000E+00    0.00000E+00
    0.40850E+07    0.22301E-15    0.38434E-15    0.30507E-15    0.00000E+00    0.00000E+00    0.00000E+00
    0.40900E+07    0.23924E-15    0.41308E-15    0.32731E-15    0.00000E+00    0.00000E+00    0.00000E+00
    0.40950E+07    0.25662E-15    0.44390E-15    0.35111E-15    0.00000E+00    0.00000E+00    0.00000E+00
    0.41000E+07    0.27521E-15    0.47694E-15    0.37658E-15    0.00000E+00    0.00000E+00    0.00000E+00
    0.41050E+07    0.29511E-15    0.51237E-15    0.40383E-15    0.00000E+00    0.00000E+00    0.00000E+00
    0.41100E+07    0.31639E-15    0.55035E-15    0.43299E-15    0.00000E+00    0.00000E+00    0.00000E+00
    0.41150E+07    0.33915E-15    0.59105E-15    0.46418E-15    0.00000E+00    0.00000E+00    0.00000E+00
    0.41200E+07    0.36349E-15    0.63466E-15    0.49753E-15    0.00000E+00    0.00000E+00    0.00000E+00
    0.41250E+07    0.38952E-15    0.68139E-15    0.53320E-15    0.00000E+00    0.00000E+00    0.00000E+00
    0.41300E+07    0.41734E-15    0.73145E-15    0.57133E-15    0.00000E+00    0.00000E+00    0.00000E+00
    0.41350E+07    0.44708E-15    0.78506E-15    0.61208E-15    0.00000E+00    0.00000E+00    0.00000E+00
    0.41400E+07    0.47886E-15    0.84248E-15    0.65565E-15    0.00000E+00    0.00000E+00    0.00000E+00
    0.41450E+07    0.51281E-15    0.90396E-15    0.70219E-15    0.00000E+00    0.00000E+00    0.00000E+00
    0.41500E+07    0.54909E-15    0.96978E-15    0.75193E-15    0.00000E+00    0.00000E+00    0.00000E+00
    0.41550E+07    0.58784E-15    0.10402E-14    0.80505E-15    0.00000E+00    0.00000E+00    0.00000E+00
    0.41600E+07    0.62922E-15    0.11156E-14    0.86179E-15    0.00000E+00    0.00000E+00    0.00000E+00
    0.41650E+07    0.67341E-15    0.11963E-14    0.92239E-15    0.00000E+00    0.00000E+00    0.00000E+00
    0.41700E+07    0.72059E-15    0.12826E-14    0.98709E-15    0.00000E+00    0.00000E+00    0.00000E+00
    0.41750E+07    0.77095E-15    0.13750E-14    0.10562E-14    0.00000E+00    0.00000E+00    0.00000E+00
    0.41800E+07    0.82470E-15    0.14738E-14    0.11299E-14    0.00000E+00    0.00000E+00    0.00000E+00
    0.41850E+07    0.88206E-15    0.15794E-14    0.12085E-14    0.00000E+00    0.00000E+00    0.00000E+00
    0.41900E+07    0.94325E-15    0.16924E-14    0.12925E-14    0.00000E+00    0.00000E+00    0.00000E+00
    0.41950E+07    0.10085E-14    0.18131E-14    0.13820E-14    0.00000E+00    0.00000E+00    0.00000E+00
    0.42000E+07    0.10782E-14    0.19422E-14    0.14776E-14    0.00000E+00    0.00000E+00    0.00000E+00
    0.42050E+07    0.11524E-14    0.20802E-14    0.15794E-14    0.00000E+00    0.00000E+00    0.00000E+00
    0.42100E+07    0.12316E-14    0.22276E-14    0.16881E-14    0.00000E+00    0.00000E+00    0.00000E+00
    0.42150E+07    0.13160E-14    0.23851E-14    0.18039E-14    0.00000E+00    0.00000E+00    0.00000E+00
    0.42200E+07    0.14060E-14    0.25534E-14    0.19273E-14    0.00000E+00    0.00000E+00    0.00000E+00
    0.42250E+07    0.15018E-14    0.27331E-14    0.20589E-14    0.00000E+00    0.00000E+00    0.00000E+00
    0.42300E+07    0.16040E-14    0.29250E-14    0.21991E-14    0.00000E+00    0.00000E+00    0.00000E+00
    0.42350E+07    0.17128E-14    0.31300E-14    0.23485E-14    0.00000E+00    0.00000E+00    0.00000E+00
    0.42400E+07    0.18288E-14    0.33488E-14    0.25076E-14    0.00000E+00    0.00000E+00    0.00000E+00
    0.42450E+07    0.19523E-14    0.35824E-14    0.26771E-14    0.00000E+00    0.00000E+00    0.00000E+00
    0.42500E+07    0.20838E-14    0.38317E-14    0.28576E-14    0.00000E+00    0.00000E+00    0.00000E+00
    0.42550E+07    0.22237E-14    0.40978E-14    0.30498E-14    0.00000E+00    0.00000E+00    0.00000E+00
    0.42600E+07    0.23728E-14    0.43816E-14    0.32544E-14    0.00000E+00    0.00000E+00    0.00000E+00
    0.42650E+07    0.25314E-14    0.46845E-14    0.34722E-14    0.00000E+00    0.00000E+00    0.00000E+00
    0.42700E+07    0.27002E-14    0.50075E-14    0.37039E-14    0.00000E+00    0.00000E+00    0.00000E+00
    0.42750E+07    0.28798E-14    0.53520E-14    0.39506E-14    0.00000E+00    0.00000E+00    0.00000E+00
    0.42800E+07    0.30708E-14    0.57194E-14    0.42129E-14    0.00000E+00    0.00000E+00    0.00000E+00
    0.42850E+07    0.32740E-14    0.61110E-14    0.44920E-14    0.00000E+00    0.00000E+00    0.00000E+00
    0.42900E+07    0.34902E-14    0.65286E-14    0.47888E-14    0.00000E+00    0.00000E+00    0.00000E+00
    0.42950E+07    0.37200E-14    0.69736E-14    0.51044E-14    0.00000E+00    0.00000E+00    0.00000E+00
    0.43000E+07    0.39643E-14    0.74478E-14    0.54399E-14    0.00000E+00    0.00000E+00    0.00000E+00
    0.43050E+07    0.42239E-14    0.79532E-14    0.57966E-14    0.00000E+00    0.00000E+00    0.00000E+00
    0.43100E+07    0.44999E-14    0.84915E-14    0.61757E-14    0.00000E+00    0.00000E+00    0.00000E+00
    0.43150E+07    0.47932E-14    0.90650E-14    0.65785E-14    0.00000E+00    0.00000E+00    0.00000E+00
    0.43200E+07    0.51048E-14    0.96758E-14    0.70065E-14    0.00000E+00    0.00000E+00    0.00000E+00
    0.43250E+07    0.54358E-14    0.10326E-13    0.74612E-14    0.00000E+00    0.00000E+00    0.00000E+00
    0.43300E+07    0.57873E-14    0.11019E-13    0.79442E-14    0.00000E+00    0.00000E+00    0.00000E+00
    0.43350E+07    0.61607E-14    0.11756E-13    0.84570E-14    0.00000E+00    0.00000E+00    0.00000E+00
    0.43400E+07    0.65570E-14    0.12541E-13    0.90016E-14    0.00000E+00    0.00000E+00    0.00000E+00
    0.43450E+07    0.69778E-14    0.13376E-13    0.95797E-14    0.00000E+00    0.00000E+00    0.00000E+00
    0.43500E+07    0.74244E-14    0.14264E-13    0.10193E-13    0.00000E+00    0.00000E+00    0.00000E+00
    0.43550E+07    0.78983E-14    0.15210E-13    0.10845E-13    0.00000E+00    0.00000E+00    0.00000E+00
    0.43600E+07    0.84013E-14    0.16216E-13    0.11536E-13    0.00000E+00    0.00000E+00    0.00000E+00
    0.43650E+07    0.89348E-14    0.17285E-13    0.12269E-13    0.00000E+00    0.00000E+00    0.00000E+00
    0.43700E+07    0.95007E-14    0.18423E-13    0.13046E-13    0.00000E+00    0.00000E+00    0.00000E+00
    0.43750E+07    0.10101E-13    0.19632E-13    0.13871E-13    0.00000E+00    0.00000E+00    0.00000E+00
    0.43800E+07    0.10737E-13    0.20918E-13    0.14746E-13    0.00000E+00    0.00000E+00    0.00000E+00
    0.43850E+07    0.11412E-13    0.22285E-13    0.15673E-13    0.00000E+00    0.00000E+00    0.00000E+00
    0.43900E+07    0.12127E-13    0.23738E-13    0.16656E-13    0.00000E+00    0.00000E+00    0.00000E+00
    0.43950E+07    0.12885E-13    0.25282E-13    0.17698E-13    0.00000E+00    0.00000E+00    0.00000E+00
    0.44000E+07    0.13689E-13    0.26922E-13    0.18802E-13    0.00000E+00    0.00000E+00    0.00000E+00
    0.44050E+07    0.14540E-13    0.28665E-13    0.19971E-13    0.00000E+00    0.00000E+00    0.00000E+00
    0.44100E+07    0.15441E-13    0.30516E-13    0.21211E-13    0.00000E+00    0.00000E+00    0.00000E+00
    0.44150E+07    0.16396E-13    0.32481E-13    0.22523E-13    0.00000E+00    0.00000E+00    0.00000E+00
    0.44200E+07    0.17408E-13    0.34568E-13    0.23913E-13    0.00000E+00    0.00000E+00    0.00000E+00
    0.44250E+07    0.18478E-13    0.36784E-13    0.25385E-13    0.00000E+00    0.00000E+00    0.00000E+00
    0.44300E+07    0.19612E-13    0.39137E-13    0.26942E-13    0.00000E+00    0.00000E+00    0.00000E+00
    0.44350E+07    0.20812E-13    0.41633E-13    0.28592E-13    0.00000E+00    0.00000E+00    0.00000E+00
    0.44400E+07    0.22082E-13    0.44283E-13    0.30337E-13    0.00000E+00    0.00000E+00    0.00000E+00
    0.44450E+07    0.23425E-13    0.47094E-13    0.32184E-13    0.00000E+00    0.00000E+00    0.00000E+00
    0.44500E+07    0.24847E-13    0.50077E-13    0.34137E-13    0.00000E+00    0.00000E+00    0.00000E+00
    0.44550E+07    0.26350E-13    0.53241E-13    0.36204E-13    0.00000E+00    0.00000E+00    0.00000E+00
    0.44600E+07    0.27940E-13    0.56596E-13    0.38390E-13    0.00000E+00    0.00000E+00    0.00000E+00
    0.44650E+07    0.29622E-13    0.60154E-13    0.40701E-13    0.00000E+00    0.00000E+00    0.00000E+00
    0.44700E+07    0.31400E-13    0.63927E-13    0.43144E-13    0.00000E+00    0.00000E+00    0.00000E+00
    0.44750E+07    0.33279E-13    0.67926E-13    0.45727E-13    0.00000E+00    0.00000E+00    0.00000E+00
    0.44800E+07    0.35266E-13    0.72165E-13    0.48457E-13    0.00000E+00    0.00000E+00    0.00000E+00
    0.44850E+07    0.37365E-13    0.76658E-13    0.51342E-13    0.00000E+00    0.00000E+00    0.00000E+00
    0.44900E+07    0.39582E-13    0.81419E-13    0.54390E-13    0.00000E+00    0.00000E+00    0.00000E+00
    0.44950E+07    0.41925E-13    0.86462E-13    0.57610E-13    0.00000E+00    0.00000E+00    0.00000E+00
    0.45000E+07    0.44399E-13    0.91805E-13    0.61010E-13    0.00000E+00    0.00000E+00    0.00000E+00
    0.45050E+07    0.47013E-13    0.97464E-13    0.64602E-13    0.00000E+00    0.00000E+00    0.00000E+00
    0.45100E+07    0.49772E-13    0.10346E-12    0.68393E-13    0.00000E+00    0.00000E+00    0.00000E+00
    0.45150E+07    0.52685E-13    0.10980E-12    0.72396E-13    0.00000E+00    0.00000E+00    0.00000E+00
    0.45200E+07    0.55759E-13    0.11652E-12    0.76621E-13    0.00000E+00    0.00000E+00    0.00000E+00
    0.45250E+07    0.59004E-13    0.12363E-12    0.81080E-13    0.00000E+00    0.00000E+00    0.00000E+00
    0.45300E+07    0.62428E-13    0.13116E-12    0.85784E-13    0.00000E+00    0.00000E+00    0.00000E+00
    0.45350E+07    0.66040E-13    0.13912E-12    0.90747E-13    0.00000E+00    0.00000E+00    0.00000E+00
    0.45400E+07    0.69850E-13    0.14755E-12    0.95982E-13    0.00000E+00    0.00000E+00    0.00000E+00
    0.45450E+07    0.73868E-13    0.15646E-12    0.10150E-12    0.00000E+00    0.00000E+00    0.00000E+00
    0.45500E+07    0.78105E-13    0.16589E-12    0.10732E-12    0.00000E+00    0.00000E+00    0.00000E+00
    0.45550E+07    0.82573E-13    0.17586E-12    0.11346E-12    0.00000E+00    0.00000E+00    0.00000E+00
    0.45600E+07    0.87281E-13    0.18641E-12    0.11993E-12    0.00000E+00    0.00000E+00    0.00000E+00
    0.45650E+07    0.92244E-13    0.19756E-12    0.12675E-12    0.00000E+00    0.00000E+00    0.00000E+00
    0.45700E+07    0.97474E-13    0.20934E-12    0.13393E-12    0.00000E+00    0.00000E+00    0.00000E+00
    0.45750E+07    0.10298E-12    0.22180E-12    0.14150E-12    0.00000E+00    0.00000E+00    0.00000E+00
    0.45800E+07    0.10879E-12    0.23496E-12    0.14947E-12    0.00000E+00    0.00000E+00    0.00000E+00
    0.45850E+07    0.11490E-12    0.24887E-12    0.15786E-12    0.00000E+00    0.00000E+00    0.00000E+00
    0.45900E+07    0.12134E-12    0.26356E-12    0.16671E-12    0.00000E+00    0.00000E+00    0.00000E+00
    0.45950E+07    0.12812E-12    0.27908E-12    0.17601E-12    0.00000E+00    0.00000E+00    0.00000E+00
    0.46000E+07    0.13525E-12    0.29548E-12    0.18581E-12    0.00000E+00    0.00000E+00    0.00000E+00
    0.46050E+07    0.14276E-12    0.31279E-12    0.19612E-12    0.00000E+00    0.00000E+00    0.00000E+00
    0.46100E+07    0.15067E-12    0.33107E-12    0.20697E-12    0.00000E+00    0.00000E+00    0.00000E+00
    0.46150E+07    0.15898E-12    0.35036E-12    0.21839E-12    0.00000E+00    0.00000E+00    0.00000E+00
    0.46200E+07    0.16773E-12    0.37073E-12    0.23039E-12    0.00000E+00    0.00000E+00    0.00000E+00
    0.46250E+07    0.17693E-12    0.39222E-12    0.24302E-12    0.00000E+00    0.00000E+00    0.00000E+00
    0.46300E+07    0.18661E-12    0.41490E-12    0.25630E-12    0.00000E+00    0.00000E+00    0.00000E+00
    0.46350E+07    0.19678E-12    0.43883E-12    0.27026E-12    0.00000E+00    0.00000E+00    0.00000E+00
    0.46400E+07    0.20748E-12    0.46407E-12    0.28494E-12    0.00000E+00    0.00000E+00    0.00000E+00
    0.46450E+07    0.21872E-12    0.49070E-12    0.30036E-12    0.00000E+00    0.00000E+00    0.00000E+00
    0.46500E+07    0.23053E-12    0.51877E-12    0.31657E-12    0.00000E+00    0.00000E+00    0.00000E+00
    0.46550E+07    0.24295E-12    0.54838E-12    0.33360E-12    0.00000E+00    0.00000E+00    0.00000E+00
    0.46600E+07    0.25599E-12    0.57959E-12    0.35148E-12    0.00000E+00    0.00000E+00    0.00000E+00
    0.46650E+07    0.26969E-12    0.61249E-12    0.37027E-12    0.00000E+00    0.00000E+00    0.00000E+00
    0.46700E+07    0.28408E-12    0.64716E-12    0.39000E-12    0.00000E+00    0.00000E+00    0.00000E+00
    0.46750E+07    0.29918E-12    0.68370E-12    0.41071E-12    0.00000E+00    0.00000E+00    0.00000E+00
    0.46800E+07    0.31504E-12    0.72219E-12    0.43245E-12    0.00000E+00    0.00000E+00    0.00000E+00
    0.46850E+07    0.33169E-12    0.76275E-12    0.45526E-12    0.00000E+00    0.00000E+00    0.00000E+00
    0.46900E+07    0.34916E-12    0.80546E-12    0.47920E-12    0.00000E+00    0.00000E+00    0.00000E+00
    0.46950E+07    0.36749E-12    0.85045E-12    0.50432E-12    0.00000E+00    0.00000E+00    0.00000E+00
    0.47000E+07    0.38672E-12    0.89782E-12    0.53067E-12    0.00000E+00    0.00000E+00    0.00000E+00
    0.47050E+07    0.40689E-12    0.94769E-12    0.55830E-12    0.00000E+00    0.00000E+00    0.00000E+00
    0.47100E+07    0.42804E-12    0.10002E-11    0.58728E-12    0.00000E+00    0.00000E+00    0.00000E+00
    0.47150E+07    0.45023E-12    0.10554E-11    0.61766E-12    0.00000E+00    0.00000E+00    0.00000E+00
    0.47200E+07    0.47348E-12    0.11136E-11    0.64950E-12    0.00000E+00    0.00000E+00    0.00000E+00
    0.47250E+07    0.49786E-12    0.11748E-11    0.68287E-12    0.00000E+00    0.00000E+00    0.00000E+00
    0.47300E+07    0.52340E-12    0.12391E-11    0.71783E-12    0.00000E+00    0.00000E+00    0.00000E+00
    0.47350E+07    0.55017E-12    0.13068E-11    0.75447E-12    0.00000E+00    0.00000E+00    0.00000E+00
    0.47400E+07    0.57821E-12    0.13780E-11    0.79284E-12    0.00000E+00    0.00000E+00    0.00000E+00
    0.47450E+07    0.60759E-12    0.14529E-11    0.83302E-12    0.00000E+00    0.00000E+00    0.00000E+00
    0.47500E+07    0.63834E-12    0.15316E-11    0.87509E-12    0.00000E+00    0.00000E+00    0.00000E+00
    0.47550E+07    0.67055E-12    0.16144E-11    0.91914E-12    0.00000E+00    0.00000E+00    0.00000E+00
    0.47600E+07    0.70427E-12    0.17013E-11    0.96524E-12    0.00000E+00    0.00000E+00    0.00000E+00
    0.47650E+07    0.73957E-12    0.17927E-11    0.10135E-11    0.00000E+00    0.00000E+00    0.00000E+00
    0.47700E+07    0.77650E-12    0.18888E-11    0.10640E-11    0.00000E+00    0.00000E+00    0.00000E+00
    0.47750E+07    0.81515E-12    0.19896E-11    0.11168E-11    0.00000E+00    0.00000E+00    0.00000E+00
    0.47800E+07    0.85557E-12    0.20956E-11    0.11720E-11    0.00000E+00    0.00000E+00    0.00000E+00
    0.47850E+07    0.89785E-12    0.22069E-11    0.12297E-11    0.00000E+00    0.00000E+00    0.00000E+00
    0.47900E+07    0.94208E-12    0.23238E-11    0.12901E-11    0.00000E+00    0.00000E+00    0.00000E+00
    0.47950E+07    0.98831E-12    0.24465E-11    0.13532E-11    0.00000E+00    0.00000E+00    0.00000E+00
    0.48000E+07    0.10366E-11    0.25754E-11    0.14192E-11    0.00000E+00    0.00000E+00    0.00000E+00
    0.48050E+07    0.10872E-11    0.27106E-11    0.14881E-11    0.00000E+00    0.00000E+00    0.00000E+00
    0.48100E+07    0.11399E-11    0.28525E-11    0.15601E-11    0.00000E+00    0.00000E+00    0.00000E+00
    0.48150E+07    0.11951E-11    0.30014E-11    0.16354E-11    0.00000E+00    0.00000E+00    0.00000E+00
    0.48200E+07    0.12527E-11    0.31576E-11    0.17139E-11    0.00000E+00    0.00000E+00    0.00000E+00
    0.48250E+07    0.13129E-11    0.33214E-11    0.17959E-11    0.00000E+00    0.00000E+00    0.00000E+00
    0.48300E+07    0.13757E-11    0.34933E-11    0.18815E-11    0.00000E+00    0.00000E+00    0.00000E+00
    0.48350E+07    0.14413E-11    0.36735E-11    0.19709E-11    0.00000E+00    0.00000E+00    0.00000E+00
    0.48400E+07    0.15098E-11    0.38624E-11    0.20641E-11    0.00000E+00    0.00000E+00    0.00000E+00
    0.48450E+07    0.15813E-11    0.40605E-11    0.21614E-11    0.00000E+00    0.00000E+00    0.00000E+00
    0.48500E+07    0.16558E-11    0.42681E-11    0.22629E-11    0.00000E+00    0.00000E+00    0.00000E+00
    0.48550E+07    0.17336E-11    0.44857E-11    0.23687E-11    0.00000E+00    0.00000E+00    0.00000E+00
    0.48600E+07    0.18147E-11    0.47137E-11    0.24791E-11    0.00000E+00    0.00000E+00    0.00000E+00
    0.48650E+07    0.18994E-11    0.49525E-11    0.25941E-11    0.00000E+00    0.00000E+00    0.00000E+00
    0.48700E+07    0.19876E-11    0.52027E-11    0.27140E-11    0.00000E+00    0.00000E+00    0.00000E+00
    0.48750E+07    0.20796E-11    0.54647E-11    0.28390E-11    0.00000E+00    0.00000E+00    0.00000E+00
    0.48800E+07    0.21754E-11    0.57390E-11    0.29692E-11    0.00000E+00    0.00000E+00    0.00000E+00
    0.48850E+07    0.22753E-11    0.60263E-11    0.31048E-11    0.00000E+00    0.00000E+00    0.00000E+00
    0.48900E+07    0.23793E-11    0.63270E-11    0.32460E-11    0.00000E+00    0.00000E+00    0.00000E+00
    0.48950E+07    0.24877E-11    0.66418E-11    0.33930E-11    0.00000E+00    0.00000E+00    0.00000E+00
    0.49000E+07    0.26006E-11    0.69712E-11    0.35461E-11    0.00000E+00    0.00000E+00    0.00000E+00
    0.49050E+07    0.27182E-11    0.73158E-11    0.37054E-11    0.00000E+00    0.00000E+00    0.00000E+00
    0.49100E+07    0.28405E-11    0.76764E-11    0.38712E-11    0.00000E+00    0.00000E+00    0.00000E+00
    0.49150E+07    0.29679E-11    0.80536E-11    0.40437E-11    0.00000E+00    0.00000E+00    0.00000E+00
    0.49200E+07    0.31004E-11    0.84480E-11    0.42232E-11    0.00000E+00    0.00000E+00    0.00000E+00
    0.49250E+07    0.32383E-11    0.88604E-11    0.44098E-11    0.00000E+00    0.00000E+00    0.00000E+00
    0.49300E+07    0.33817E-11    0.92916E-11    0.46038E-11    0.00000E+00    0.00000E+00    0.00000E+00
    0.49350E+07    0.35309E-11    0.97424E-11    0.48054E-11    0.00000E+00    0.00000E+00    0.00000E+00
    0.49400E+07    0.36860E-11    0.10214E-10    0.50150E-11    0.00000E+00    0.00000E+00    0.00000E+00
    0.49450E+07    0.38473E-11    0.10706E-10    0.52328E-11    0.00000E+00    0.00000E+00    0.00000E+00
    0.49500E+07    0.40148E-11    0.11220E-10    0.54591E-11    0.00000E+00    0.00000E+00    0.00000E+00
    0.49550E+07    0.41890E-11    0.11758E-10    0.56940E-11    0.00000E+00    0.00000E+00    0.00000E+00
    0.49600E+07    0.43699E-11    0.12319E-10    0.59380E-11    0.00000E+00    0.00000E+00    0.00000E+00
    0.49650E+07    0.45579E-11    0.12905E-10    0.61913E-11    0.00000E+00    0.00000E+00    0.00000E+00
    0.49700E+07    0.47531E-11    0.13517E-10    0.64543E-11    0.00000E+00    0.00000E+00    0.00000E+00
    0.49750E+07    0.49557E-11    0.14156E-10    0.67271E-11    0.00000E+00    0.00000E+00    0.00000E+00
    0.49800E+07    0.51661E-11    0.14823E-10    0.70102E-11    0.00000E+00    0.00000E+00    0.00000E+00
    0.49850E+07    0.53844E-11    0.15519E-10    0.73039E-11    0.00000E+00    0.00000E+00    0.00000E+00
    0.49900E+07    0.56110E-11    0.16246E-10    0.76084E-11    0.00000E+00    0.00000E+00    0.00000E+00
    0.49950E+07    0.58460E-11    0.17003E-10    0.79241E-11    0.00000E+00    0.00000E+00    0.00000E+00
    0.50000E+07    0.60898E-11    0.17794E-10    0.82513E-11    0.00000E+00    0.00000E+00    0.00000E+00
    0.50050E+07    0.63427E-11    0.18618E-10    0.85905E-11    0.00000E+00    0.00000E+00    0.00000E+00
    0.50100E+07    0.66048E-11    0.19478E-10    0.89418E-11    0.00000E+00    0.00000E+00    0.00000E+00
    0.50150E+07    0.68764E-11    0.20374E-10    0.93058E-11    0.00000E+00    0.00000E+00    0.00000E+00
    0.50200E+07    0.71580E-11    0.21309E-10    0.96827E-11    0.00000E+00    0.00000E+00    0.00000E+00
    0.50250E+07    0.74497E-11    0.22283E-10    0.10073E-10    0.00000E+00    0.00000E+00    0.00000E+00
    0.50300E+07    0.77519E-11    0.23298E-10    0.10477E-10    0.00000E+00    0.00000E+00    0.00000E+00
    0.50350E+07    0.80648E-11    0.24355E-10    0.10895E-10    0.00000E+00    0.00000E+00    0.00000E+00
    0.50400E+07    0.83888E-11    0.25457E-10    0.11328E-10    0.00000E+00    0.00000E+00    0.00000E+00
    0.50450E+07    0.87243E-11    0.26604E-10    0.11775E-10    0.00000E+00    0.00000E+00    0.00000E+00
    0.50500E+07    0.90714E-11    0.27799E-10    0.12238E-10    0.00000E+00    0.00000E+00    0.00000E+00
    0.50550E+07    0.94307E-11    0.29044E-10    0.12716E-10    0.00000E+00    0.00000E+00    0.00000E+00
    0.50600E+07    0.98022E-11    0.30339E-10    0.13210E-10    0.00000E+00    0.00000E+00    0.00000E+00
    0.50650E+07    0.10187E-10    0.31687E-10    0.13721E-10    0.00000E+00    0.00000E+00    0.00000E+00
    0.50700E+07    0.10584E-10    0.33090E-10    0.14249E-10    0.00000E+00    0.00000E+00    0.00000E+00
    0.50750E+07    0.10995E-10    0.34550E-10    0.14794E-10    0.00000E+00    0.00000E+00    0.00000E+00
    0.50800E+07    0.11419E-10    0.36069E-10    0.15357E-10    0.00000E+00    0.00000E+00    0.00000E+00
    0.50850E+07    0.11858E-10    0.37649E-10    0.15938E-10    0.00000E+00    0.00000E+00    0.00000E+00
    0.50900E+07    0.12311E-10    0.39293E-10    0.16538E-10    0.00000E+00    0.00000E+00    0.00000E+00
    0.50950E+07    0.12779E-10    0.41001E-10    0.17157E-10    0.00000E+00    0.00000E+00    0.00000E+00
    0.51000E+07    0.13263E-10    0.42777E-10    0.17795E-10    0.00000E+00    0.00000E+00    0.00000E+00
    0.51050E+07    0.13761E-10    0.44624E-10    0.18453E-10    0.00000E+00    0.00000E+00    0.00000E+00
    0.51100E+07    0.14276E-10    0.46543E-10    0.19131E-10    0.00000E+00    0.00000E+00    0.00000E+00
    0.51150E+07    0.14808E-10    0.48537E-10    0.19831E-10    0.00000E+00    0.00000E+00    0.00000E+00
    0.51200E+07    0.15356E-10    0.50608E-10    0.20551E-10    0.00000E+00    0.00000E+00    0.00000E+00
    0.51250E+07    0.15921E-10    0.52760E-10    0.21294E-10    0.00000E+00    0.00000E+00    0.00000E+00
    0.51300E+07    0.16503E-10    0.54995E-10    0.22058E-10    0.00000E+00    0.00000E+00    0.00000E+00
    0.51350E+07    0.17104E-10    0.57315E-10    0.22845E-10    0.00000E+00    0.00000E+00    0.00000E+00
    0.51400E+07    0.17723E-10    0.59724E-10    0.23655E-10    0.00000E+00    0.00000E+00    0.00000E+00
    0.51450E+07    0.18361E-10    0.62225E-10    0.24489E-10    0.00000E+00    0.00000E+00    0.00000E+00
    0.51500E+07    0.19018E-10    0.64820E-10    0.25346E-10    0.00000E+00    0.00000E+00    0.00000E+00
    0.51550E+07    0.19694E-10    0.67513E-10    0.26227E-10    0.00000E+00    0.00000E+00    0.00000E+00
    0.51600E+07    0.20390E-10    0.70307E-10    0.27134E-10    0.00000E+00    0.00000E+00    0.00000E+00
    0.51650E+07    0.21107E-10    0.73204E-10    0.28065E-10    0.00000E+00    0.00000E+00    0.00000E+00
    0.51700E+07    0.21844E-10    0.76210E-10    0.29022E-10    0.00000E+00    0.00000E+00    0.00000E+00
    0.51750E+07    0.22602E-10    0.79326E-10    0.30005E-10    0.00000E+00    0.00000E+00    0.00000E+00
    0.51800E+07    0.23382E-10    0.82556E-10    0.31014E-10    0.00000E+00    0.00000E+00    0.00000E+00
    0.51850E+07    0.24184E-10    0.85904E-10    0.32050E-10    0.00000E+00    0.00000E+00    0.00000E+00
    0.51900E+07    0.25008E-10    0.89375E-10    0.33113E-10    0.00000E+00    0.00000E+00    0.00000E+00
    0.51950E+07    0.25855E-10    0.92970E-10    0.34203E-10    0.00000E+00    0.00000E+00    0.00000E+00
    0.52000E+07    0.26724E-10    0.96695E-10    0.35321E-10    0.00000E+00    0.00000E+00    0.00000E+00
    0.52050E+07    0.27618E-10    0.10055E-09    0.36467E-10    0.00000E+00    0.00000E+00    0.00000E+00
    0.52100E+07    0.28535E-10    0.10455E-09    0.37642E-10    0.00000E+00    0.00000E+00    0.00000E+00
    0.52150E+07    0.29476E-10    0.10868E-09    0.38845E-10    0.00000E+00    0.00000E+00    0.00000E+00
    0.52200E+07    0.30441E-10    0.11297E-09    0.40077E-10    0.00000E+00    0.00000E+00    0.00000E+00
    0.52250E+07    0.31432E-10    0.11740E-09    0.41339E-10    0.00000E+00    0.00000E+00    0.00000E+00
    0.52300E+07    0.32447E-10    0.12198E-09    0.42630E-10    0.00000E+00    0.00000E+00    0.00000E+00
    0.52350E+07    0.33488E-10    0.12673E-09    0.43950E-10    0.00000E+00    0.00000E+00    0.00000E+00
    0.52400E+07    0.34555E-10    0.13163E-09    0.45300E-10    0.00000E+00    0.00000E+00    0.00000E+00
    0.52450E+07    0.35648E-10    0.13671E-09    0.46680E-10    0.00000E+00    0.00000E+00    0.00000E+00
    0.52500E+07    0.36768E-10    0.14196E-09    0.48091E-10    0.00000E+00    0.00000E+00    0.00000E+00
    0.52550E+07    0.37914E-10    0.14738E-09    0.49531E-10    0.00000E+00    0.00000E+00    0.00000E+00
    0.52600E+07    0.39087E-10    0.15299E-09    0.51002E-10    0.00000E+00    0.00000E+00    0.00000E+00
    0.52650E+07    0.40287E-10    0.15879E-09    0.52503E-10    0.00000E+00    0.00000E+00    0.00000E+00
    0.52700E+07    0.41515E-10    0.16477E-09    0.54035E-10    0.00000E+00    0.00000E+00    0.00000E+00
    0.52750E+07    0.42770E-10    0.17096E-09    0.55596E-10    0.00000E+00    0.00000E+00    0.00000E+00
    0.52800E+07    0.44054E-10    0.17735E-09    0.57188E-10    0.00000E+00    0.00000E+00    0.00000E+00
    0.52850E+07    0.45365E-10    0.18394E-09    0.58810E-10    0.00000E+00    0.00000E+00    0.00000E+00
    0.52900E+07    0.46704E-10    0.19075E-09    0.60462E-10    0.00000E+00    0.00000E+00    0.00000E+00
    0.52950E+07    0.48072E-10    0.19778E-09    0.62143E-10    0.00000E+00    0.00000E+00    0.00000E+00
    0.53000E+07    0.49467E-10    0.20503E-09    0.63854E-10    0.00000E+00    0.00000E+00    0.00000E+00
    0.53050E+07    0.50892E-10    0.21252E-09    0.65595E-10    0.00000E+00    0.00000E+00    0.00000E+00
    0.53100E+07    0.52345E-10    0.22024E-09    0.67364E-10    0.00000E+00    0.00000E+00    0.00000E+00
    0.53150E+07    0.53826E-10    0.22820E-09    0.69161E-10    0.00000E+00    0.00000E+00    0.00000E+00
    0.53200E+07    0.55336E-10    0.23641E-09    0.70987E-10    0.00000E+00    0.00000E+00    0.00000E+00
    0.53250E+07    0.56875E-10    0.24487E-09    0.72839E-10    0.00000E+00    0.00000E+00    0.00000E+00
    0.53300E+07    0.58442E-10    0.25360E-09    0.74719E-10    0.00000E+00    0.00000E+00    0.00000E+00
    0.53350E+07    0.60037E-10    0.26259E-09    0.76625E-10    0.00000E+00    0.00000E+00    0.00000E+00
    0.53400E+07    0.61660E-10    0.27185E-09    0.78556E-10    0.00000E+00    0.00000E+00    0.00000E+00
    0.53450E+07    0.63312E-10    0.28139E-09    0.80513E-10    0.00000E+00    0.00000E+00    0.00000E+00
    0.53500E+07    0.64991E-10    0.29122E-09    0.82493E-10    0.00000E+00    0.00000E+00    0.00000E+00
    0.53550E+07    0.66698E-10    0.30133E-09    0.84496E-10    0.00000E+00    0.00000E+00    0.00000E+00
    0.53600E+07    0.68432E-10    0.31175E-09    0.86521E-10    0.00000E+00    0.00000E+00    0.00000E+00
    0.53650E+07    0.70193E-10    0.32247E-09    0.88567E-10    0.00000E+00    0.00000E+00    0.00000E+00
    0.53700E+07    0.71981E-10    0.33350E-09    0.90634E-10    0.00000E+00    0.00000E+00    0.00000E+00
    0.53750E+07    0.73795E-10    0.34484E-09    0.92718E-10    0.00000E+00    0.00000E+00    0.00000E+00
    0.53800E+07    0.75634E-10    0.35651E-09    0.94820E-10    0.00000E+00    0.00000E+00    0.00000E+00
    0.53850E+07    0.77499E-10    0.36851E-09    0.96938E-10    0.00000E+00    0.00000E+00    0.00000E+00
    0.53900E+07    0.79389E-10    0.38085E-09    0.99070E-10    0.00000E+00    0.00000E+00    0.00000E+00
    0.53950E+07    0.81302E-10    0.39353E-09    0.10121E-09    0.00000E+00    0.00000E+00    0.00000E+00
    0.54000E+07    0.83239E-10    0.40656E-09    0.10337E-09    0.00000E+00    0.00000E+00    0.00000E+00
    0.54050E+07    0.85198E-10    0.41995E-09    0.10554E-09    0.00000E+00    0.00000E+00    0.00000E+00
    0.54100E+07    0.87179E-10    0.43370E-09    0.10771E-09    0.00000E+00    0.00000E+00    0.00000E+00
    0.54150E+07    0.89182E-10    0.44782E-09    0.10989E-09    0.00000E+00    0.00000E+00    0.00000E+00
    0.54200E+07    0.91204E-10    0.46232E-09    0.11207E-09    0.00000E+00    0.00000E+00    0.00000E+00
    0.54250E+07    0.93246E-10    0.47720E-09    0.11426E-09    0.00000E+00    0.00000E+00    0.00000E+00
    0.54300E+07    0.95306E-10    0.49247E-09    0.11644E-09    0.00000E+00    0.00000E+00    0.00000E+00
    0.54350E+07    0.97384E-10    0.50814E-09    0.11862E-09    0.00000E+00    0.00000E+00    0.00000E+00
    0.54400E+07    0.99477E-10    0.52421E-09    0.12079E-09    0.00000E+00    0.00000E+00    0.00000E+00
    0.54450E+07    0.10158E-09    0.54070E-09    0.12296E-09    0.00000E+00    0.00000E+00    0.00000E+00
    0.54500E+07    0.10371E-09    0.55759E-09    0.12512E-09    0.00000E+00    0.00000E+00    0.00000E+00
    0.54550E+07    0.10584E-09    0.57491E-09    0.12726E-09    0.00000E+00    0.00000E+00    0.00000E+00
    0.54600E+07    0.10799E-09    0.59266E-09    0.12938E-09    0.00000E+00    0.00000E+00    0.00000E+00
    0.54650E+07    0.11014E-09    0.61084E-09    0.13149E-09    0.00000E+00    0.00000E+00    0.00000E+00
    0.54700E+07    0.11230E-09    0.62946E-09    0.13357E-09    0.00000E+00    0.00000E+00    0.00000E+00
    0.54750E+07    0.11447E-09    0.64853E-09    0.13562E-09    0.00000E+00    0.00000E+00    0.00000E+00
    0.54800E+07    0.11665E-09    0.66805E-09    0.13765E-09    0.00000E+00    0.00000E+00    0.00000E+00
    0.54850E+07    0.11882E-09    0.68803E-09    0.13964E-09    0.00000E+00    0.00000E+00    0.00000E+00
    0.54900E+07    0.12100E-09    0.70848E-09    0.14160E-09    0.00000E+00    0.00000E+00    0.00000E+00
    0.54950E+07    0.12318E-09    0.72939E-09    0.14351E-09    0.00000E+00    0.00000E+00    0.00000E+00
    0.55000E+07    0.12535E-09    0.75078E-09    0.14539E-09    0.00000E+00    0.00000E+00    0.00000E+00
    0.55050E+07    0.12752E-09    0.77264E-09    0.14721E-09    0.00000E+00    0.00000E+00    0.00000E+00
    0.55100E+07    0.12969E-09    0.79499E-09    0.14898E-09    0.00000E+00    0.00000E+00    0.00000E+00
    0.55150E+07    0.13184E-09    0.81783E-09    0.15069E-09    0.00000E+00    0.00000E+00    0.00000E+00
    0.55200E+07    0.13399E-09    0.84116E-09    0.15234E-09    0.00000E+00    0.00000E+00    0.00000E+00
    0.55250E+07    0.13612E-09    0.86499E-09    0.15393E-09    0.00000E+00    0.00000E+00    0.00000E+00
    0.55300E+07    0.13823E-09    0.88932E-09    0.15545E-09    0.00000E+00    0.00000E+00    0.00000E+00
    0.55350E+07    0.14033E-09    0.91415E-09    0.15689E-09    0.00000E+00    0.00000E+00    0.00000E+00
    0.55400E+07    0.14241E-09    0.93950E-09    0.15825E-09    0.00000E+00    0.00000E+00    0.00000E+00
    0.55450E+07    0.14446E-09    0.96535E-09    0.15952E-09    0.00000E+00    0.00000E+00    0.00000E+00
    0.55500E+07    0.14649E-09    0.99172E-09    0.16071E-09    0.00000E+00    0.00000E+00    0.00000E+00
    0.55550E+07    0.14849E-09    0.10186E-08    0.16180E-09    0.00000E+00    0.00000E+00    0.00000E+00
    0.55600E+07    0.15046E-09    0.10460E-08    0.16280E-09    0.00000E+00    0.00000E+00    0.00000E+00
    0.55650E+07    0.15240E-09    0.10739E-08    0.16368E-09    0.00000E+00    0.00000E+00    0.00000E+00
    0.55700E+07    0.15430E-09    0.11024E-08    0.16446E-09    0.00000E+00    0.00000E+00    0.00000E+00
    0.55750E+07    0.15623E-09    0.11313E-08    0.16480E-09    0.00000E+00    0.00000E+00    0.00000E+00
    0.55800E+07    0.15810E-09    0.11607E-08    0.16499E-09    0.00000E+00    0.00000E+00    0.00000E+00
    0.55800E+07    0.15810E-09    0.11607E-08    0.16499E-09    0.00000E+00    0.00000E+00    0.00000E+00
    0.55850E+07    0.16037E-09    0.11889E-08    0.16417E-09    0.00000E+00    0.00000E+00    0.00000E+00
    0.55900E+07    0.16254E-09    0.12176E-08    0.16311E-09    0.00000E+00    0.00000E+00    0.00000E+00
    0.55950E+07    0.16462E-09    0.12469E-08    0.16180E-09    0.00000E+00    0.00000E+00    0.00000E+00
    0.56000E+07    0.16659E-09    0.12766E-08    0.16023E-09    0.00000E+00    0.00000E+00    0.00000E+00
    0.56050E+07    0.16845E-09    0.13067E-08    0.15839E-09    0.00000E+00    0.00000E+00    0.00000E+00
    0.56100E+07    0.17019E-09    0.13374E-08    0.15626E-09    0.00000E+00    0.00000E+00    0.00000E+00
    0.56150E+07    0.17182E-09    0.13685E-08    0.15385E-09    0.00000E+00    0.00000E+00    0.00000E+00
    0.56200E+07    0.17331E-09    0.14001E-08    0.15113E-09    0.00000E+00    0.00000E+00    0.00000E+00
    0.56250E+07    0.17467E-09    0.14321E-08    0.14809E-09    0.00000E+00    0.00000E+00    0.00000E+00
    0.56300E+07    0.17590E-09    0.14645E-08    0.14474E-09    0.00000E+00    0.00000E+00    0.00000E+00
    0.56350E+07    0.17697E-09    0.14974E-08    0.14105E-09    0.00000E+00    0.00000E+00    0.00000E+00
    0.56400E+07    0.17790E-09    0.15307E-08    0.13702E-09    0.00000E+00    0.00000E+00    0.00000E+00
    0.56450E+07    0.17867E-09    0.15643E-08    0.13264E-09    0.00000E+00    0.00000E+00    0.00000E+00
    0.56500E+07    0.17928E-09    0.15984E-08    0.12789E-09    0.00000E+00    0.00000E+00    0.00000E+00
    0.56550E+07    0.17972E-09    0.16328E-08    0.12277E-09    0.00000E+00    0.00000E+00    0.00000E+00
    0.56600E+07    0.17998E-09    0.16675E-08    0.11727E-09    0.00000E+00    0.00000E+00    0.00000E+00
    0.56650E+07    0.18007E-09    0.17026E-08    0.11138E-09    0.00000E+00    0.00000E+00    0.00000E+00
    0.56700E+07    0.17998E-09    0.17379E-08    0.10509E-09    0.00000E+00    0.00000E+00    0.00000E+00
    0.56750E+07    0.17970E-09    0.17736E-08    0.98396E-10    0.00000E+00    0.00000E+00    0.00000E+00
    0.56800E+07    0.17923E-09    0.18095E-08    0.91290E-10    0.00000E+00    0.00000E+00    0.00000E+00
    0.56850E+07    0.17856E-09    0.18456E-08    0.83763E-10    0.00000E+00    0.00000E+00    0.00000E+00
    0.56900E+07    0.17770E-09    0.18820E-08    0.75811E-10    0.00000E+00    0.00000E+00    0.00000E+00
    0.56950E+07    0.17663E-09    0.19185E-08    0.67426E-10    0.00000E+00    0.00000E+00    0.00000E+00
    0.57000E+07    0.17536E-09    0.19552E-08    0.58605E-10    0.00000E+00    0.00000E+00    0.00000E+00
    0.57050E+07    0.17389E-09    0.19920E-08    0.49338E-10    0.00000E+00    0.00000E+00    0.00000E+00
    0.57100E+07    0.17220E-09    0.20289E-08    0.39631E-10    0.00000E+00    0.00000E+00    0.00000E+00
    0.57149E+07    0.17033E-09    0.20654E-08    0.29613E-10    0.00000E+00    0.00000E+00    0.00000E+00
    0.57199E+07    0.16826E-09    0.21019E-08    0.19165E-10    0.00000E+00    0.00000E+00    0.00000E+00
    0.57199E+07    0.23860E-09    0.17922E-08   -0.18974E-09    0.00000E+00    0.00000E+00    0.00000E+00
    0.57200E+07    0.23826E-09    0.17934E-08   -0.19036E-09    0.00000E+00    0.00000E+00    0.00000E+00
    0.57250E+07    0.22583E-09    0.18356E-08   -0.21290E-09    0.00000E+00    0.00000E+00    0.00000E+00
    0.57300E+07    0.21340E-09    0.18770E-08   -0.23558E-09    0.00000E+00    0.00000E+00    0.00000E+00
    0.57350E+07    0.20101E-09    0.19177E-08   -0.25837E-09    0.00000E+00    0.00000E+00    0.00000E+00
    0.57400E+07    0.18868E-09    0.19574E-08   -0.28124E-09    0.00000E+00    0.00000E+00    0.00000E+00
    0.57450E+07    0.17644E-09    0.19962E-08   -0.30413E-09    0.00000E+00    0.00000E+00    0.00000E+00
    0.57500E+07    0.16433E-09    0.20340E-08   -0.32700E-09    0.00000E+00    0.00000E+00    0.00000E+00
    0.57550E+07    0.15238E-09    0.20706E-08   -0.34980E-09    0.00000E+00    0.00000E+00    0.00000E+00
    0.57600E+07    0.14061E-09    0.21061E-08   -0.37249E-09    0.00000E+00    0.00000E+00    0.00000E+00
    0.57650E+07    0.12906E-09    0.21403E-08   -0.39503E-09    0.00000E+00    0.00000E+00    0.00000E+00
    0.57700E+07    0.11777E-09    0.21731E-08   -0.41736E-09    0.00000E+00    0.00000E+00    0.00000E+00
    0.57750E+07    0.10677E-09    0.22046E-08   -0.43942E-09    0.00000E+00    0.00000E+00    0.00000E+00
    0.57800E+07    0.96102E-10    0.22347E-08   -0.46118E-09    0.00000E+00    0.00000E+00    0.00000E+00
    0.57850E+07    0.85793E-10    0.22633E-08   -0.48256E-09    0.00000E+00    0.00000E+00    0.00000E+00
    0.57900E+07    0.75884E-10    0.22902E-08   -0.50352E-09    0.00000E+00    0.00000E+00    0.00000E+00
    0.57950E+07    0.66412E-10    0.23155E-08   -0.52401E-09    0.00000E+00    0.00000E+00    0.00000E+00
    0.58000E+07    0.57415E-10    0.23392E-08   -0.54397E-09    0.00000E+00    0.00000E+00    0.00000E+00
    0.58050E+07    0.48931E-10    0.23610E-08   -0.56334E-09    0.00000E+00    0.00000E+00    0.00000E+00
    0.58100E+07    0.40998E-10    0.23811E-08   -0.58206E-09    0.00000E+00    0.00000E+00    0.00000E+00
    0.58150E+07    0.33654E-10    0.23993E-08   -0.60007E-09    0.00000E+00    0.00000E+00    0.00000E+00
    0.58200E+07    0.26938E-10    0.24155E-08   -0.61733E-09    0.00000E+00    0.00000E+00    0.00000E+00
    0.58250E+07    0.20888E-10    0.24299E-08   -0.63376E-09    0.00000E+00    0.00000E+00    0.00000E+00
    0.58300E+07    0.15542E-10    0.24421E-08   -0.64930E-09    0.00000E+00    0.00000E+00    0.00000E+00
    0.58350E+07    0.10938E-10    0.24524E-08   -0.66391E-09    0.00000E+00    0.00000E+00    0.00000E+00
    0.58400E+07    0.71122E-11    0.24606E-08   -0.67753E-09    0.00000E+00    0.00000E+00    0.00000E+00
    0.58450E+07    0.41020E-11    0.24666E-08   -0.69010E-09    0.00000E+00    0.00000E+00    0.00000E+00
    0.58500E+07    0.19433E-11    0.24705E-08   -0.70154E-09    0.00000E+00    0.00000E+00    0.00000E+00
    0.58550E+07    0.67109E-12    0.24721E-08   -0.71183E-09    0.00000E+00    0.00000E+00    0.00000E+00
    0.58600E+07    0.31950E-12    0.24716E-08   -0.72090E-09    0.00000E+00    0.00000E+00    0.00000E+00
    0.58636E+07    0.64724E-12    0.24699E-08   -0.72657E-09    0.00000E+00    0.00000E+00    0.00000E+00
    0.58636E+07    0.68607E-12    0.24096E-08   -0.78203E-09    0.00000E+00    0.00000E+00    0.00000E+00
    0.58668E+07    0.15229E-11    0.24051E-08   -0.78785E-09    0.00000E+00    0.00000E+00    0.00000E+00
    0.58700E+07    0.28664E-11    0.23995E-08   -0.79301E-09    0.00000E+00    0.00000E+00    0.00000E+00
    0.58750E+07    0.59838E-11    0.23888E-08   -0.79962E-09    0.00000E+00    0.00000E+00    0.00000E+00
    0.58800E+07    0.10402E-10    0.23757E-08   -0.80447E-09    0.00000E+00    0.00000E+00    0.00000E+00
    0.58850E+07    0.16168E-10    0.23600E-08   -0.80749E-09    0.00000E+00    0.00000E+00    0.00000E+00
    0.58900E+07    0.23327E-10    0.23419E-08   -0.80862E-09    0.00000E+00    0.00000E+00    0.00000E+00
    0.58950E+07    0.31921E-10    0.23214E-08   -0.80777E-09    0.00000E+00    0.00000E+00    0.00000E+00
    0.59000E+07    0.41992E-10    0.22984E-08   -0.80489E-09    0.00000E+00    0.00000E+00    0.00000E+00
    0.59050E+07    0.53576E-10    0.22729E-08   -0.79992E-09    0.00000E+00    0.00000E+00    0.00000E+00
    0.59100E+07    0.66707E-10    0.22450E-08   -0.79281E-09    0.00000E+00    0.00000E+00    0.00000E+00
    0.59150E+07    0.81416E-10    0.22148E-08   -0.78350E-09    0.00000E+00    0.00000E+00    0.00000E+00
    0.59200E+07    0.97729E-10    0.21822E-08   -0.77195E-09    0.00000E+00    0.00000E+00    0.00000E+00
    0.59250E+07    0.11567E-09    0.21473E-08   -0.75811E-09    0.00000E+00    0.00000E+00    0.00000E+00
    0.59300E+07    0.13525E-09    0.21102E-08   -0.74196E-09    0.00000E+00    0.00000E+00    0.00000E+00
    0.59350E+07    0.15649E-09    0.20709E-08   -0.72347E-09    0.00000E+00    0.00000E+00    0.00000E+00
    0.59400E+07    0.17940E-09    0.20294E-08   -0.70261E-09    0.00000E+00    0.00000E+00    0.00000E+00
    0.59450E+07    0.20398E-09    0.19859E-08   -0.67938E-09    0.00000E+00    0.00000E+00    0.00000E+00
    0.59500E+07    0.23023E-09    0.19405E-08   -0.65376E-09    0.00000E+00    0.00000E+00    0.00000E+00
    0.59529E+07    0.24612E-09    0.19134E-08   -0.63790E-09    0.00000E+00    0.00000E+00    0.00000E+00
    0.59558E+07    0.26257E-09    0.18857E-08   -0.62125E-09    0.00000E+00    0.00000E+00    0.00000E+00
    0.59558E+07    0.30788E-09    0.17464E-08   -0.68895E-09    0.00000E+00    0.00000E+00    0.00000E+00
    0.59600E+07    0.33989E-09    0.17039E-08   -0.65551E-09    0.00000E+00    0.00000E+00    0.00000E+00
    0.59650E+07    0.37981E-09    0.16519E-08   -0.61314E-09    0.00000E+00    0.00000E+00    0.00000E+00
    0.59700E+07    0.42194E-09    0.15981E-08   -0.56774E-09    0.00000E+00    0.00000E+00    0.00000E+00
    0.59750E+07    0.46624E-09    0.15426E-08   -0.51938E-09    0.00000E+00    0.00000E+00    0.00000E+00
    0.59800E+07    0.51265E-09    0.14856E-08   -0.46815E-09    0.00000E+00    0.00000E+00    0.00000E+00
    0.59850E+07    0.56109E-09    0.14272E-08   -0.41416E-09    0.00000E+00    0.00000E+00    0.00000E+00
    0.59900E+07    0.61148E-09    0.13677E-08   -0.35753E-09    0.00000E+00    0.00000E+00    0.00000E+00
    0.59950E+07    0.66371E-09    0.13071E-08   -0.29838E-09    0.00000E+00    0.00000E+00    0.00000E+00
    0.60000E+07    0.71769E-09    0.12456E-08   -0.23689E-09    0.00000E+00    0.00000E+00    0.00000E+00
    0.60050E+07    0.77329E-09    0.11835E-08   -0.17320E-09    0.00000E+00    0.00000E+00    0.00000E+00
    0.60100E+07    0.83036E-09    0.11210E-08   -0.10753E-09    0.00000E+00    0.00000E+00    0.00000E+00
    0.60150E+07    0.88878E-09    0.10581E-08   -0.40061E-10    0.00000E+00    0.00000E+00    0.00000E+00
    0.60200E+07    0.94837E-09    0.99519E-09    0.28982E-10    0.00000E+00    0.00000E+00    0.00000E+00
    0.60250E+07    0.10090E-08    0.93241E-09    0.99363E-10    0.00000E+00    0.00000E+00    0.00000E+00
    0.60300E+07    0.10704E-08    0.86998E-09    0.17083E-09    0.00000E+00    0.00000E+00    0.00000E+00
    0.60350E+07    0.11324E-08    0.80811E-09    0.24311E-09    0.00000E+00    0.00000E+00    0.00000E+00
    0.60400E+07    0.11949E-08    0.74702E-09    0.31594E-09    0.00000E+00    0.00000E+00    0.00000E+00
    0.60450E+07    0.12576E-08    0.68693E-09    0.38901E-09    0.00000E+00    0.00000E+00    0.00000E+00
    0.60500E+07    0.13202E-08    0.62806E-09    0.46202E-09    0.00000E+00    0.00000E+00    0.00000E+00
    0.60550E+07    0.13826E-08    0.57061E-09    0.53464E-09    0.00000E+00    0.00000E+00    0.00000E+00
    0.60600E+07    0.14444E-08    0.51482E-09    0.60656E-09    0.00000E+00    0.00000E+00    0.00000E+00
    0.60650E+07    0.15055E-08    0.46089E-09    0.67743E-09    0.00000E+00    0.00000E+00    0.00000E+00
    0.60700E+07    0.15656E-08    0.40903E-09    0.74689E-09    0.00000E+00    0.00000E+00    0.00000E+00
    0.60750E+07    0.16244E-08    0.35945E-09    0.81459E-09    0.00000E+00    0.00000E+00    0.00000E+00
    0.60800E+07    0.16816E-08    0.31235E-09    0.88020E-09    0.00000E+00    0.00000E+00    0.00000E+00
    0.60850E+07    0.17370E-08    0.26793E-09    0.94332E-09    0.00000E+00    0.00000E+00    0.00000E+00
    0.60900E+07    0.17902E-08    0.22636E-09    0.10036E-08    0.00000E+00    0.00000E+00    0.00000E+00
    0.60950E+07    0.18410E-08    0.18784E-09    0.10607E-08    0.00000E+00    0.00000E+00    0.00000E+00
    0.61000E+07    0.18892E-08    0.15251E-09    0.11142E-08    0.00000E+00    0.00000E+00    0.00000E+00
    0.61050E+07    0.19344E-08    0.12055E-09    0.11638E-08    0.00000E+00    0.00000E+00    0.00000E+00
    0.61100E+07    0.19764E-08    0.92096E-10    0.12091E-08    0.00000E+00    0.00000E+00    0.00000E+00
    0.61150E+07    0.20149E-08    0.67279E-10    0.12498E-08    0.00000E+00    0.00000E+00    0.00000E+00
    0.61200E+07    0.20496E-08    0.46218E-10    0.12856E-08    0.00000E+00    0.00000E+00    0.00000E+00
    0.61250E+07    0.20803E-08    0.29016E-10    0.13161E-08    0.00000E+00    0.00000E+00    0.00000E+00
    0.61300E+07    0.21068E-08    0.15760E-10    0.13410E-08    0.00000E+00    0.00000E+00    0.00000E+00
    0.61350E+07    0.21288E-08    0.65201E-11    0.13601E-08    0.00000E+00    0.00000E+00    0.00000E+00
    0.61400E+07    0.21460E-08    0.13501E-11    0.13730E-08    0.00000E+00    0.00000E+00    0.00000E+00
    0.61450E+07    0.21585E-08    0.28383E-12    0.13797E-08    0.00000E+00    0.00000E+00    0.00000E+00
    0.61500E+07    0.21658E-08    0.33369E-11    0.13797E-08    0.00000E+00    0.00000E+00    0.00000E+00
    0.61550E+07    0.21680E-08    0.10505E-10    0.13731E-08    0.00000E+00    0.00000E+00    0.00000E+00
    0.61600E+07    0.21648E-08    0.21765E-10    0.13595E-08    0.00000E+00    0.00000E+00    0.00000E+00
    0.61650E+07    0.21562E-08    0.37070E-10    0.13389E-08    0.00000E+00    0.00000E+00    0.00000E+00
    0.61700E+07    0.21420E-08    0.56356E-10    0.13112E-08    0.00000E+00    0.00000E+00    0.00000E+00
    0.61750E+07    0.21222E-08    0.79536E-10    0.12764E-08    0.00000E+00    0.00000E+00    0.00000E+00
    0.61800E+07    0.20969E-08    0.10650E-09    0.12344E-08    0.00000E+00    0.00000E+00    0.00000E+00
    0.61850E+07    0.20659E-08    0.13712E-09    0.11853E-08    0.00000E+00    0.00000E+00    0.00000E+00
    0.61900E+07    0.20294E-08    0.17125E-09    0.11291E-08    0.00000E+00    0.00000E+00    0.00000E+00
    0.61950E+07    0.19875E-08    0.20871E-09    0.10661E-08    0.00000E+00    0.00000E+00    0.00000E+00
    0.62000E+07    0.19401E-08    0.24932E-09    0.99625E-09    0.00000E+00    0.00000E+00    0.00000E+00
    0.62049E+07    0.18883E-08    0.29231E-09    0.92084E-09    0.00000E+00    0.00000E+00    0.00000E+00
    0.62049E+07    0.19321E-08    0.29497E-09    0.94680E-09    0.00000E+00    0.00000E+00    0.00000E+00
    0.62075E+07    0.18922E-08    0.31944E-09    0.90215E-09    0.00000E+00    0.00000E+00    0.00000E+00
    0.62100E+07    0.18515E-08    0.34463E-09    0.85640E-09    0.00000E+00    0.00000E+00    0.00000E+00
    0.62150E+07    0.17693E-08    0.39640E-09    0.76306E-09    0.00000E+00    0.00000E+00    0.00000E+00
    0.62200E+07    0.16848E-08    0.45059E-09    0.66628E-09    0.00000E+00    0.00000E+00    0.00000E+00
    0.62250E+07    0.15986E-08    0.50688E-09    0.56660E-09    0.00000E+00    0.00000E+00    0.00000E+00
    0.62300E+07    0.15111E-08    0.56497E-09    0.46461E-09    0.00000E+00    0.00000E+00    0.00000E+00
    0.62350E+07    0.14229E-08    0.62456E-09    0.36085E-09    0.00000E+00    0.00000E+00    0.00000E+00
    0.62400E+07    0.13342E-08    0.68533E-09    0.25588E-09    0.00000E+00    0.00000E+00    0.00000E+00
    0.62450E+07    0.12457E-08    0.74696E-09    0.15027E-09    0.00000E+00    0.00000E+00    0.00000E+00
    0.62500E+07    0.11577E-08    0.80914E-09    0.44571E-10    0.00000E+00    0.00000E+00    0.00000E+00
    0.62550E+07    0.10706E-08    0.87155E-09   -0.60672E-10    0.00000E+00    0.00000E+00    0.00000E+00
    0.62600E+07    0.98486E-09    0.93387E-09   -0.16493E-09    0.00000E+00    0.00000E+00    0.00000E+00
    0.62650E+07    0.90088E-09    0.99579E-09   -0.26769E-09    0.00000E+00    0.00000E+00    0.00000E+00
    0.62700E+07    0.81900E-09    0.10570E-08   -0.36844E-09    0.00000E+00    0.00000E+00    0.00000E+00
    0.62750E+07    0.73960E-09    0.11172E-08   -0.46670E-09    0.00000E+00    0.00000E+00    0.00000E+00
    0.62800E+07    0.66299E-09    0.11762E-08   -0.56202E-09    0.00000E+00    0.00000E+00    0.00000E+00
    0.62850E+07    0.58951E-09    0.12336E-08   -0.65394E-09    0.00000E+00    0.00000E+00    0.00000E+00
    0.62900E+07    0.51944E-09    0.12891E-08   -0.74206E-09    0.00000E+00    0.00000E+00    0.00000E+00
    0.62950E+07    0.45304E-09    0.13426E-08   -0.82599E-09    0.00000E+00    0.00000E+00    0.00000E+00
    0.63000E+07    0.39056E-09    0.13937E-08   -0.90537E-09    0.00000E+00    0.00000E+00    0.00000E+00
    0.63025E+07    0.36134E-09    0.14179E-08   -0.94264E-09    0.00000E+00    0.00000E+00    0.00000E+00
    0.63025E+07    0.29487E-09    0.15153E-08   -0.85643E-09    0.00000E+00    0.00000E+00    0.00000E+00
    0.63062E+07    0.26390E-09    0.15462E-08   -0.90260E-09    0.00000E+00    0.00000E+00    0.00000E+00
    0.63100E+07    0.23434E-09    0.15757E-08   -0.94698E-09    0.00000E+00    0.00000E+00    0.00000E+00
    0.63150E+07    0.19742E-09    0.16126E-08   -0.10029E-08    0.00000E+00    0.00000E+00    0.00000E+00
    0.63200E+07    0.16325E-09    0.16467E-08   -0.10552E-08    0.00000E+00    0.00000E+00    0.00000E+00
    0.63250E+07    0.13199E-09    0.16780E-08   -0.11037E-08    0.00000E+00    0.00000E+00    0.00000E+00
    0.63300E+07    0.10376E-09    0.17062E-08   -0.11482E-08    0.00000E+00    0.00000E+00    0.00000E+00
    0.63350E+07    0.78711E-10    0.17314E-08   -0.11885E-08    0.00000E+00    0.00000E+00    0.00000E+00
    0.63400E+07    0.56944E-10    0.17533E-08   -0.12243E-08    0.00000E+00    0.00000E+00    0.00000E+00
    0.63450E+07    0.38568E-10    0.17720E-08   -0.12556E-08    0.00000E+00    0.00000E+00    0.00000E+00
    0.63500E+07    0.23675E-10    0.17873E-08   -0.12822E-08    0.00000E+00    0.00000E+00    0.00000E+00
    0.63545E+07    0.13317E-10    0.17981E-08   -0.13019E-08    0.00000E+00    0.00000E+00    0.00000E+00
    0.63590E+07    0.58934E-11    0.18061E-08   -0.13177E-08    0.00000E+00    0.00000E+00    0.00000E+00
    0.63590E+07    0.13097E-10    0.12477E-08   -0.18625E-08    0.00000E+00    0.00000E+00    0.00000E+00
    0.63600E+07    0.95992E-11    0.12495E-08   -0.18683E-08    0.00000E+00    0.00000E+00    0.00000E+00
    0.63629E+07    0.25153E-11    0.12534E-08   -0.18811E-08    0.00000E+00    0.00000E+00    0.00000E+00
    0.63658E+07    0.51025E-14    0.12554E-08   -0.18885E-08    0.00000E+00    0.00000E+00    0.00000E+00
    0.63658E+07    0.66108E-12    0.15536E-09   -0.26045E-08    0.00000E+00    0.00000E+00    0.00000E+00
    0.63660E+07    0.21998E-27    0.15538E-09   -0.26052E-08    0.00000E+00    0.00000E+00    0.00000E+00
    0.63660E+07    0.00000E+00    0.00000E+00    0.00000E+00    0.00000E+00    0.00000E+00    0.00000E+00
    0.63710E+07    0.00000E+00    0.00000E+00    0.00000E+00    0.00000E+00    0.00000E+00    0.00000E+00
