    0.34800E+07    0.27335E-31    0.22531E-14    0.97680E-15    0.00000E+00    0.00000E+00    0.00000E+00
    0.34850E+07    0.13675E-17    0.22606E-14    0.98000E-15    0.00000E+00    0.00000E+00    0.00000E+00
    0.34900E+07    0.54516E-17    0.22723E-14    0.98675E-15    0.00000E+00    0.00000E+00    0.00000E+00
    0.34950E+07    0.12232E-16    0.22881E-14    0.99703E-15    0.00000E+00    0.00000E+00    0.00000E+00
    0.35000E+07    0.21698E-16    0.23080E-14    0.10108E-14    0.00000E+00    0.00000E+00    0.00000E+00
    0.35050E+07    0.33849E-16    0.23322E-14    0.10282E-14    0.00000E+00    0.00000E+00    0.00000E+00
    0.35100E+07    0.48694E-16    0.23606E-14    0.10491E-14    0.00000E+00    0.00000E+00    0.00000E+00
    0.35150E+07    0.66251E-16    0.23933E-14    0.10737E-14    0.00000E+00    0.00000E+00    0.00000E+00
    0.35200E+07    0.86546E-16    0.24305E-14    0.11019E-14    0.00000E+00    0.00000E+00    0.00000E+00
    0.35250E+07    0.10962E-15    0.24722E-14    0.11339E-14    0.00000E+00    0.00000E+00    0.00000E+00
    0.35300E+07    0.13551E-15    0.25185E-14    0.11696E-14    0.00000E+00    0.00000E+00    0.00000E+00
    0.35350E+07    0.16427E-15    0.25695E-14    0.12093E-14    0.00000E+00    0.00000E+00    0.00000E+00
    0.35400E+07    0.19597E-15    0.26255E-14    0.12529E-14    0.00000E+00    0.00000E+00    0.00000E+00
    0.35450E+07    0.23068E-15    0.26865E-14    0.13006E-14    0.00000E+00    0.00000E+00    0.00000E+00
    0.35500E+07    0.26849E-15    0.27528E-14    0.13526E-14    0.00000E+00    0.00000E+00    0.00000E+00
    0.35550E+07    0.30947E-15    0.28244E-14    0.14089E-14    0.00000E+00    0.00000E+00    0.00000E+00
    0.35600E+07    0.35373E-15    0.29018E-14    0.14697E-14    0.00000E+00    0.00000E+00    0.00000E+00
    0.35650E+07    0.40139E-15    0.29849E-14    0.15352E-14    0.00000E+00    0.00000E+00    0.00000E+00
    0.35700E+07    0.45255E-15    0.30742E-14    0.16056E-14    0.00000E+00    0.00000E+00    0.00000E+00
    0.35750E+07    0.50736E-15    0.31698E-14    0.16810E-14    0.00000E+00    0.00000E+00    0.00000E+00
    0.35800E+07    0.56594E-15    0.32720E-14    0.17616E-14    0.00000E+00    0.00000E+00    0.00000E+00
    0.35850E+07    0.62844E-15    0.33812E-14    0.18477E-14    0.00000E+00    0.00000E+00    0.00000E+00
    0.35900E+07    0.69504E-15    0.34976E-14    0.19394E-14    0.00000E+00    0.00000E+00    0.00000E+00
    0.35950E+07    0.76589E-15    0.36215E-14    0.20371E-14    0.00000E+00    0.00000E+00    0.00000E+00
    0.36000E+07    0.84117E-15    0.37534E-14    0.21410E-14    0.00000E+00    0.00000E+00    0.00000E+00
    0.36050E+07    0.92110E-15    0.38936E-14    0.22514E-14    0.00000E+00    0.00000E+00    0.00000E+00
    0.36100E+07    0.10059E-14    0.40425E-14    0.23685E-14    0.00000E+00    0.00000E+00    0.00000E+00
    0.36150E+07    0.10957E-14    0.42005E-14    0.24927E-14    0.00000E+00    0.00000E+00    0.00000E+00
    0.36200E+07    0.11908E-14    0.43680E-14    0.26244E-14    0.00000E+00    0.00000E+00    0.00000E+00
    0.36250E+07    0.12914E-14    0.45456E-14    0.27638E-14    0.00000E+00    0.00000E+00    0.00000E+00
    0.36300E+07    0.13978E-14    0.47338E-14    0.29113E-14    0.00000E+00    0.00000E+00    0.00000E+00
    0.36300E+07    0.13978E-14    0.47338E-14    0.29113E-14    0.00000E+00    0.00000E+00    0.00000E+00
    0.36350E+07    0.15117E-14    0.49314E-14    0.30659E-14    0.00000E+00    0.00000E+00    0.00000E+00
    0.36400E+07    0.16320E-14    0.51408E-14    0.32294E-14    0.00000E+00    0.00000E+00    0.00000E+00
    0.36450E+07    0.17590E-14    0.53623E-14    0.34020E-14    0.00000E+00    0.00000E+00    0.00000E+00
    0.36500E+07    0.18932E-14    0.55966E-14    0.35844E-14    0.00000E+00    0.00000E+00    0.00000E+00
    0.36550E+07    0.20347E-14    0.58444E-14    0.37769E-14    0.00000E+00    0.00000E+00    0.00000E+00
    0.36600E+07    0.21839E-14    0.61063E-14    0.39801E-14    0.00000E+00    0.00000E+00    0.00000E+00
    0.36650E+07    0.23413E-14    0.63831E-14    0.41944E-14    0.00000E+00    0.00000E+00    0.00000E+00
    0.36700E+07    0.25072E-14    0.66755E-14    0.44204E-14    0.00000E+00    0.00000E+00    0.00000E+00
    0.36750E+07    0.26820E-14    0.69843E-14    0.46586E-14    0.00000E+00    0.00000E+00    0.00000E+00
    0.36800E+07    0.28662E-14    0.73103E-14    0.49097E-14    0.00000E+00    0.00000E+00    0.00000E+00
    0.36850E+07    0.30601E-14    0.76545E-14    0.51742E-14    0.00000E+00    0.00000E+00    0.00000E+00
    0.36900E+07    0.32643E-14    0.80177E-14    0.54528E-14    0.00000E+00    0.00000E+00    0.00000E+00
    0.36950E+07    0.34793E-14    0.84010E-14    0.57462E-14    0.00000E+00    0.00000E+00    0.00000E+00
    0.37000E+07    0.37056E-14    0.88052E-14    0.60552E-14    0.00000E+00    0.00000E+00    0.00000E+00
    0.37050E+07    0.39437E-14    0.92316E-14    0.63803E-14    0.00000E+00    0.00000E+00    0.00000E+00
    0.37100E+07    0.41941E-14    0.96811E-14    0.67225E-14    0.00000E+00    0.00000E+00    0.00000E+00
    0.37150E+07    0.44576E-14    0.10155E-13    0.70826E-14    0.00000E+00    0.00000E+00    0.00000E+00
    0.37200E+07    0.47347E-14    0.10655E-13    0.74613E-14    0.00000E+00    0.00000E+00    0.00000E+00
    0.37250E+07    0.50260E-14    0.11181E-13    0.78596E-14    0.00000E+00    0.00000E+00    0.00000E+00
    0.37300E+07    0.53323E-14    0.11736E-13    0.82785E-14    0.00000E+00    0.00000E+00    0.00000E+00
    0.37350E+07    0.56542E-14    0.12321E-13    0.87189E-14    0.00000E+00    0.00000E+00    0.00000E+00
    0.37400E+07    0.59925E-14    0.12936E-13    0.91819E-14    0.00000E+00    0.00000E+00    0.00000E+00
    0.37450E+07    0.63480E-14    0.13585E-13    0.96685E-14    0.00000E+00    0.00000E+00    0.00000E+00
    0.37500E+07    0.67215E-14    0.14267E-13    0.10180E-13    0.00000E+00    0.00000E+00    0.00000E+00
    0.37550E+07    0.71138E-14    0.14986E-13    0.10717E-13    0.00000E+00    0.00000E+00    0.00000E+00
    0.37600E+07    0.75258E-14    0.15743E-13    0.11281E-13    0.00000E+00    0.00000E+00    0.00000E+00
    0.37650E+07    0.79585E-14    0.16540E-13    0.11874E-13    0.00000E+00    0.00000E+00    0.00000E+00
    0.37700E+07    0.84128E-14    0.17378E-13    0.12497E-13    0.00000E+00    0.00000E+00    0.00000E+00
    0.37750E+07    0.88898E-14    0.18261E-13    0.13150E-13    0.00000E+00    0.00000E+00    0.00000E+00
    0.37800E+07    0.93904E-14    0.19189E-13    0.13837E-13    0.00000E+00    0.00000E+00    0.00000E+00
    0.37850E+07    0.99158E-14    0.20166E-13    0.14557E-13    0.00000E+00    0.00000E+00    0.00000E+00
    0.37900E+07    0.10467E-13    0.21193E-13    0.15313E-13    0.00000E+00    0.00000E+00    0.00000E+00
    0.37950E+07    0.11046E-13    0.22273E-13    0.16106E-13    0.00000E+00    0.00000E+00    0.00000E+00
    0.38000E+07    0.11653E-13    0.23409E-13    0.16939E-13    0.00000E+00    0.00000E+00    0.00000E+00
    0.38050E+07    0.12289E-13    0.24604E-13    0.17812E-13    0.00000E+00    0.00000E+00    0.00000E+00
    0.38100E+07    0.12957E-13    0.25860E-13    0.18728E-13    0.00000E+00    0.00000E+00    0.00000E+00
    0.38150E+07    0.13657E-13    0.27180E-13    0.19689E-13    0.00000E+00    0.00000E+00    0.00000E+00
    0.38200E+07    0.14392E-13    0.28567E-13    0.20697E-13    0.00000E+00    0.00000E+00    0.00000E+00
    0.38250E+07    0.15161E-13    0.30025E-13    0.21753E-13    0.00000E+00    0.00000E+00    0.00000E+00
    0.38300E+07    0.15968E-13    0.31557E-13    0.22861E-13    0.00000E+00    0.00000E+00    0.00000E+00
    0.38350E+07    0.16814E-13    0.33167E-13    0.24022E-13    0.00000E+00    0.00000E+00    0.00000E+00
    0.38400E+07    0.17700E-13    0.34858E-13    0.25239E-13    0.00000E+00    0.00000E+00    0.00000E+00
    0.38450E+07    0.18629E-13    0.36634E-13    0.26514E-13    0.00000E+00    0.00000E+00    0.00000E+00
    0.38500E+07    0.19602E-13    0.38500E-13    0.27850E-13    0.00000E+00    0.00000E+00    0.00000E+00
    0.38550E+07    0.20621E-13    0.40459E-13    0.29250E-13    0.00000E+00    0.00000E+00    0.00000E+00
    0.38600E+07    0.21688E-13    0.42515E-13    0.30716E-13    0.00000E+00    0.00000E+00    0.00000E+00
    0.38650E+07    0.22806E-13    0.44675E-13    0.32252E-13    0.00000E+00    0.00000E+00    0.00000E+00
    0.38700E+07    0.23977E-13    0.46941E-13    0.33860E-13    0.00000E+00    0.00000E+00    0.00000E+00
    0.38750E+07    0.25203E-13    0.49320E-13    0.35544E-13    0.00000E+00    0.00000E+00    0.00000E+00
    0.38800E+07    0.26486E-13    0.51817E-13    0.37308E-13    0.00000E+00    0.00000E+00    0.00000E+00
    0.38850E+07    0.27829E-13    0.54437E-13    0.39153E-13    0.00000E+00    0.00000E+00    0.00000E+00
    0.38900E+07    0.29235E-13    0.57186E-13    0.41085E-13    0.00000E+00    0.00000E+00    0.00000E+00
    0.38950E+07    0.30706E-13    0.60070E-13    0.43107E-13    0.00000E+00    0.00000E+00    0.00000E+00
    0.39000E+07    0.32245E-13    0.63095E-13    0.45222E-13    0.00000E+00    0.00000E+00    0.00000E+00
    0.39050E+07    0.33855E-13    0.66268E-13    0.47435E-13    0.00000E+00    0.00000E+00    0.00000E+00
    0.39100E+07    0.35539E-13    0.69595E-13    0.49751E-13    0.00000E+00    0.00000E+00    0.00000E+00
    0.39150E+07    0.37301E-13    0.73084E-13    0.52173E-13    0.00000E+00    0.00000E+00    0.00000E+00
    0.39200E+07    0.39143E-13    0.76742E-13    0.54705E-13    0.00000E+00    0.00000E+00    0.00000E+00
    0.39250E+07    0.41070E-13    0.80577E-13    0.57354E-13    0.00000E+00    0.00000E+00    0.00000E+00
    0.39300E+07    0.43084E-13    0.84597E-13    0.60123E-13    0.00000E+00    0.00000E+00    0.00000E+00
    0.39350E+07    0.45189E-13    0.88810E-13    0.63018E-13    0.00000E+00    0.00000E+00    0.00000E+00
    0.39400E+07    0.47390E-13    0.93224E-13    0.66043E-13    0.00000E+00    0.00000E+00    0.00000E+00
    0.39450E+07    0.49690E-13    0.97850E-13    0.69206E-13    0.00000E+00    0.00000E+00    0.00000E+00
    0.39500E+07    0.52093E-13    0.10270E-12    0.72511E-13    0.00000E+00    0.00000E+00    0.00000E+00
    0.39550E+07    0.54604E-13    0.10777E-12    0.75964E-13    0.00000E+00    0.00000E+00    0.00000E+00
    0.39600E+07    0.57227E-13    0.11309E-12    0.79571E-13    0.00000E+00    0.00000E+00    0.00000E+00
    0.39650E+07    0.59968E-13    0.11866E-12    0.83339E-13    0.00000E+00    0.00000E+00    0.00000E+00
    0.39700E+07    0.62829E-13    0.12449E-12    0.87275E-13    0.00000E+00    0.00000E+00    0.00000E+00
    0.39750E+07    0.65818E-13    0.13060E-12    0.91384E-13    0.00000E+00    0.00000E+00    0.00000E+00
    0.39800E+07    0.68938E-13    0.13700E-12    0.95676E-13    0.00000E+00    0.00000E+00    0.00000E+00
    0.39850E+07    0.72196E-13    0.14369E-12    0.10016E-12    0.00000E+00    0.00000E+00    0.00000E+00
    0.39900E+07    0.75596E-13    0.15069E-12    0.10483E-12    0.00000E+00    0.00000E+00    0.00000E+00
    0.39950E+07    0.79146E-13    0.15803E-12    0.10971E-12    0.00000E+00    0.00000E+00    0.00000E+00
    0.40000E+07    0.82849E-13    0.16570E-12    0.11481E-12    0.00000E+00    0.00000E+00    0.00000E+00
    0.40050E+07    0.86714E-13    0.17373E-12    0.12012E-12    0.00000E+00    0.00000E+00    0.00000E+00
    0.40100E+07    0.90747E-13    0.18213E-12    0.12567E-12    0.00000E+00    0.00000E+00    0.00000E+00
    0.40150E+07    0.94953E-13    0.19091E-12    0.13145E-12    0.00000E+00    0.00000E+00    0.00000E+00
    0.40200E+07    0.99340E-13    0.20010E-12    0.13749E-12    0.00000E+00    0.00000E+00    0.00000E+00
    0.40250E+07    0.10392E-12    0.20971E-12    0.14378E-12    0.00000E+00    0.00000E+00    0.00000E+00
    0.40300E+07    0.10869E-12    0.21976E-12    0.15034E-12    0.00000E+00    0.00000E+00    0.00000E+00
    0.40350E+07    0.11366E-12    0.23027E-12    0.15719E-12    0.00000E+00    0.00000E+00    0.00000E+00
    0.40400E+07    0.11885E-12    0.24126E-12    0.16432E-12    0.00000E+00    0.00000E+00    0.00000E+00
    0.40450E+07    0.12425E-12    0.25274E-12    0.17175E-12    0.00000E+00    0.00000E+00    0.00000E+00
    0.40500E+07    0.12989E-12    0.26474E-12    0.17950E-12    0.00000E+00    0.00000E+00    0.00000E+00
    0.40550E+07    0.13576E-12    0.27729E-12    0.18758E-12    0.00000E+00    0.00000E+00    0.00000E+00
    0.40600E+07    0.14188E-12    0.29040E-12    0.19599E-12    0.00000E+00    0.00000E+00    0.00000E+00
    0.40650E+07    0.14825E-12    0.30410E-12    0.20475E-12    0.00000E+00    0.00000E+00    0.00000E+00
    0.40700E+07    0.15489E-12    0.31840E-12    0.21388E-12    0.00000E+00    0.00000E+00    0.00000E+00
    0.40750E+07    0.16181E-12    0.33335E-12    0.22339E-12    0.00000E+00    0.00000E+00    0.00000E+00
    0.40800E+07    0.16901E-12    0.34896E-12    0.23329E-12    0.00000E+00    0.00000E+00    0.00000E+00
    0.40850E+07    0.17650E-12    0.36527E-12    0.24360E-12    0.00000E+00    0.00000E+00    0.00000E+00
    0.40900E+07    0.18431E-12    0.38229E-12    0.25434E-12    0.00000E+00    0.00000E+00    0.00000E+00
    0.40950E+07    0.19244E-12    0.40007E-12    0.26551E-12    0.00000E+00    0.00000E+00    0.00000E+00
    0.41000E+07    0.20090E-12    0.41863E-12    0.27714E-12    0.00000E+00    0.00000E+00    0.00000E+00
    0.41050E+07    0.20970E-12    0.43800E-12    0.28924E-12    0.00000E+00    0.00000E+00    0.00000E+00
    0.41100E+07    0.21886E-12    0.45822E-12    0.30183E-12    0.00000E+00    0.00000E+00    0.00000E+00
    0.41150E+07    0.22839E-12    0.47933E-12    0.31493E-12    0.00000E+00    0.00000E+00    0.00000E+00
    0.41200E+07    0.23830E-12    0.50135E-12    0.32856E-12    0.00000E+00    0.00000E+00    0.00000E+00
    0.41250E+07    0.24862E-12    0.52432E-12    0.34273E-12    0.00000E+00    0.00000E+00    0.00000E+00
    0.41300E+07    0.25934E-12    0.54829E-12    0.35747E-12    0.00000E+00    0.00000E+00    0.00000E+00
    0.41350E+07    0.27050E-12    0.57329E-12    0.37280E-12    0.00000E+00    0.00000E+00    0.00000E+00
    0.41400E+07    0.28209E-12    0.59937E-12    0.38874E-12    0.00000E+00    0.00000E+00    0.00000E+00
    0.41450E+07    0.29415E-12    0.62657E-12    0.40530E-12    0.00000E+00    0.00000E+00    0.00000E+00
    0.41500E+07    0.30668E-12    0.65493E-12    0.42252E-12    0.00000E+00    0.00000E+00    0.00000E+00
    0.41550E+07    0.31970E-12    0.68450E-12    0.44041E-12    0.00000E+00    0.00000E+00    0.00000E+00
    0.41600E+07    0.33324E-12    0.71533E-12    0.45901E-12    0.00000E+00    0.00000E+00    0.00000E+00
    0.41650E+07    0.34730E-12    0.74746E-12    0.47833E-12    0.00000E+00    0.00000E+00    0.00000E+00
    0.41700E+07    0.36191E-12    0.78095E-12    0.49839E-12    0.00000E+00    0.00000E+00    0.00000E+00
    0.41750E+07    0.37709E-12    0.81586E-12    0.51924E-12    0.00000E+00    0.00000E+00    0.00000E+00
    0.41800E+07    0.39285E-12    0.85223E-12    0.54088E-12    0.00000E+00    0.00000E+00    0.00000E+00
    0.41850E+07    0.40922E-12    0.89013E-12    0.56336E-12    0.00000E+00    0.00000E+00    0.00000E+00
    0.41900E+07    0.42622E-12    0.92961E-12    0.58670E-12    0.00000E+00    0.00000E+00    0.00000E+00
    0.41950E+07    0.44387E-12    0.97073E-12    0.61093E-12    0.00000E+00    0.00000E+00    0.00000E+00
    0.42000E+07    0.46219E-12    0.10136E-11    0.63608E-12    0.00000E+00    0.00000E+00    0.00000E+00
    0.42050E+07    0.48120E-12    0.10582E-11    0.66217E-12    0.00000E+00    0.00000E+00    0.00000E+00
    0.42100E+07    0.50093E-12    0.11046E-11    0.68926E-12    0.00000E+00    0.00000E+00    0.00000E+00
    0.42150E+07    0.52141E-12    0.11530E-11    0.71735E-12    0.00000E+00    0.00000E+00    0.00000E+00
    0.42200E+07    0.54265E-12    0.12033E-11    0.74650E-12    0.00000E+00    0.00000E+00    0.00000E+00
    0.42250E+07    0.56469E-12    0.12558E-11    0.77673E-12    0.00000E+00    0.00000E+00    0.00000E+00
    0.42300E+07    0.58755E-12    0.13103E-11    0.80809E-12    0.00000E+00    0.00000E+00    0.00000E+00
    0.42350E+07    0.61125E-12    0.13671E-11    0.84061E-12    0.00000E+00    0.00000E+00    0.00000E+00
    0.42400E+07    0.63584E-12    0.14262E-11    0.87432E-12    0.00000E+00    0.00000E+00    0.00000E+00
    0.42450E+07    0.66132E-12    0.14876E-11    0.90926E-12    0.00000E+00    0.00000E+00    0.00000E+00
    0.42500E+07    0.68774E-12    0.15516E-11    0.94549E-12    0.00000E+00    0.00000E+00    0.00000E+00
    0.42550E+07    0.71513E-12    0.16181E-11    0.98303E-12    0.00000E+00    0.00000E+00    0.00000E+00
    0.42600E+07    0.74351E-12    0.16873E-11    0.10219E-11    0.00000E+00    0.00000E+00    0.00000E+00
    0.42650E+07    0.77292E-12    0.17592E-11    0.10622E-11    0.00000E+00    0.00000E+00    0.00000E+00
    0.42700E+07    0.80340E-12    0.18340E-11    0.11040E-11    0.00000E+00    0.00000E+00    0.00000E+00
    0.42750E+07    0.83496E-12    0.19118E-11    0.11472E-11    0.00000E+00    0.00000E+00    0.00000E+00
    0.42800E+07    0.86766E-12    0.19927E-11    0.11920E-11    0.00000E+00    0.00000E+00    0.00000E+00
    0.42850E+07    0.90153E-12    0.20768E-11    0.12384E-11    0.00000E+00    0.00000E+00    0.00000E+00
    0.42900E+07    0.93659E-12    0.21641E-11    0.12864E-11    0.00000E+00    0.00000E+00    0.00000E+00
    0.42950E+07    0.97291E-12    0.22549E-11    0.13361E-11    0.00000E+00    0.00000E+00    0.00000E+00
    0.43000E+07    0.10105E-11    0.23493E-11    0.13875E-11    0.00000E+00    0.00000E+00    0.00000E+00
    0.43050E+07    0.10494E-11    0.24473E-11    0.14408E-11    0.00000E+00    0.00000E+00    0.00000E+00
    0.43100E+07    0.10897E-11    0.25492E-11    0.14959E-11    0.00000E+00    0.00000E+00    0.00000E+00
    0.43150E+07    0.11313E-11    0.26550E-11    0.15529E-11    0.00000E+00    0.00000E+00    0.00000E+00
    0.43200E+07    0.11744E-11    0.27649E-11    0.16118E-11    0.00000E+00    0.00000E+00    0.00000E+00
    0.43250E+07    0.12190E-11    0.28790E-11    0.16728E-11    0.00000E+00    0.00000E+00    0.00000E+00
    0.43300E+07    0.12652E-11    0.29975E-11    0.17359E-11    0.00000E+00    0.00000E+00    0.00000E+00
    0.43350E+07    0.13129E-11    0.31205E-11    0.18011E-11    0.00000E+00    0.00000E+00    0.00000E+00
    0.43400E+07    0.13622E-11    0.32482E-11    0.18685E-11    0.00000E+00    0.00000E+00    0.00000E+00
    0.43450E+07    0.14132E-11    0.33808E-11    0.19382E-11    0.00000E+00    0.00000E+00    0.00000E+00
    0.43500E+07    0.14660E-11    0.35184E-11    0.20102E-11    0.00000E+00    0.00000E+00    0.00000E+00
    0.43550E+07    0.15205E-11    0.36612E-11    0.20846E-11    0.00000E+00    0.00000E+00    0.00000E+00
    0.43600E+07    0.15768E-11    0.38094E-11    0.21615E-11    0.00000E+00    0.00000E+00    0.00000E+00
    0.43650E+07    0.16350E-11    0.39632E-11    0.22409E-11    0.00000E+00    0.00000E+00    0.00000E+00
    0.43700E+07    0.16952E-11    0.41227E-11    0.23230E-11    0.00000E+00    0.00000E+00    0.00000E+00
    0.43750E+07    0.17573E-11    0.42881E-11    0.24077E-11    0.00000E+00    0.00000E+00    0.00000E+00
    0.43800E+07    0.18215E-11    0.44598E-11    0.24952E-11    0.00000E+00    0.00000E+00    0.00000E+00
    0.43850E+07    0.18878E-11    0.46377E-11    0.25856E-11    0.00000E+00    0.00000E+00    0.00000E+00
    0.43900E+07    0.19562E-11    0.48223E-11    0.26788E-11    0.00000E+00    0.00000E+00    0.00000E+00
    0.43950E+07    0.20269E-11    0.50136E-11    0.27751E-11    0.00000E+00    0.00000E+00    0.00000E+00
    0.44000E+07    0.20998E-11    0.52120E-11    0.28744E-11    0.00000E+00    0.00000E+00    0.00000E+00
    0.44050E+07    0.21751E-11    0.54176E-11    0.29769E-11    0.00000E+00    0.00000E+00    0.00000E+00
    0.44100E+07    0.22528E-11    0.56307E-11    0.30827E-11    0.00000E+00    0.00000E+00    0.00000E+00
    0.44150E+07    0.23330E-11    0.58515E-11    0.31918E-11    0.00000E+00    0.00000E+00    0.00000E+00
    0.44200E+07    0.24157E-11    0.60804E-11    0.33042E-11    0.00000E+00    0.00000E+00    0.00000E+00
    0.44250E+07    0.25010E-11    0.63174E-11    0.34203E-11    0.00000E+00    0.00000E+00    0.00000E+00
    0.44300E+07    0.25890E-11    0.65631E-11    0.35399E-11    0.00000E+00    0.00000E+00    0.00000E+00
    0.44350E+07    0.26797E-11    0.68175E-11    0.36631E-11    0.00000E+00    0.00000E+00    0.00000E+00
    0.44400E+07    0.27733E-11    0.70810E-11    0.37902E-11    0.00000E+00    0.00000E+00    0.00000E+00
    0.44450E+07    0.28698E-11    0.73539E-11    0.39212E-11    0.00000E+00    0.00000E+00    0.00000E+00
    0.44500E+07    0.29692E-11    0.76365E-11    0.40561E-11    0.00000E+00    0.00000E+00    0.00000E+00
    0.44550E+07    0.30717E-11    0.79290E-11    0.41951E-11    0.00000E+00    0.00000E+00    0.00000E+00
    0.44600E+07    0.31773E-11    0.82319E-11    0.43383E-11    0.00000E+00    0.00000E+00    0.00000E+00
    0.44650E+07    0.32861E-11    0.85454E-11    0.44858E-11    0.00000E+00    0.00000E+00    0.00000E+00
    0.44700E+07    0.33981E-11    0.88698E-11    0.46377E-11    0.00000E+00    0.00000E+00    0.00000E+00
    0.44750E+07    0.35136E-11    0.92056E-11    0.47940E-11    0.00000E+00    0.00000E+00    0.00000E+00
    0.44800E+07    0.36325E-11    0.95530E-11    0.49550E-11    0.00000E+00    0.00000E+00    0.00000E+00
    0.44850E+07    0.37549E-11    0.99124E-11    0.51206E-11    0.00000E+00    0.00000E+00    0.00000E+00
    0.44900E+07    0.38809E-11    0.10284E-10    0.52910E-11    0.00000E+00    0.00000E+00    0.00000E+00
    0.44950E+07    0.40107E-11    0.10669E-10    0.54664E-11    0.00000E+00    0.00000E+00    0.00000E+00
    0.45000E+07    0.41442E-11    0.11067E-10    0.56468E-11    0.00000E+00    0.00000E+00    0.00000E+00
    0.45050E+07    0.42816E-11    0.11478E-10    0.58324E-11    0.00000E+00    0.00000E+00    0.00000E+00
    0.45100E+07    0.44230E-11    0.11903E-10    0.60232E-11    0.00000E+00    0.00000E+00    0.00000E+00
    0.45150E+07    0.45684E-11    0.12343E-10    0.62194E-11    0.00000E+00    0.00000E+00    0.00000E+00
    0.45200E+07    0.47180E-11    0.12798E-10    0.64212E-11    0.00000E+00    0.00000E+00    0.00000E+00
    0.45250E+07    0.48718E-11    0.13268E-10    0.66285E-11    0.00000E+00    0.00000E+00    0.00000E+00
    0.45300E+07    0.50300E-11    0.13753E-10    0.68416E-11    0.00000E+00    0.00000E+00    0.00000E+00
    0.45350E+07    0.51926E-11    0.14255E-10    0.70605E-11    0.00000E+00    0.00000E+00    0.00000E+00
    0.45400E+07    0.53598E-11    0.14773E-10    0.72854E-11    0.00000E+00    0.00000E+00    0.00000E+00
    0.45450E+07    0.55316E-11    0.15309E-10    0.75164E-11    0.00000E+00    0.00000E+00    0.00000E+00
    0.45500E+07    0.57082E-11    0.15862E-10    0.77536E-11    0.00000E+00    0.00000E+00    0.00000E+00
    0.45550E+07    0.58896E-11    0.16434E-10    0.79972E-11    0.00000E+00    0.00000E+00    0.00000E+00
    0.45600E+07    0.60759E-11    0.17024E-10    0.82473E-11    0.00000E+00    0.00000E+00    0.00000E+00
    0.45650E+07    0.62673E-11    0.17633E-10    0.85040E-11    0.00000E+00    0.00000E+00    0.00000E+00
    0.45700E+07    0.64638E-11    0.18263E-10    0.87674E-11    0.00000E+00    0.00000E+00    0.00000E+00
    0.45750E+07    0.66656E-11    0.18912E-10    0.90377E-11    0.00000E+00    0.00000E+00    0.00000E+00
    0.45800E+07    0.68727E-11    0.19583E-10    0.93150E-11    0.00000E+00    0.00000E+00    0.00000E+00
    0.45850E+07    0.70854E-11    0.20275E-10    0.95994E-11    0.00000E+00    0.00000E+00    0.00000E+00
    0.45900E+07    0.73036E-11    0.20989E-10    0.98911E-11    0.00000E+00    0.00000E+00    0.00000E+00
    0.45950E+07    0.75274E-11    0.21726E-10    0.10190E-10    0.00000E+00    0.00000E+00    0.00000E+00
    0.46000E+07    0.77571E-11    0.22487E-10    0.10497E-10    0.00000E+00    0.00000E+00    0.00000E+00
    0.46050E+07    0.79928E-11    0.23271E-10    0.10811E-10    0.00000E+00    0.00000E+00    0.00000E+00
    0.46100E+07    0.82344E-11    0.24080E-10    0.11133E-10    0.00000E+00    0.00000E+00    0.00000E+00
    0.46150E+07    0.84821E-11    0.24915E-10    0.11463E-10    0.00000E+00    0.00000E+00    0.00000E+00
    0.46200E+07    0.87361E-11    0.25775E-10    0.11801E-10    0.00000E+00    0.00000E+00    0.00000E+00
    0.46250E+07    0.89965E-11    0.26663E-10    0.12147E-10    0.00000E+00    0.00000E+00    0.00000E+00
    0.46300E+07    0.92633E-11    0.27577E-10    0.12501E-10    0.00000E+00    0.00000E+00    0.00000E+00
    0.46350E+07    0.95367E-11    0.28520E-10    0.12864E-10    0.00000E+00    0.00000E+00    0.00000E+00
    0.46400E+07    0.98167E-11    0.29492E-10    0.13235E-10    0.00000E+00    0.00000E+00    0.00000E+00
    0.46450E+07    0.10104E-10    0.30494E-10    0.13615E-10    0.00000E+00    0.00000E+00    0.00000E+00
    0.46500E+07    0.10397E-10    0.31526E-10    0.14004E-10    0.00000E+00    0.00000E+00    0.00000E+00
    0.46550E+07    0.10698E-10    0.32590E-10    0.14402E-10    0.00000E+00    0.00000E+00    0.00000E+00
    0.46600E+07    0.11006E-10    0.33685E-10    0.14808E-10    0.00000E+00    0.00000E+00    0.00000E+00
    0.46650E+07    0.11322E-10    0.34814E-10    0.15224E-10    0.00000E+00    0.00000E+00    0.00000E+00
    0.46700E+07    0.11644E-10    0.35976E-10    0.15650E-10    0.00000E+00    0.00000E+00    0.00000E+00
    0.46750E+07    0.11974E-10    0.37173E-10    0.16084E-10    0.00000E+00    0.00000E+00    0.00000E+00
    0.46800E+07    0.12312E-10    0.38406E-10    0.16528E-10    0.00000E+00    0.00000E+00    0.00000E+00
    0.46850E+07    0.12657E-10    0.39675E-10    0.16982E-10    0.00000E+00    0.00000E+00    0.00000E+00
    0.46900E+07    0.13011E-10    0.40981E-10    0.17446E-10    0.00000E+00    0.00000E+00    0.00000E+00
    0.46950E+07    0.13372E-10    0.42326E-10    0.17919E-10    0.00000E+00    0.00000E+00    0.00000E+00
    0.47000E+07    0.13741E-10    0.43709E-10    0.18402E-10    0.00000E+00    0.00000E+00    0.00000E+00
    0.47050E+07    0.14118E-10    0.45133E-10    0.18895E-10    0.00000E+00    0.00000E+00    0.00000E+00
    0.47100E+07    0.14504E-10    0.46598E-10    0.19399E-10    0.00000E+00    0.00000E+00    0.00000E+00
    0.47150E+07    0.14898E-10    0.48105E-10    0.19913E-10    0.00000E+00    0.00000E+00    0.00000E+00
    0.47200E+07    0.15300E-10    0.49656E-10    0.20437E-10    0.00000E+00    0.00000E+00    0.00000E+00
    0.47250E+07    0.15711E-10    0.51250E-10    0.20971E-10    0.00000E+00    0.00000E+00    0.00000E+00
    0.47300E+07    0.16130E-10    0.52890E-10    0.21516E-10    0.00000E+00    0.00000E+00    0.00000E+00
    0.47350E+07    0.16559E-10    0.54576E-10    0.22072E-10    0.00000E+00    0.00000E+00    0.00000E+00
    0.47400E+07    0.16996E-10    0.56310E-10    0.22638E-10    0.00000E+00    0.00000E+00    0.00000E+00
    0.47450E+07    0.17442E-10    0.58092E-10    0.23215E-10    0.00000E+00    0.00000E+00    0.00000E+00
    0.47500E+07    0.17897E-10    0.59924E-10    0.23802E-10    0.00000E+00    0.00000E+00    0.00000E+00
    0.47550E+07    0.18361E-10    0.61806E-10    0.24401E-10    0.00000E+00    0.00000E+00    0.00000E+00
    0.47600E+07    0.18835E-10    0.63740E-10    0.25010E-10    0.00000E+00    0.00000E+00    0.00000E+00
    0.47650E+07    0.19317E-10    0.65727E-10    0.25630E-10    0.00000E+00    0.00000E+00    0.00000E+00
    0.47700E+07    0.19809E-10    0.67769E-10    0.26262E-10    0.00000E+00    0.00000E+00    0.00000E+00
    0.47750E+07    0.20311E-10    0.69866E-10    0.26904E-10    0.00000E+00    0.00000E+00    0.00000E+00
    0.47800E+07    0.20822E-10    0.72019E-10    0.27557E-10    0.00000E+00    0.00000E+00    0.00000E+00
    0.47850E+07    0.21342E-10    0.74231E-10    0.28221E-10    0.00000E+00    0.00000E+00    0.00000E+00
    0.47900E+07    0.21873E-10    0.76502E-10    0.28896E-10    0.00000E+00    0.00000E+00    0.00000E+00
    0.47950E+07    0.22412E-10    0.78833E-10    0.29582E-10    0.00000E+00    0.00000E+00    0.00000E+00
    0.48000E+07    0.22962E-10    0.81226E-10    0.30280E-10    0.00000E+00    0.00000E+00    0.00000E+00
    0.48050E+07    0.23522E-10    0.83682E-10    0.30988E-10    0.00000E+00    0.00000E+00    0.00000E+00
    0.48100E+07    0.24091E-10    0.86202E-10    0.31707E-10    0.00000E+00    0.00000E+00    0.00000E+00
    0.48150E+07    0.24670E-10    0.88788E-10    0.32437E-10    0.00000E+00    0.00000E+00    0.00000E+00
    0.48200E+07    0.25259E-10    0.91441E-10    0.33178E-10    0.00000E+00    0.00000E+00    0.00000E+00
    0.48250E+07    0.25858E-10    0.94163E-10    0.33929E-10    0.00000E+00    0.00000E+00    0.00000E+00
    0.48300E+07    0.26467E-10    0.96954E-10    0.34692E-10    0.00000E+00    0.00000E+00    0.00000E+00
    0.48350E+07    0.27086E-10    0.99816E-10    0.35465E-10    0.00000E+00    0.00000E+00    0.00000E+00
    0.48400E+07    0.27715E-10    0.10275E-09    0.36248E-10    0.00000E+00    0.00000E+00    0.00000E+00
    0.48450E+07    0.28354E-10    0.10576E-09    0.37042E-10    0.00000E+00    0.00000E+00    0.00000E+00
    0.48500E+07    0.29003E-10    0.10884E-09    0.37846E-10    0.00000E+00    0.00000E+00    0.00000E+00
    0.48550E+07    0.29662E-10    0.11201E-09    0.38661E-10    0.00000E+00    0.00000E+00    0.00000E+00
    0.48600E+07    0.30331E-10    0.11525E-09    0.39485E-10    0.00000E+00    0.00000E+00    0.00000E+00
    0.48650E+07    0.31010E-10    0.11857E-09    0.40320E-10    0.00000E+00    0.00000E+00    0.00000E+00
    0.48700E+07    0.31699E-10    0.12197E-09    0.41164E-10    0.00000E+00    0.00000E+00    0.00000E+00
    0.48750E+07    0.32397E-10    0.12545E-09    0.42017E-10    0.00000E+00    0.00000E+00    0.00000E+00
    0.48800E+07    0.33106E-10    0.12902E-09    0.42880E-10    0.00000E+00    0.00000E+00    0.00000E+00
    0.48850E+07    0.33824E-10    0.13267E-09    0.43752E-10    0.00000E+00    0.00000E+00    0.00000E+00
    0.48900E+07    0.34552E-10    0.13642E-09    0.44633E-10    0.00000E+00    0.00000E+00    0.00000E+00
    0.48950E+07    0.35290E-10    0.14025E-09    0.45522E-10    0.00000E+00    0.00000E+00    0.00000E+00
    0.49000E+07    0.36038E-10    0.14417E-09    0.46419E-10    0.00000E+00    0.00000E+00    0.00000E+00
    0.49050E+07    0.36795E-10    0.14818E-09    0.47325E-10    0.00000E+00    0.00000E+00    0.00000E+00
    0.49100E+07    0.37561E-10    0.15229E-09    0.48238E-10    0.00000E+00    0.00000E+00    0.00000E+00
    0.49150E+07    0.38336E-10    0.15649E-09    0.49159E-10    0.00000E+00    0.00000E+00    0.00000E+00
    0.49200E+07    0.39121E-10    0.16079E-09    0.50087E-10    0.00000E+00    0.00000E+00    0.00000E+00
    0.49250E+07    0.39915E-10    0.16519E-09    0.51021E-10    0.00000E+00    0.00000E+00    0.00000E+00
    0.49300E+07    0.40718E-10    0.16969E-09    0.51962E-10    0.00000E+00    0.00000E+00    0.00000E+00
    0.49350E+07    0.41529E-10    0.17429E-09    0.52909E-10    0.00000E+00    0.00000E+00    0.00000E+00
    0.49400E+07    0.42349E-10    0.17899E-09    0.53861E-10    0.00000E+00    0.00000E+00    0.00000E+00
    0.49450E+07    0.43178E-10    0.18380E-09    0.54818E-10    0.00000E+00    0.00000E+00    0.00000E+00
    0.49500E+07    0.44014E-10    0.18871E-09    0.55780E-10    0.00000E+00    0.00000E+00    0.00000E+00
    0.49550E+07    0.44859E-10    0.19374E-09    0.56746E-10    0.00000E+00    0.00000E+00    0.00000E+00
    0.49600E+07    0.45711E-10    0.19887E-09    0.57715E-10    0.00000E+00    0.00000E+00    0.00000E+00
    0.49650E+07    0.46571E-10    0.20411E-09    0.58687E-10    0.00000E+00    0.00000E+00    0.00000E+00
    0.49700E+07    0.47439E-10    0.20947E-09    0.59662E-10    0.00000E+00    0.00000E+00    0.00000E+00
    0.49750E+07    0.48313E-10    0.21494E-09    0.60639E-10    0.00000E+00    0.00000E+00    0.00000E+00
    0.49800E+07    0.49194E-10    0.22053E-09    0.61618E-10    0.00000E+00    0.00000E+00    0.00000E+00
    0.49850E+07    0.50082E-10    0.22624E-09    0.62597E-10    0.00000E+00    0.00000E+00    0.00000E+00
    0.49900E+07    0.50977E-10    0.23206E-09    0.63576E-10    0.00000E+00    0.00000E+00    0.00000E+00
    0.49950E+07    0.51877E-10    0.23800E-09    0.64554E-10    0.00000E+00    0.00000E+00    0.00000E+00
    0.50000E+07    0.52783E-10    0.24407E-09    0.65531E-10    0.00000E+00    0.00000E+00    0.00000E+00
    0.50050E+07    0.53695E-10    0.25026E-09    0.66506E-10    0.00000E+00    0.00000E+00    0.00000E+00
    0.50100E+07    0.54611E-10    0.25658E-09    0.67479E-10    0.00000E+00    0.00000E+00    0.00000E+00
    0.50150E+07    0.55532E-10    0.26303E-09    0.68447E-10    0.00000E+00    0.00000E+00    0.00000E+00
    0.50200E+07    0.56457E-10    0.26960E-09    0.69412E-10    0.00000E+00    0.00000E+00    0.00000E+00
    0.50250E+07    0.57386E-10    0.27630E-09    0.70371E-10    0.00000E+00    0.00000E+00    0.00000E+00
    0.50300E+07    0.58319E-10    0.28314E-09    0.71325E-10    0.00000E+00    0.00000E+00    0.00000E+00
    0.50350E+07    0.59254E-10    0.29011E-09    0.72271E-10    0.00000E+00    0.00000E+00    0.00000E+00
    0.50400E+07    0.60193E-10    0.29721E-09    0.73210E-10    0.00000E+00    0.00000E+00    0.00000E+00
    0.50450E+07    0.61134E-10    0.30445E-09    0.74139E-10    0.00000E+00    0.00000E+00    0.00000E+00
    0.50500E+07    0.62076E-10    0.31182E-09    0.75059E-10    0.00000E+00    0.00000E+00    0.00000E+00
    0.50550E+07    0.63020E-10    0.31933E-09    0.75969E-10    0.00000E+00    0.00000E+00    0.00000E+00
    0.50600E+07    0.63964E-10    0.32699E-09    0.76866E-10    0.00000E+00    0.00000E+00    0.00000E+00
    0.50650E+07    0.64909E-10    0.33478E-09    0.77751E-10    0.00000E+00    0.00000E+00    0.00000E+00
    0.50700E+07    0.65853E-10    0.34272E-09    0.78623E-10    0.00000E+00    0.00000E+00    0.00000E+00
    0.50750E+07    0.66797E-10    0.35080E-09    0.79479E-10    0.00000E+00    0.00000E+00    0.00000E+00
    0.50800E+07    0.67740E-10    0.35903E-09    0.80319E-10    0.00000E+00    0.00000E+00    0.00000E+00
    0.50850E+07    0.68680E-10    0.36740E-09    0.81142E-10    0.00000E+00    0.00000E+00    0.00000E+00
    0.50900E+07    0.69618E-10    0.37592E-09    0.81947E-10    0.00000E+00    0.00000E+00    0.00000E+00
    0.50950E+07    0.70554E-10    0.38459E-09    0.82731E-10    0.00000E+00    0.00000E+00    0.00000E+00
    0.51000E+07    0.71485E-10    0.39340E-09    0.83496E-10    0.00000E+00    0.00000E+00    0.00000E+00
    0.51050E+07    0.72412E-10    0.40237E-09    0.84237E-10    0.00000E+00    0.00000E+00    0.00000E+00
    0.51100E+07    0.73334E-10    0.41149E-09    0.84956E-10    0.00000E+00    0.00000E+00    0.00000E+00
    0.51150E+07    0.74251E-10    0.42076E-09    0.85650E-10    0.00000E+00    0.00000E+00    0.00000E+00
    0.51200E+07    0.75160E-10    0.43018E-09    0.86318E-10    0.00000E+00    0.00000E+00    0.00000E+00
    0.51250E+07    0.76064E-10    0.43976E-09    0.86959E-10    0.00000E+00    0.00000E+00    0.00000E+00
    0.51300E+07    0.76959E-10    0.44949E-09    0.87570E-10    0.00000E+00    0.00000E+00    0.00000E+00
    0.51350E+07    0.77847E-10    0.45938E-09    0.88152E-10    0.00000E+00    0.00000E+00    0.00000E+00
    0.51400E+07    0.78725E-10    0.46942E-09    0.88702E-10    0.00000E+00    0.00000E+00    0.00000E+00
    0.51450E+07    0.79593E-10    0.47962E-09    0.89219E-10    0.00000E+00    0.00000E+00    0.00000E+00
    0.51500E+07    0.80451E-10    0.48998E-09    0.89700E-10    0.00000E+00    0.00000E+00    0.00000E+00
    0.51550E+07    0.81298E-10    0.50049E-09    0.90146E-10    0.00000E+00    0.00000E+00    0.00000E+00
    0.51600E+07    0.82132E-10    0.51116E-09    0.90554E-10    0.00000E+00    0.00000E+00    0.00000E+00
    0.51650E+07    0.82954E-10    0.52199E-09    0.90923E-10    0.00000E+00    0.00000E+00    0.00000E+00
    0.51700E+07    0.83761E-10    0.53298E-09    0.91252E-10    0.00000E+00    0.00000E+00    0.00000E+00
    0.51750E+07    0.84555E-10    0.54412E-09    0.91537E-10    0.00000E+00    0.00000E+00    0.00000E+00
    0.51800E+07    0.85332E-10    0.55542E-09    0.91779E-10    0.00000E+00    0.00000E+00    0.00000E+00
    0.51850E+07    0.86095E-10    0.56688E-09    0.91974E-10    0.00000E+00    0.00000E+00    0.00000E+00
    0.51900E+07    0.86839E-10    0.57851E-09    0.92123E-10    0.00000E+00    0.00000E+00    0.00000E+00
    0.51950E+07    0.87566E-10    0.59028E-09    0.92222E-10    0.00000E+00    0.00000E+00    0.00000E+00
    0.52000E+07    0.88274E-10    0.60222E-09    0.92271E-10    0.00000E+00    0.00000E+00    0.00000E+00
    0.52050E+07    0.88963E-10    0.61431E-09    0.92266E-10    0.00000E+00    0.00000E+00    0.00000E+00
    0.52100E+07    0.89632E-10    0.62656E-09    0.92208E-10    0.00000E+00    0.00000E+00    0.00000E+00
    0.52150E+07    0.90279E-10    0.63896E-09    0.92094E-10    0.00000E+00    0.00000E+00    0.00000E+00
    0.52200E+07    0.90904E-10    0.65153E-09    0.91923E-10    0.00000E+00    0.00000E+00    0.00000E+00
    0.52250E+07    0.91506E-10    0.66424E-09    0.91691E-10    0.00000E+00    0.00000E+00    0.00000E+00
    0.52300E+07    0.92084E-10    0.67711E-09    0.91400E-10    0.00000E+00    0.00000E+00    0.00000E+00
    0.52350E+07    0.92638E-10    0.69013E-09    0.91044E-10    0.00000E+00    0.00000E+00    0.00000E+00
    0.52400E+07    0.93165E-10    0.70331E-09    0.90624E-10    0.00000E+00    0.00000E+00    0.00000E+00
    0.52450E+07    0.93666E-10    0.71663E-09    0.90137E-10    0.00000E+00    0.00000E+00    0.00000E+00
    0.52500E+07    0.94140E-10    0.73010E-09    0.89583E-10    0.00000E+00    0.00000E+00    0.00000E+00
    0.52550E+07    0.94586E-10    0.74372E-09    0.88958E-10    0.00000E+00    0.00000E+00    0.00000E+00
    0.52600E+07    0.95002E-10    0.75749E-09    0.88261E-10    0.00000E+00    0.00000E+00    0.00000E+00
    0.52650E+07    0.95389E-10    0.77140E-09    0.87491E-10    0.00000E+00    0.00000E+00    0.00000E+00
    0.52700E+07    0.95744E-10    0.78546E-09    0.86645E-10    0.00000E+00    0.00000E+00    0.00000E+00
    0.52750E+07    0.96068E-10    0.79965E-09    0.85720E-10    0.00000E+00    0.00000E+00    0.00000E+00
    0.52800E+07    0.96358E-10    0.81399E-09    0.84719E-10    0.00000E+00    0.00000E+00    0.00000E+00
    0.52850E+07    0.96616E-10    0.82846E-09    0.83637E-10    0.00000E+00    0.00000E+00    0.00000E+00
    0.52900E+07    0.96839E-10    0.84306E-09    0.82473E-10    0.00000E+00    0.00000E+00    0.00000E+00
    0.52950E+07    0.97028E-10    0.85780E-09    0.81223E-10    0.00000E+00    0.00000E+00    0.00000E+00
    0.53000E+07    0.97180E-10    0.87266E-09    0.79889E-10    0.00000E+00    0.00000E+00    0.00000E+00
    0.53050E+07    0.97295E-10    0.88766E-09    0.78468E-10    0.00000E+00    0.00000E+00    0.00000E+00
    0.53100E+07    0.97374E-10    0.90277E-09    0.76956E-10    0.00000E+00    0.00000E+00    0.00000E+00
    0.53150E+07    0.97414E-10    0.91801E-09    0.75355E-10    0.00000E+00    0.00000E+00    0.00000E+00
    0.53200E+07    0.97415E-10    0.93336E-09    0.73662E-10    0.00000E+00    0.00000E+00    0.00000E+00
    0.53250E+07    0.97376E-10    0.94883E-09    0.71872E-10    0.00000E+00    0.00000E+00    0.00000E+00
    0.53300E+07    0.97297E-10    0.96441E-09    0.69990E-10    0.00000E+00    0.00000E+00    0.00000E+00
    0.53350E+07    0.97178E-10    0.98009E-09    0.68009E-10    0.00000E+00    0.00000E+00    0.00000E+00
    0.53400E+07    0.97016E-10    0.99588E-09    0.65933E-10    0.00000E+00    0.00000E+00    0.00000E+00
    0.53450E+07    0.96813E-10    0.10118E-08    0.63755E-10    0.00000E+00    0.00000E+00    0.00000E+00
    0.53500E+07    0.96566E-10    0.10278E-08    0.61477E-10    0.00000E+00    0.00000E+00    0.00000E+00
    0.53550E+07    0.96276E-10    0.10438E-08    0.59097E-10    0.00000E+00    0.00000E+00    0.00000E+00
    0.53600E+07    0.95942E-10    0.10600E-08    0.56613E-10    0.00000E+00    0.00000E+00    0.00000E+00
    0.53650E+07    0.95565E-10    0.10762E-08    0.54023E-10    0.00000E+00    0.00000E+00    0.00000E+00
    0.53700E+07    0.95142E-10    0.10926E-08    0.51329E-10    0.00000E+00    0.00000E+00    0.00000E+00
    0.53750E+07    0.94675E-10    0.11090E-08    0.48525E-10    0.00000E+00    0.00000E+00    0.00000E+00
    0.53800E+07    0.94161E-10    0.11254E-08    0.45617E-10    0.00000E+00    0.00000E+00    0.00000E+00
    0.53850E+07    0.93602E-10    0.11420E-08    0.42598E-10    0.00000E+00    0.00000E+00    0.00000E+00
    0.53900E+07    0.92997E-10    0.11585E-08    0.39470E-10    0.00000E+00    0.00000E+00    0.00000E+00
    0.53950E+07    0.92346E-10    0.11752E-08    0.36229E-10    0.00000E+00    0.00000E+00    0.00000E+00
    0.54000E+07    0.91648E-10    0.11919E-08    0.32881E-10    0.00000E+00    0.00000E+00    0.00000E+00
    0.54050E+07    0.90904E-10    0.12086E-08    0.29419E-10    0.00000E+00    0.00000E+00    0.00000E+00
    0.54100E+07    0.90113E-10    0.12253E-08    0.25845E-10    0.00000E+00    0.00000E+00    0.00000E+00
    0.54150E+07    0.89276E-10    0.12421E-08    0.22159E-10    0.00000E+00    0.00000E+00    0.00000E+00
    0.54200E+07    0.88392E-10    0.12589E-08    0.18358E-10    0.00000E+00    0.00000E+00    0.00000E+00
    0.54250E+07    0.87462E-10    0.12758E-08    0.14443E-10    0.00000E+00    0.00000E+00    0.00000E+00
    0.54300E+07    0.86485E-10    0.12926E-08    0.10417E-10    0.00000E+00    0.00000E+00    0.00000E+00
    0.54350E+07    0.85463E-10    0.13094E-08    0.62738E-11    0.00000E+00    0.00000E+00    0.00000E+00
    0.54400E+07    0.84394E-10    0.13263E-08    0.20217E-11    0.00000E+00    0.00000E+00    0.00000E+00
    0.54450E+07    0.83281E-10    0.13431E-08   -0.23470E-11    0.00000E+00    0.00000E+00    0.00000E+00
    0.54500E+07    0.82122E-10    0.13599E-08   -0.68270E-11    0.00000E+00    0.00000E+00    0.00000E+00
    0.54550E+07    0.80920E-10    0.13767E-08   -0.11423E-10    0.00000E+00    0.00000E+00    0.00000E+00
    0.54600E+07    0.79673E-10    0.13934E-08   -0.16129E-10    0.00000E+00    0.00000E+00    0.00000E+00
    0.54650E+07    0.78384E-10    0.14101E-08   -0.20947E-10    0.00000E+00    0.00000E+00    0.00000E+00
    0.54700E+07    0.77051E-10    0.14268E-08   -0.25874E-10    0.00000E+00    0.00000E+00    0.00000E+00
    0.54750E+07    0.75678E-10    0.14434E-08   -0.30915E-10    0.00000E+00    0.00000E+00    0.00000E+00
    0.54800E+07    0.74264E-10    0.14599E-08   -0.36062E-10    0.00000E+00    0.00000E+00    0.00000E+00
    0.54850E+07    0.72811E-10    0.14764E-08   -0.41317E-10    0.00000E+00    0.00000E+00    0.00000E+00
    0.54900E+07    0.71319E-10    0.14928E-08   -0.46680E-10    0.00000E+00    0.00000E+00    0.00000E+00
    0.54950E+07    0.69790E-10    0.15090E-08   -0.52148E-10    0.00000E+00    0.00000E+00    0.00000E+00
    0.55000E+07    0.68225E-10    0.15252E-08   -0.57717E-10    0.00000E+00    0.00000E+00    0.00000E+00
    0.55050E+07    0.66625E-10    0.15413E-08   -0.63387E-10    0.00000E+00    0.00000E+00    0.00000E+00
    0.55100E+07    0.64992E-10    0.15573E-08   -0.69158E-10    0.00000E+00    0.00000E+00    0.00000E+00
    0.55150E+07    0.63328E-10    0.15731E-08   -0.75031E-10    0.00000E+00    0.00000E+00    0.00000E+00
    0.55200E+07    0.61633E-10    0.15888E-08   -0.80993E-10    0.00000E+00    0.00000E+00    0.00000E+00
    0.55250E+07    0.59910E-10    0.16044E-08   -0.87052E-10    0.00000E+00    0.00000E+00    0.00000E+00
    0.55300E+07    0.58161E-10    0.16198E-08   -0.93195E-10    0.00000E+00    0.00000E+00    0.00000E+00
    0.55350E+07    0.56387E-10    0.16351E-08   -0.99429E-10    0.00000E+00    0.00000E+00    0.00000E+00
    0.55400E+07    0.54591E-10    0.16502E-08   -0.10575E-09    0.00000E+00    0.00000E+00    0.00000E+00
    0.55450E+07    0.52775E-10    0.16650E-08   -0.11215E-09    0.00000E+00    0.00000E+00    0.00000E+00
    0.55500E+07    0.50940E-10    0.16798E-08   -0.11863E-09    0.00000E+00    0.00000E+00    0.00000E+00
    0.55550E+07    0.49090E-10    0.16943E-08   -0.12518E-09    0.00000E+00    0.00000E+00    0.00000E+00
    0.55600E+07    0.47226E-10    0.17086E-08   -0.13181E-09    0.00000E+00    0.00000E+00    0.00000E+00
    0.55650E+07    0.45352E-10    0.17226E-08   -0.13850E-09    0.00000E+00    0.00000E+00    0.00000E+00
    0.55700E+07    0.43471E-10    0.17365E-08   -0.14526E-09    0.00000E+00    0.00000E+00    0.00000E+00
    0.55750E+07    0.41601E-10    0.17500E-08   -0.15257E-09    0.00000E+00    0.00000E+00    0.00000E+00
    0.55800E+07    0.39721E-10    0.17632E-08   -0.15996E-09    0.00000E+00    0.00000E+00    0.00000E+00
    0.55800E+07    0.39721E-10    0.17632E-08   -0.15996E-09    0.00000E+00    0.00000E+00    0.00000E+00
    0.55850E+07    0.37938E-10    0.17736E-08   -0.16910E-09    0.00000E+00    0.00000E+00    0.00000E+00
    0.55900E+07    0.36128E-10    0.17837E-08   -0.17833E-09    0.00000E+00    0.00000E+00    0.00000E+00
    0.55950E+07    0.34294E-10    0.17935E-08   -0.18766E-09    0.00000E+00    0.00000E+00    0.00000E+00
    0.56000E+07    0.32442E-10    0.18029E-08   -0.19707E-09    0.00000E+00    0.00000E+00    0.00000E+00
    0.56050E+07    0.30577E-10    0.18121E-08   -0.20656E-09    0.00000E+00    0.00000E+00    0.00000E+00
    0.56100E+07    0.28704E-10    0.18209E-08   -0.21612E-09    0.00000E+00    0.00000E+00    0.00000E+00
    0.56150E+07    0.26831E-10    0.18293E-08   -0.22574E-09    0.00000E+00    0.00000E+00    0.00000E+00
    0.56200E+07    0.24962E-10    0.18374E-08   -0.23540E-09    0.00000E+00    0.00000E+00    0.00000E+00
    0.56250E+07    0.23104E-10    0.18451E-08   -0.24511E-09    0.00000E+00    0.00000E+00    0.00000E+00
    0.56300E+07    0.21264E-10    0.18524E-08   -0.25484E-09    0.00000E+00    0.00000E+00    0.00000E+00
    0.56350E+07    0.19449E-10    0.18593E-08   -0.26459E-09    0.00000E+00    0.00000E+00    0.00000E+00
    0.56400E+07    0.17667E-10    0.18658E-08   -0.27435E-09    0.00000E+00    0.00000E+00    0.00000E+00
    0.56450E+07    0.15924E-10    0.18719E-08   -0.28410E-09    0.00000E+00    0.00000E+00    0.00000E+00
    0.56500E+07    0.14229E-10    0.18775E-08   -0.29383E-09    0.00000E+00    0.00000E+00    0.00000E+00
    0.56550E+07    0.12590E-10    0.18826E-08   -0.30353E-09    0.00000E+00    0.00000E+00    0.00000E+00
    0.56600E+07    0.11016E-10    0.18873E-08   -0.31319E-09    0.00000E+00    0.00000E+00    0.00000E+00
    0.56650E+07    0.95150E-11    0.18914E-08   -0.32279E-09    0.00000E+00    0.00000E+00    0.00000E+00
    0.56700E+07    0.80962E-11    0.18951E-08   -0.33232E-09    0.00000E+00    0.00000E+00    0.00000E+00
    0.56750E+07    0.67691E-11    0.18983E-08   -0.34175E-09    0.00000E+00    0.00000E+00    0.00000E+00
    0.56800E+07    0.55432E-11    0.19009E-08   -0.35109E-09    0.00000E+00    0.00000E+00    0.00000E+00
    0.56850E+07    0.44284E-11    0.19030E-08   -0.36031E-09    0.00000E+00    0.00000E+00    0.00000E+00
    0.56900E+07    0.34348E-11    0.19045E-08   -0.36940E-09    0.00000E+00    0.00000E+00    0.00000E+00
    0.56950E+07    0.25729E-11    0.19055E-08   -0.37833E-09    0.00000E+00    0.00000E+00    0.00000E+00
    0.57000E+07    0.18532E-11    0.19059E-08   -0.38710E-09    0.00000E+00    0.00000E+00    0.00000E+00
    0.57050E+07    0.12866E-11    0.19057E-08   -0.39569E-09    0.00000E+00    0.00000E+00    0.00000E+00
    0.57100E+07    0.88419E-12    0.19049E-08   -0.40408E-09    0.00000E+00    0.00000E+00    0.00000E+00
    0.57149E+07    0.65911E-12    0.19035E-08   -0.41214E-09    0.00000E+00    0.00000E+00    0.00000E+00
    0.57199E+07    0.61579E-12    0.19016E-08   -0.41997E-09    0.00000E+00    0.00000E+00    0.00000E+00
    0.57199E+07    0.87323E-12    0.16214E-08   -0.64856E-09    0.00000E+00    0.00000E+00    0.00000E+00
    0.57200E+07    0.87588E-12    0.16213E-08   -0.64873E-09    0.00000E+00    0.00000E+00    0.00000E+00
    0.57250E+07    0.12770E-11    0.16200E-08   -0.65445E-09    0.00000E+00    0.00000E+00    0.00000E+00
    0.57300E+07    0.22818E-11    0.16176E-08   -0.65937E-09    0.00000E+00    0.00000E+00    0.00000E+00
    0.57350E+07    0.39051E-11    0.16142E-08   -0.66346E-09    0.00000E+00    0.00000E+00    0.00000E+00
    0.57400E+07    0.61612E-11    0.16099E-08   -0.66671E-09    0.00000E+00    0.00000E+00    0.00000E+00
    0.57450E+07    0.90636E-11    0.16045E-08   -0.66909E-09    0.00000E+00    0.00000E+00    0.00000E+00
    0.57500E+07    0.12625E-10    0.15981E-08   -0.67058E-09    0.00000E+00    0.00000E+00    0.00000E+00
    0.57550E+07    0.16859E-10    0.15907E-08   -0.67115E-09    0.00000E+00    0.00000E+00    0.00000E+00
    0.57600E+07    0.21775E-10    0.15823E-08   -0.67079E-09    0.00000E+00    0.00000E+00    0.00000E+00
    0.57650E+07    0.27384E-10    0.15728E-08   -0.66948E-09    0.00000E+00    0.00000E+00    0.00000E+00
    0.57700E+07    0.33696E-10    0.15624E-08   -0.66720E-09    0.00000E+00    0.00000E+00    0.00000E+00
    0.57750E+07    0.40720E-10    0.15510E-08   -0.66393E-09    0.00000E+00    0.00000E+00    0.00000E+00
    0.57800E+07    0.48463E-10    0.15386E-08   -0.65966E-09    0.00000E+00    0.00000E+00    0.00000E+00
    0.57850E+07    0.56932E-10    0.15253E-08   -0.65438E-09    0.00000E+00    0.00000E+00    0.00000E+00
    0.57900E+07    0.66133E-10    0.15110E-08   -0.64807E-09    0.00000E+00    0.00000E+00    0.00000E+00
    0.57950E+07    0.76070E-10    0.14957E-08   -0.64072E-09    0.00000E+00    0.00000E+00    0.00000E+00
    0.58000E+07    0.86746E-10    0.14795E-08   -0.63233E-09    0.00000E+00    0.00000E+00    0.00000E+00
    0.58050E+07    0.98165E-10    0.14623E-08   -0.62288E-09    0.00000E+00    0.00000E+00    0.00000E+00
    0.58100E+07    0.11033E-09    0.14443E-08   -0.61237E-09    0.00000E+00    0.00000E+00    0.00000E+00
    0.58150E+07    0.12323E-09    0.14254E-08   -0.60080E-09    0.00000E+00    0.00000E+00    0.00000E+00
    0.58200E+07    0.13687E-09    0.14056E-08   -0.58816E-09    0.00000E+00    0.00000E+00    0.00000E+00
    0.58250E+07    0.15126E-09    0.13850E-08   -0.57446E-09    0.00000E+00    0.00000E+00    0.00000E+00
    0.58300E+07    0.16637E-09    0.13635E-08   -0.55969E-09    0.00000E+00    0.00000E+00    0.00000E+00
    0.58350E+07    0.18222E-09    0.13413E-08   -0.54386E-09    0.00000E+00    0.00000E+00    0.00000E+00
    0.58400E+07    0.19878E-09    0.13183E-08   -0.52697E-09    0.00000E+00    0.00000E+00    0.00000E+00
    0.58450E+07    0.21606E-09    0.12945E-08   -0.50904E-09    0.00000E+00    0.00000E+00    0.00000E+00
    0.58500E+07    0.23404E-09    0.12700E-08   -0.49006E-09    0.00000E+00    0.00000E+00    0.00000E+00
    0.58550E+07    0.25270E-09    0.12449E-08   -0.47006E-09    0.00000E+00    0.00000E+00    0.00000E+00
    0.58600E+07    0.27205E-09    0.12191E-08   -0.44905E-09    0.00000E+00    0.00000E+00    0.00000E+00
    0.58636E+07    0.28620E-09    0.12004E-08   -0.43351E-09    0.00000E+00    0.00000E+00    0.00000E+00
    0.58636E+07    0.30337E-09    0.11711E-08   -0.45060E-09    0.00000E+00    0.00000E+00    0.00000E+00
    0.58668E+07    0.31830E-09    0.11526E-08   -0.43483E-09    0.00000E+00    0.00000E+00    0.00000E+00
    0.58700E+07    0.33359E-09    0.11339E-08   -0.41854E-09    0.00000E+00    0.00000E+00    0.00000E+00
    0.58750E+07    0.35799E-09    0.11044E-08   -0.39228E-09    0.00000E+00    0.00000E+00    0.00000E+00
    0.58800E+07    0.38322E-09    0.10743E-08   -0.36482E-09    0.00000E+00    0.00000E+00    0.00000E+00
    0.58850E+07    0.40927E-09    0.10438E-08   -0.33618E-09    0.00000E+00    0.00000E+00    0.00000E+00
    0.58900E+07    0.43610E-09    0.10129E-08   -0.30638E-09    0.00000E+00    0.00000E+00    0.00000E+00
    0.58950E+07    0.46369E-09    0.98158E-09   -0.27546E-09    0.00000E+00    0.00000E+00    0.00000E+00
    0.59000E+07    0.49202E-09    0.94991E-09   -0.24345E-09    0.00000E+00    0.00000E+00    0.00000E+00
    0.59050E+07    0.52106E-09    0.91795E-09   -0.21040E-09    0.00000E+00    0.00000E+00    0.00000E+00
    0.59100E+07    0.55078E-09    0.88574E-09   -0.17633E-09    0.00000E+00    0.00000E+00    0.00000E+00
    0.59150E+07    0.58113E-09    0.85332E-09   -0.14130E-09    0.00000E+00    0.00000E+00    0.00000E+00
    0.59200E+07    0.61209E-09    0.82076E-09   -0.10536E-09    0.00000E+00    0.00000E+00    0.00000E+00
    0.59250E+07    0.64362E-09    0.78811E-09   -0.68564E-10    0.00000E+00    0.00000E+00    0.00000E+00
    0.59300E+07    0.67567E-09    0.75541E-09   -0.30961E-10    0.00000E+00    0.00000E+00    0.00000E+00
    0.59350E+07    0.70819E-09    0.72273E-09    0.73863E-11    0.00000E+00    0.00000E+00    0.00000E+00
    0.59400E+07    0.74115E-09    0.69011E-09    0.46410E-10    0.00000E+00    0.00000E+00    0.00000E+00
    0.59450E+07    0.77448E-09    0.65761E-09    0.86049E-10    0.00000E+00    0.00000E+00    0.00000E+00
    0.59500E+07    0.80815E-09    0.62529E-09    0.12623E-09    0.00000E+00    0.00000E+00    0.00000E+00
    0.59529E+07    0.82770E-09    0.60675E-09    0.14962E-09    0.00000E+00    0.00000E+00    0.00000E+00
    0.59558E+07    0.84733E-09    0.58829E-09    0.17316E-09    0.00000E+00    0.00000E+00    0.00000E+00
    0.59558E+07    0.99354E-09    0.54484E-09    0.23938E-09    0.00000E+00    0.00000E+00    0.00000E+00
    0.59600E+07    0.10292E-08    0.51716E-09    0.28104E-09    0.00000E+00    0.00000E+00    0.00000E+00
    0.59650E+07    0.10714E-08    0.48484E-09    0.33049E-09    0.00000E+00    0.00000E+00    0.00000E+00
    0.59700E+07    0.11138E-08    0.45300E-09    0.38004E-09    0.00000E+00    0.00000E+00    0.00000E+00
    0.59750E+07    0.11562E-08    0.42172E-09    0.42955E-09    0.00000E+00    0.00000E+00    0.00000E+00
    0.59800E+07    0.11985E-08    0.39107E-09    0.47891E-09    0.00000E+00    0.00000E+00    0.00000E+00
    0.59850E+07    0.12407E-08    0.36112E-09    0.52798E-09    0.00000E+00    0.00000E+00    0.00000E+00
    0.59900E+07    0.12826E-08    0.33193E-09    0.57661E-09    0.00000E+00    0.00000E+00    0.00000E+00
    0.59950E+07    0.13240E-08    0.30358E-09    0.62466E-09    0.00000E+00    0.00000E+00    0.00000E+00
    0.60000E+07    0.13650E-08    0.27612E-09    0.67199E-09    0.00000E+00    0.00000E+00    0.00000E+00
    0.60050E+07    0.14054E-08    0.24963E-09    0.71845E-09    0.00000E+00    0.00000E+00    0.00000E+00
    0.60100E+07    0.14451E-08    0.22417E-09    0.76388E-09    0.00000E+00    0.00000E+00    0.00000E+00
    0.60150E+07    0.14840E-08    0.19980E-09    0.80815E-09    0.00000E+00    0.00000E+00    0.00000E+00
    0.60200E+07    0.15219E-08    0.17658E-09    0.85108E-09    0.00000E+00    0.00000E+00    0.00000E+00
    0.60250E+07    0.15587E-08    0.15458E-09    0.89253E-09    0.00000E+00    0.00000E+00    0.00000E+00
    0.60300E+07    0.15944E-08    0.13384E-09    0.93233E-09    0.00000E+00    0.00000E+00    0.00000E+00
    0.60350E+07    0.16288E-08    0.11443E-09    0.97034E-09    0.00000E+00    0.00000E+00    0.00000E+00
    0.60400E+07    0.16617E-08    0.96390E-10    0.10064E-08    0.00000E+00    0.00000E+00    0.00000E+00
    0.60450E+07    0.16932E-08    0.79777E-10    0.10404E-08    0.00000E+00    0.00000E+00    0.00000E+00
    0.60500E+07    0.17229E-08    0.64634E-10    0.10720E-08    0.00000E+00    0.00000E+00    0.00000E+00
    0.60550E+07    0.17510E-08    0.51005E-10    0.11013E-08    0.00000E+00    0.00000E+00    0.00000E+00
    0.60600E+07    0.17771E-08    0.38928E-10    0.11281E-08    0.00000E+00    0.00000E+00    0.00000E+00
    0.60650E+07    0.18013E-08    0.28440E-10    0.11521E-08    0.00000E+00    0.00000E+00    0.00000E+00
    0.60700E+07    0.18233E-08    0.19573E-10    0.11733E-08    0.00000E+00    0.00000E+00    0.00000E+00
    0.60750E+07    0.18432E-08    0.12355E-10    0.11915E-08    0.00000E+00    0.00000E+00    0.00000E+00
    0.60800E+07    0.18607E-08    0.68083E-11    0.12066E-08    0.00000E+00    0.00000E+00    0.00000E+00
    0.60850E+07    0.18758E-08    0.29538E-11    0.12185E-08    0.00000E+00    0.00000E+00    0.00000E+00
    0.60900E+07    0.18885E-08    0.80574E-12    0.12270E-08    0.00000E+00    0.00000E+00    0.00000E+00
    0.60950E+07    0.18985E-08    0.37439E-12    0.12321E-08    0.00000E+00    0.00000E+00    0.00000E+00
    0.61000E+07    0.19058E-08    0.16650E-11    0.12336E-08    0.00000E+00    0.00000E+00    0.00000E+00
    0.61050E+07    0.19104E-08    0.46779E-11    0.12315E-08    0.00000E+00    0.00000E+00    0.00000E+00
    0.61100E+07    0.19122E-08    0.94082E-11    0.12256E-08    0.00000E+00    0.00000E+00    0.00000E+00
    0.61150E+07    0.19111E-08    0.15846E-10    0.12160E-08    0.00000E+00    0.00000E+00    0.00000E+00
    0.61200E+07    0.19070E-08    0.23976E-10    0.12025E-08    0.00000E+00    0.00000E+00    0.00000E+00
    0.61250E+07    0.18999E-08    0.33778E-10    0.11850E-08    0.00000E+00    0.00000E+00    0.00000E+00
    0.61300E+07    0.18899E-08    0.45224E-10    0.11637E-08    0.00000E+00    0.00000E+00    0.00000E+00
    0.61350E+07    0.18767E-08    0.58285E-10    0.11383E-08    0.00000E+00    0.00000E+00    0.00000E+00
    0.61400E+07    0.18605E-08    0.72922E-10    0.11090E-08    0.00000E+00    0.00000E+00    0.00000E+00
    0.61450E+07    0.18412E-08    0.89093E-10    0.10757E-08    0.00000E+00    0.00000E+00    0.00000E+00
    0.61500E+07    0.18188E-08    0.10675E-09    0.10384E-08    0.00000E+00    0.00000E+00    0.00000E+00
    0.61550E+07    0.17934E-08    0.12584E-09    0.99725E-09    0.00000E+00    0.00000E+00    0.00000E+00
    0.61600E+07    0.17649E-08    0.14630E-09    0.95219E-09    0.00000E+00    0.00000E+00    0.00000E+00
    0.61650E+07    0.17335E-08    0.16807E-09    0.90331E-09    0.00000E+00    0.00000E+00    0.00000E+00
    0.61700E+07    0.16991E-08    0.19108E-09    0.85069E-09    0.00000E+00    0.00000E+00    0.00000E+00
    0.61750E+07    0.16618E-08    0.21525E-09    0.79445E-09    0.00000E+00    0.00000E+00    0.00000E+00
    0.61800E+07    0.16217E-08    0.24051E-09    0.73468E-09    0.00000E+00    0.00000E+00    0.00000E+00
    0.61850E+07    0.15789E-08    0.26676E-09    0.67153E-09    0.00000E+00    0.00000E+00    0.00000E+00
    0.61900E+07    0.15336E-08    0.29393E-09    0.60514E-09    0.00000E+00    0.00000E+00    0.00000E+00
    0.61950E+07    0.14857E-08    0.32192E-09    0.53568E-09    0.00000E+00    0.00000E+00    0.00000E+00
    0.62000E+07    0.14355E-08    0.35062E-09    0.46333E-09    0.00000E+00    0.00000E+00    0.00000E+00
    0.62049E+07    0.13838E-08    0.37958E-09    0.38921E-09    0.00000E+00    0.00000E+00    0.00000E+00
    0.62049E+07    0.14159E-08    0.38303E-09    0.41059E-09    0.00000E+00    0.00000E+00    0.00000E+00
    0.62075E+07    0.13801E-08    0.39949E-09    0.36942E-09    0.00000E+00    0.00000E+00    0.00000E+00
    0.62100E+07    0.13443E-08    0.41611E-09    0.32802E-09    0.00000E+00    0.00000E+00    0.00000E+00
    0.62150E+07    0.12734E-08    0.44932E-09    0.24570E-09    0.00000E+00    0.00000E+00    0.00000E+00
    0.62200E+07    0.12027E-08    0.48294E-09    0.16295E-09    0.00000E+00    0.00000E+00    0.00000E+00
    0.62250E+07    0.11324E-08    0.51684E-09    0.80069E-10    0.00000E+00    0.00000E+00    0.00000E+00
    0.62300E+07    0.10627E-08    0.55091E-09   -0.26551E-11    0.00000E+00    0.00000E+00    0.00000E+00
    0.62350E+07    0.99380E-09    0.58503E-09   -0.84939E-10    0.00000E+00    0.00000E+00    0.00000E+00
    0.62400E+07    0.92599E-09    0.61908E-09   -0.16651E-09    0.00000E+00    0.00000E+00    0.00000E+00
    0.62450E+07    0.85942E-09    0.65296E-09   -0.24709E-09    0.00000E+00    0.00000E+00    0.00000E+00
    0.62500E+07    0.79432E-09    0.68654E-09   -0.32641E-09    0.00000E+00    0.00000E+00    0.00000E+00
    0.62550E+07    0.73087E-09    0.71971E-09   -0.40422E-09    0.00000E+00    0.00000E+00    0.00000E+00
    0.62600E+07    0.66922E-09    0.75238E-09   -0.48027E-09    0.00000E+00    0.00000E+00    0.00000E+00
    0.62650E+07    0.60957E-09    0.78442E-09   -0.55432E-09    0.00000E+00    0.00000E+00    0.00000E+00
    0.62700E+07    0.55207E-09    0.81575E-09   -0.62615E-09    0.00000E+00    0.00000E+00    0.00000E+00
    0.62750E+07    0.49686E-09    0.84625E-09   -0.69553E-09    0.00000E+00    0.00000E+00    0.00000E+00
    0.62800E+07    0.44409E-09    0.87585E-09   -0.76226E-09    0.00000E+00    0.00000E+00    0.00000E+00
    0.62850E+07    0.39388E-09    0.90444E-09   -0.82615E-09    0.00000E+00    0.00000E+00    0.00000E+00
    0.62900E+07    0.34636E-09    0.93194E-09   -0.88700E-09    0.00000E+00    0.00000E+00    0.00000E+00
    0.62950E+07    0.30161E-09    0.95826E-09   -0.94467E-09    0.00000E+00    0.00000E+00    0.00000E+00
    0.63000E+07    0.25975E-09    0.98334E-09   -0.99898E-09    0.00000E+00    0.00000E+00    0.00000E+00
    0.63025E+07    0.24024E-09    0.99519E-09   -0.10244E-08    0.00000E+00    0.00000E+00    0.00000E+00
    0.63025E+07    0.19605E-09    0.10635E-08   -0.96272E-09    0.00000E+00    0.00000E+00    0.00000E+00
    0.63062E+07    0.17477E-09    0.10781E-08   -0.99535E-09    0.00000E+00    0.00000E+00    0.00000E+00
    0.63100E+07    0.15457E-09    0.10920E-08   -0.10266E-08    0.00000E+00    0.00000E+00    0.00000E+00
    0.63150E+07    0.12949E-09    0.11092E-08   -0.10658E-08    0.00000E+00    0.00000E+00    0.00000E+00
    0.63200E+07    0.10645E-09    0.11250E-08   -0.11023E-08    0.00000E+00    0.00000E+00    0.00000E+00
    0.63250E+07    0.85504E-10    0.11394E-08   -0.11361E-08    0.00000E+00    0.00000E+00    0.00000E+00
    0.63300E+07    0.66722E-10    0.11525E-08   -0.11670E-08    0.00000E+00    0.00000E+00    0.00000E+00
    0.63350E+07    0.50166E-10    0.11640E-08   -0.11949E-08    0.00000E+00    0.00000E+00    0.00000E+00
    0.63400E+07    0.35890E-10    0.11740E-08   -0.12198E-08    0.00000E+00    0.00000E+00    0.00000E+00
    0.63450E+07    0.23942E-10    0.11825E-08   -0.12415E-08    0.00000E+00    0.00000E+00    0.00000E+00
    0.63500E+07    0.14367E-10    0.11894E-08   -0.12600E-08    0.00000E+00    0.00000E+00    0.00000E+00
    0.63545E+07    0.78080E-11    0.11943E-08   -0.12738E-08    0.00000E+00    0.00000E+00    0.00000E+00
    0.63590E+07    0.32229E-11    0.11979E-08   -0.12849E-08    0.00000E+00    0.00000E+00    0.00000E+00
    0.63590E+07    0.71625E-11    0.82753E-09   -0.16468E-08    0.00000E+00    0.00000E+00    0.00000E+00
    0.63600E+07    0.52462E-11    0.82834E-09   -0.16503E-08    0.00000E+00    0.00000E+00    0.00000E+00
    0.63629E+07    0.13700E-11    0.83020E-09   -0.16586E-08    0.00000E+00    0.00000E+00    0.00000E+00
    0.63658E+07    0.24269E-14    0.83130E-09   -0.16639E-08    0.00000E+00    0.00000E+00    0.00000E+00
    0.63658E+07    0.31443E-12    0.10287E-09   -0.21381E-08    0.00000E+00    0.00000E+00    0.00000E+00
    0.63660E+07    0.98152E-27    0.10289E-09   -0.21385E-08    0.00000E+00    0.00000E+00    0.00000E+00
    0.63660E+07    0.00000E+00    0.00000E+00    0.00000E+00    0.00000E+00    0.00000E+00    0.00000E+00
    0.63710E+07    0.00000E+00    0.00000E+00    0.00000E+00    0.00000E+00    0.00000E+00    0.00000E+00
